date,state,dataQualityGrade,death,deathConfirmed,deathIncrease,deathProbable,hospitalized,hospitalizedCumulative,hospitalizedCurrently,hospitalizedIncrease,inIcuCumulative,inIcuCurrently,negative,negativeIncrease,negativeTestsAntibody,negativeTestsPeopleAntibody,negativeTestsViral,onVentilatorCumulative,onVentilatorCurrently,positive,positiveCasesViral,positiveIncrease,positiveScore,positiveTestsAntibody,positiveTestsAntigen,positiveTestsPeopleAntibody,positiveTestsPeopleAntigen,positiveTestsViral,recovered,totalTestEncountersViral,totalTestEncountersViralIncrease,totalTestResults,totalTestResultsIncrease,totalTestsAntibody,totalTestsAntigen,totalTestsPeopleAntibody,totalTestsPeopleAntigen,totalTestsPeopleViral,totalTestsPeopleViralIncrease,totalTestsViral,totalTestsViralIncrease
12/18/20,AK,A,183,183,0,,928,928,142,7,,,1143017,8712,,,1133565,,13,41905,,487,0,,,,,50044,7165,,0,1184922,9199,,,,,,0,1184922,9199
12/18/20,AL,A,4296,3772,42,524,30224,30224,2447,665,2384,,1507204,7855,,,,1371,,315683,257546,5348,0,,,,,,183625,,0,1764750,12037,,,80872,,1764750,12037,,0
12/18/20,AR,A+,3139,2776,27,363,10430,10430,1073,73,,368,1746014,11752,,,1746014,1132,181,197421,167434,2878,0,,3300,,36355,,171864,,0,1913448,13674,,21856,,198712,,0,1913448,13674
12/18/20,AS,D,0,,0,,,,,0,,,2140,0,,,,,,0,0,0,0,,,,,,,,0,2140,0,,,,,,0,2140,0
12/18/20,AZ,A+,7819,7142,142,677,32293,32293,3931,442,,915,2181193,15289,,,,,601,442671,424599,7635,0,,,,,,65350,,0,4514548,51882,381780,,,,2605792,22398,4514548,51882
12/18/20,CA,B,22160,,300,,,,16965,0,,3553,26976653,243657,,,,,,1764374,1764374,41012,0,,,,,,,,0,28741027,284669,,,,,,0,28741027,284669
12/18/20,CO,A,4259,3655,33,604,17020,17020,1476,316,,,1720956,10585,226960,,,,,304107,291658,3693,0,25547,,,,,16062,3971864,47792,3971864,47792,252507,,,,2012614,14138,,0
12/18/20,CT,C,5581,4514,29,1067,12257,12257,1167,0,,,3782866,36474,,,,,,162782,153203,2680,0,,,,,,9800,,0,3945648,39154,,49816,,,,0,3936069,39128
12/18/20,DC,A+,728,,3,,,,249,0,,73,786798,8421,,,,,32,26104,,274,0,,,,,,18743,812902,8695,812902,8695,,,,,338359,1913,,0
12/18/20,DE,A+,854,755,9,99,,,407,0,,68,428997,1090,,,,,,49109,47234,341,0,,,,,50385,18851,882919,8332,882919,8332,,,,,478106,1431,,0
12/18/20,FL,A,20690,,96,,60392,60392,5172,315,,,6966477,43646,578113,560932,11255137,,,1161953,1023305,12827,0,71851,,69600,,1509649,,14394820,132680,14394820,132680,650372,,630838,,8128430,56473,12822059,121436
12/18/20,GA,A+,10332,9396,38,936,39064,39064,4421,346,7009,,4403781,41784,,,,,,500265,500265,6092,0,41588,,,76272,471410,,,0,4904046,47876,387135,,,,,0,4904046,47876
12/18/20,GU,B,119,,0,,,,25,0,,9,85548,379,,,,,5,7193,7026,10,0,17,224,,,,6613,,0,92741,389,321,4876,,,,0,92574,388
12/18/20,HI,B,281,,1,,1655,1655,52,7,,14,295153,0,,,,,7,20257,19859,162,0,,,,,19769,11958,758327,4720,758327,4720,,,,,308090,0,,0
12/18/20,IA,A+,3451,,0,,,,701,0,,136,911604,2347,,75508,1849920,,80,227989,227989,1524,0,,39127,7247,36718,246945,208802,,0,1139593,3871,,730761,82795,165614,1141812,3869,2107647,13159
12/18/20,ID,A,1259,1121,28,138,5021,5021,467,56,918,118,413227,3180,,,,,,126878,105898,1426,0,,,,,,49318,,0,519125,4325,,52274,,,519125,4325,808130,8605
12/18/20,IL,A,16206,15015,221,1191,,,4690,0,,1023,11372790,104915,,,,,589,886805,447491,7377,0,,,,,,,,0,12259595,112292,,,,,,0,12259595,112292
12/18/20,IN,A+,7265,6944,85,321,32042,32042,3065,222,5637,674,2039231,8687,,,,,370,453139,,5949,0,,,,,410895,281473,,0,5157016,54022,,,,,2492370,14636,5157016,54022
12/18/20,KS,A+,2341,,88,,6175,6175,688,125,1658,189,730380,6684,,,,411,92,200426,,5857,0,,,,,,4125,,0,930806,12541,,,,,930806,12541,,0
12/18/20,KY,B,2344,2208,28,136,12184,12184,1712,55,2832,410,2796131,17564,,,,,227,237190,192448,3169,0,,,,,,33665,,0,2988579,19735,99421,144001,,,,0,2988579,19735
12/18/20,LA,A,6994,6664,30,330,,,1547,0,,,3643080,25577,,,,,179,282434,259903,3113,0,,,,,,232725,,0,3925514,28690,,172616,,,,0,3902983,27997
12/18/20,MA,A+,11610,11358,52,252,15372,15372,1874,0,,370,3470184,26296,,,,,204,314926,302933,5679,0,,,12560,,371377,206843,,0,10007766,106034,,,137188,315192,3773117,31928,10007766,106034
12/18/20,MD,A,5358,5188,39,170,24310,24310,1686,174,,399,2387177,12635,,150832,,,,246553,246553,2569,0,,,17546,,296808,9064,,0,5205154,44178,,,168378,,2633730,15204,5205154,44178
12/18/20,ME,A+,281,277,5,4,965,965,191,7,,46,1007303,8863,12759,,1001811,,17,18337,15942,436,0,503,2403,,,20820,10744,,0,1025640,9299,13274,56491,,,,0,1023245,9229
12/18/20,MI,A+,11868,11274,67,594,,,3284,0,,758,7146593,46288,,,7146593,,466,491875,454956,4519,0,,,,,577410,236369,,0,7638468,50807,405263,,,,,0,7724003,50919
12/18/20,MN,A,4723,4594,65,129,20323,20323,1144,151,4383,270,2446226,15538,,,,,,391889,380230,2718,0,,,,,,360868,4923927,58047,4923927,58047,,172841,,,2826456,17926,,0
12/18/20,MO,A+,4853,,19,,,,2616,0,,606,1607366,6779,92443,85581,3026898,,321,360330,360330,3723,0,10992,33478,10549,,398032,,,0,3431791,24631,103648,273849,97201,128665,1967696,10502,3431791,24631
12/18/20,MP,D,2,2,0,,4,4,,0,,,17429,0,,,,,,115,115,2,0,,,,,,29,,0,17544,2,,,,,17542,0,26131,0
12/18/20,MS,A+,4354,3615,34,739,7901,7901,1318,0,,319,1079660,0,,,,,190,190411,137808,2507,0,95,,,,,148466,,0,1270071,2507,57605,336269,,,,0,1213929,0
12/18/20,MT,A,854,,5,,3226,3226,275,27,,63,671810,4753,,,,,35,75992,75992,509,0,,,,,,65873,,0,747802,5262,,,,,,0,747802,5262
12/18/20,NC,A+,6125,5842,60,283,,,2824,0,,619,5800623,74799,,,,,,466104,431219,8444,0,,,,,,365273,,0,6266727,83243,,209865,,,,0,6231842,82197
12/18/20,ND,B,1231,,21,,3349,3349,144,276,496,16,280865,977,11953,,,,,89557,87227,494,0,1442,,,,,85271,1193656,7502,1193656,7502,13395,,,,368092,1417,1257587,8186
12/18/20,NE,A,1453,,5,,4930,4930,602,22,,,658073,2529,,,1432281,,,153400,153400,1297,0,,,,,175286,88176,,0,1609385,13408,,,,,811867,3824,1609385,13408
12/18/20,NH,C,638,,9,,881,881,273,4,295,,444695,2895,,,,,,34960,34960,696,0,,,,8147,,27459,,0,949737,9667,35217,39026,34196,,479655,3591,949737,9667
12/18/20,NJ,A,18124,16216,44,1908,44889,44889,3582,287,,715,6672479,141939,,,,,480,423226,423226,3896,0,,,,,,50629,,0,7095705,145835,,,,,,0,7095705,150090
12/18/20,NM,A,2128,,31,,8571,8571,889,163,,,1681793,11235,,,,,,127500,127500,1455,0,,,,,,52137,,0,1809293,12690,,,,,,0,1809293,12690
12/18/20,NV,A,2708,,35,,,,1951,0,,433,897585,3587,,,,,286,199257,199257,2878,0,,,,,,,1916048,15645,1916048,15645,,,,,1096842,6465,1154583,0
12/18/20,NY,B,28344,,122,,89995,89995,6081,0,,1068,22101265,236688,,,,,592,828166,828166,12697,0,,,,,,94057,22929431,249385,22929431,249385,,,,,,0,,0
12/18/20,OH,A+,7967,7298,73,669,34143,34143,4940,398,5429,1172,6571202,59615,,,,,817,605862,550468,9684,0,,,,,,430621,,0,7177064,69299,,,,,,0,7121670,67397
12/18/20,OK,A+,2161,,17,,14970,14970,1733,149,,460,2192087,33450,,,2192087,,,251760,251760,3556,0,7147,,,,250641,217534,,0,2443847,37006,101297,,,,,0,2447260,44143
12/18/20,OR,A+,1304,,21,,5837,5837,587,92,,120,2315496,21619,,,2275649,,62,100308,74629,1372,0,,,,,140155,5870,,0,2415804,22991,,,,,,0,2415804,22991
12/18/20,PA,A+,13608,,216,,,,6147,0,,1232,3118874,17110,,,,,745,538655,490362,9320,0,,,,,,323193,,0,3657529,26430,,,,,3609236,25662,6677733,0
12/18/20,PR,B,1333,1094,10,239,,,575,0,,97,305972,0,,,303412,,96,66132,63075,1381,0,49060,,,,7002,55628,,0,372104,1381,,,,,,0,310546,0
12/18/20,RI,A+,1625,,23,,5822,5822,459,56,,56,519811,1157,,,1723464,,29,77812,77812,522,0,,,,,93896,4761,1817360,11156,1817360,11156,,,,,597623,1679,,0
12/18/20,SC,A+,4872,4512,29,360,13267,13267,1460,88,,315,2577819,32571,84768,,2502705,,143,267076,247361,4302,0,14106,36475,,,322475,133902,,0,2844895,36873,98874,326401,,,,0,2825180,36349
12/18/20,SD,A+,1329,,28,,5348,5348,387,31,,73,264794,1075,,,,,41,93772,85910,575,0,,,,,,83670,,0,358566,1650,,,,,358566,1650,707698,5108
12/18/20,TN,A+,5845,5195,0,650,13537,13537,3165,0,,780,4703628,0,,,4631204,,399,493230,444105,0,0,,51639,,,516529,418724,,0,5196858,0,,483905,,,,0,5147733,0
12/18/20,TX,A,24954,,294,,,,9709,0,,2739,11147868,75079,,,,,,1555981,1384476,16792,0,72492,80939,,,1513343,1245339,,0,12532344,88332,639270,977880,,,,0,12532344,88332
12/18/20,UT,A+,1140,,14,,9883,9883,549,92,1707,206,1246575,5506,,,1850222,605,,246562,223270,2644,0,,25905,,24869,241472,188846,,0,2091694,15499,,355690,,153950,1469845,7592,2091694,15499
12/18/20,VA,A+,4598,4164,45,434,16684,16684,2409,181,,510,3574684,18616,,,,,254,299388,256999,3295,0,,,,,308734,27471,3831683,20893,3831683,20893,,,,,,0,,0
12/18/20,VI,D,23,23,0,,,,,0,,,30908,323,,,,,,1900,,22,0,,,,,,1691,,0,32808,345,,,,,,0,32903,321
12/18/20,VT,B,107,107,2,,,,29,0,,10,242897,1589,,,,,,6243,6089,94,0,,,,,,3970,,0,640896,7450,,,,,248986,1682,640896,7450
12/18/20,WA,B,3117,3117,75,,13235,13235,1231,161,,273,2556060,-670238,,,,,150,217205,209344,2940,0,,,,,,,2765404,-667488,2765404,-667488,,,,,,0,,0
12/18/20,WI,A+,4632,4315,71,317,19930,19930,1330,145,1968,290,2281130,7194,,,,,,486364,451676,3921,0,,,,,,408367,5004584,38347,5004584,38347,,,,,2732806,10429,,0
12/18/20,WV,B,1091,998,20,93,,,753,0,,193,1307321,10851,,,,,82,69751,57853,1266,0,,,,,,46632,,0,1377072,12117,24161,,,,,0,1365174,11827
12/18/20,WY,B,351,,0,,1001,1001,157,18,,,153505,379,,,427157,,,41359,35760,766,0,,,,,36505,38544,,0,463753,6541,,,,,189265,1026,463753,6541
12/17/20,AK,A,183,183,2,,921,921,140,0,,,1134305,9201,,,1124849,,14,41418,,377,0,,,,,49566,7165,,0,1175723,9578,,,,,,0,1175723,9578
12/17/20,AL,A,4254,3745,56,509,29559,29559,2425,0,2383,,1499349,8070,,,,1369,,310335,253364,4695,0,,,,,,183625,,0,1752713,11585,,,80026,,1752713,11585,,0
12/17/20,AR,A+,3112,2755,38,357,10357,10357,1084,127,,374,1734262,11404,,,1734262,1125,188,194543,165512,3039,0,,3300,,35233,,169745,,0,1899774,13686,,21856,,194199,,0,1899774,13686
12/17/20,AS,D,0,,0,,,,,0,,,2140,0,,,,,,0,0,0,0,,,,,,,,0,2140,0,,,,,,0,2140,0
12/17/20,AZ,A+,7677,7040,147,637,31851,31851,3884,383,,899,2165904,17714,,,,,618,435036,417490,5817,0,,,,,,64500,,0,4462666,53583,381042,,,,2583394,22754,4462666,53583
12/17/20,CA,B,21860,,379,,,,16426,0,,3392,26732996,254487,,,,,,1723362,1723362,52281,0,,,,,,,,0,28456358,306768,,,,,,0,28456358,306768
12/17/20,CO,A,4226,3633,70,593,16704,16704,1509,90,,,1710371,9158,218820,,,,,300414,288105,3698,0,23888,,,,,15874,3924072,46805,3924072,46805,247453,,,,1998476,12726,,0
12/17/20,CT,C,5552,4489,46,1063,12257,12257,1205,0,,,3746392,33782,,,,,,160102,150549,2321,0,,,,,,9800,,0,3906494,36103,,49816,,,,0,3896941,35948
12/17/20,DC,A+,725,,5,,,,246,0,,80,778377,5591,,,,,34,25830,,228,0,,,,,,18582,804207,5819,804207,5819,,,,,336446,1447,,0
12/17/20,DE,A+,845,745,12,100,,,407,0,,58,427907,2343,,,,,,48768,46897,839,0,,,,,49471,18851,874587,10563,874587,10563,,,,,476675,3182,,0
12/17/20,FL,A,20594,,104,,60077,60077,5122,326,,,6922831,46794,578113,560932,11150780,,,1149126,1014615,13102,0,71851,,69600,,1492914,,14262140,131562,14262140,131562,650372,,630838,,8071957,59896,12700623,114068
12/17/20,GA,A+,10294,9358,66,936,38718,38718,3352,300,6967,,4361997,32427,,,,,,494173,494173,5835,0,41051,,,74223,465049,,,0,4856170,38262,385298,,,,,0,4856170,38262
12/17/20,GU,B,119,,0,,,,30,0,,9,85169,422,,,,,6,7183,7017,15,0,17,178,,,,6580,,0,92352,437,321,4849,,,,0,92186,435
12/17/20,HI,B,280,,2,,1648,1648,53,277,,14,295153,0,,,,,7,20095,19731,141,0,,,,,19647,11958,753607,5698,753607,5698,,,,,308090,0,,0
12/17/20,IA,A+,3451,,97,,,,746,0,,146,909257,3125,,75164,1838477,,87,226465,226465,1415,0,,38487,7051,36114,245334,204861,,0,1135722,4540,,717403,82255,163502,1137943,4531,2094488,13174
12/17/20,ID,A,1231,1104,17,127,4965,4965,470,57,908,109,410047,2243,,,,,,125452,104753,1433,0,,,,,,48752,,0,514800,3256,,45753,,,514800,3256,799525,9731
12/17/20,IL,A,15985,14835,208,1150,,,4804,0,,1063,11267875,83187,,,,,575,879428,447491,8828,0,,,,,,,,0,12147303,92015,,,,,,0,12147303,92015
12/17/20,IN,A+,7180,6860,79,320,31820,31820,3147,245,5605,683,2030544,9832,,,,,382,447190,,6340,0,,,,,405471,276505,,0,5102994,52831,,,,,2477734,16172,5102994,52831
12/17/20,KS,A+,2253,,0,,6050,6050,858,0,1628,228,723696,0,,,,409,111,194569,,0,0,,,,,,4051,,0,918265,0,,,,,918265,0,,0
12/17/20,KY,B,2316,2183,54,133,12129,12129,1817,403,2830,431,2778567,26167,,,,,254,234021,190277,3328,0,,,,,,33666,,0,2968844,28747,99173,139752,,,,0,2968844,28747
12/17/20,LA,A,6964,6637,31,327,,,1602,0,,,3617503,29415,,,,,169,279321,257483,3776,0,,,,,,232725,,0,3896824,33191,,168007,,,,0,3874986,32409
12/17/20,MA,A+,11558,11305,45,253,15372,15372,1871,549,,383,3443888,19121,,,,,207,309247,297301,5135,0,,,12560,,364785,206843,,0,9901732,92627,,,137188,312716,3741189,24106,9901732,92627
12/17/20,MD,A,5319,5152,49,167,24136,24136,1702,228,,394,2374542,8698,,150832,,,,243984,243984,2217,0,,,17546,,293698,9044,,0,5160976,29546,,,168378,,2618526,10915,5160976,29546
12/17/20,ME,A+,276,272,9,4,958,958,191,24,,46,998440,7573,12727,,992229,,17,17901,15576,590,0,495,2229,,,20500,10688,,0,1016341,8163,13234,52295,,,,0,1014016,8007
12/17/20,MI,A+,11801,11212,213,589,,,3395,0,,780,7100305,48529,,,7100305,,461,487356,450776,4541,0,,,,,572779,236369,,0,7587661,53070,402979,,,,,0,7673084,53747
12/17/20,MN,A,4658,4534,83,124,20172,20172,1222,192,4353,289,2430688,12297,,,,,,389171,377842,2759,0,,,,,,358667,4865880,42028,4865880,42028,,167249,,,2808530,14637,,0
12/17/20,MO,A+,4834,,35,,,,2536,0,,584,1600587,6928,91958,85581,3006347,,316,356607,356607,3569,0,10742,32320,10549,,394017,,,0,3407160,25516,102913,258424,96593,124012,1957194,10497,3407160,25516
12/17/20,MP,D,2,2,0,,4,4,,0,,,17429,0,,,,,,113,113,0,0,,,,,,29,,0,17542,0,,,,,17542,0,26131,0
12/17/20,MS,A+,4320,3594,26,726,7901,7901,1293,0,,315,1079660,0,,,,,193,187904,136835,2261,0,95,,,,,148466,,0,1267564,2261,57605,336269,,,,0,1213929,0
12/17/20,MT,A,849,,13,,3199,3199,306,46,,64,667057,5642,,,,,29,75483,75483,839,0,,,,,,65393,,0,742540,6481,,,,,,0,742540,6481
12/17/20,NC,A+,6065,5788,86,277,,,2804,0,,620,5725824,38853,,,,,,457660,423821,5786,0,,,,,,365273,,0,6183484,44639,,203947,,,,0,6149645,43443
12/17/20,ND,B,1210,,10,,3073,3073,148,0,479,48,279888,744,11953,,,,,89063,86787,377,0,1442,,,,,84875,1186154,6486,1186154,6486,13395,,,,366675,1066,1249401,7162
12/17/20,NE,A,1448,,10,,4908,4908,646,24,,,655544,2390,,,1420527,,,152103,152103,1242,0,,,,,173638,85915,,0,1595977,13736,,,,,808043,3640,1595977,13736
12/17/20,NH,C,629,,4,,877,877,284,7,293,,441800,1887,,,,,,34264,34264,831,0,,,,7952,,26707,,0,940070,7541,35141,38368,34129,,476064,2718,940070,7541
12/17/20,NJ,A,18080,16172,77,1908,44602,44602,3637,141,,726,6530540,0,,,,,488,419330,419330,4255,0,,,,,,50167,,0,6949870,4255,,,,,,0,6945615,0
12/17/20,NM,A,2097,,48,,8408,8408,852,109,,,1670558,27507,,,,,,126045,126045,1688,0,,,,,,50784,,0,1796603,29195,,,,,,0,1796603,29195
12/17/20,NV,A,2673,,20,,,,1975,0,,416,893998,3526,,,,,282,196379,196379,2281,0,,,,,,,1900403,14474,1900403,14474,,,,,1090377,5807,1154583,0
12/17/20,NY,B,28222,,122,,89995,89995,6147,0,,1095,21864577,191858,,,,,611,815469,815469,10914,0,,,,,,93418,22680046,202772,22680046,202772,,,,,,0,,0
12/17/20,OH,A+,7894,7241,117,653,33745,33745,5018,370,5382,1211,6511587,55884,,,,,838,596178,542686,11412,0,,,,,,426525,,0,7107765,67296,,,,,,0,7054273,65271
12/17/20,OK,A+,2144,,16,,14821,14821,1699,156,,481,2158637,0,,,2158637,,,248204,248204,2975,0,7147,,,,244480,214290,,0,2406841,2975,101297,,,,,0,2403117,0
12/17/20,OR,A+,1283,,21,,5745,5745,587,66,,120,2293877,23090,,,2254227,,62,98936,74629,1314,0,,,,,138586,5870,,0,2392813,24404,,,,,,0,2392813,24404
12/17/20,PA,A+,13392,,224,,,,6209,0,,1246,3101764,15705,,,,,745,529335,481810,9966,0,,,,,,317601,,0,3631099,25671,,,,,3583574,24321,6677733,62914
12/17/20,PR,B,1323,1086,11,237,,,602,0,,99,305972,0,,,303412,,100,64751,61783,1065,0,48083,,,,7002,55479,,0,370723,1065,,,,,,0,310546,0
12/17/20,RI,A+,1602,,12,,5766,5766,479,66,,59,518654,3165,,,1712915,,29,77290,77290,1081,0,,,,,93289,4695,1806204,19541,1806204,19541,,,,,595944,4246,,0
12/17/20,SC,A+,4843,4484,43,359,13179,13179,1524,109,,333,2545248,13693,84169,,2470876,,113,262774,243583,2655,0,13910,35556,,,317955,132358,,0,2808022,16348,98079,319131,,,,0,2788831,15805
12/17/20,SD,A+,1301,,1,,5317,5317,406,52,,77,263719,708,,,,,41,93197,85474,594,0,,,,,,83140,,0,356916,1302,,,,,356916,1302,702590,5900
12/17/20,TN,A+,5845,5195,177,650,13537,13537,3165,100,,780,4703628,26626,,,4631204,,399,493230,444105,8945,0,,51639,,,516529,418724,,0,5196858,35571,,483905,,,,0,5147733,32933
12/17/20,TX,A,24660,,266,,,,9628,0,,2771,11072789,80445,,,,,,1539189,1371223,19849,0,71064,79073,,,1500558,1216415,,0,12444012,83703,627702,957887,,,,0,12444012,83703
12/17/20,UT,A+,1126,,30,,9791,9791,571,99,1694,211,1241069,6657,,,1837001,601,,243918,221184,3203,0,,25385,,24379,239194,186564,,0,2076195,17289,,346282,,150995,1462253,9328,2076195,17289
12/17/20,VA,A+,4553,4126,45,427,16503,16503,2399,150,,490,3556068,27936,,,,,246,296093,254722,3853,0,,,,,306207,27307,3810790,30764,3810790,30764,,,,,,0,,0
12/17/20,VI,D,23,23,0,,,,,0,,,30585,769,,,,,,1878,,50,0,,,,,,1667,,0,32463,819,,,,,,0,32582,842
12/17/20,VT,B,105,105,0,,,,26,0,,3,241308,1139,,,,,,6149,5996,140,0,,,,,,3897,,0,633446,5086,,,,,247304,1275,633446,5086
12/17/20,WA,B,3042,3042,89,,13074,13074,1233,301,,279,3226298,19691,,,,,141,214265,206594,61,0,,,,,,,3432892,21216,3432892,21216,,,,,,0,,0
12/17/20,WI,A+,4561,4255,68,306,19785,19785,1363,129,1963,298,2273936,7295,,,,,,482443,448441,4281,0,,,,,,403706,4966237,38534,4966237,38534,,,,,2722377,10938,,0
12/17/20,WV,B,1071,983,32,88,,,781,0,,206,1296470,12905,,,,,84,68485,56877,1636,0,,,,,,45582,,0,1364955,14541,23993,,,,,0,1353347,14246
12/17/20,WY,B,351,,23,,983,983,169,7,,,153126,903,,,420938,,,40593,35113,283,0,,,,,36183,37953,,0,457212,-604,,,,,188239,1133,457212,-604
12/16/20,AK,A,181,181,2,,921,921,146,13,,,1125104,7675,,,1115724,,15,41041,,603,0,,,,,49120,7165,,0,1166145,8278,,,,,,0,1166145,8278
12/16/20,AL,A,4198,3704,74,494,29559,29559,2310,300,2380,,1491279,6097,,,,1364,,305640,249849,4107,0,,,,,,183625,,0,1741128,8943,,,79047,,1741128,8943,,0
12/16/20,AR,A+,3074,2725,58,349,10230,10230,1079,134,,399,1722858,9979,,,1722858,1117,184,191504,163230,2306,0,,3300,,34344,,167631,,0,1886088,11617,,21856,,187871,,0,1886088,11617
12/16/20,AS,D,0,,0,,,,,0,,,2140,0,,,,,,0,0,0,0,,,,,,,,0,2140,0,,,,,,0,2140,0
12/16/20,AZ,A+,7530,6919,108,611,31468,31468,3809,202,,882,2148190,11008,,,,,602,429219,412450,4837,0,,,,,,63697,,0,4409083,34631,379855,,,,2560640,15314,4409083,34631
12/16/20,CA,B,21481,,293,,,,15886,0,,3297,26478509,250813,,,,,,1671081,1671081,53711,0,,,,,,,,0,28149590,304524,,,,,,0,28149590,304524
12/16/20,CO,A,4156,3570,71,586,16614,16614,1554,127,,,1701213,6874,215771,,,,,296716,284537,3334,0,23298,,,,,15696,3877267,35442,3877267,35442,242708,,,,1985750,10065,,0
12/16/20,CT,C,5506,4449,40,1057,12257,12257,1254,0,,,3712610,29008,,,,,,157781,148383,2319,0,,,,,,9800,,0,3870391,31327,,49816,,,,0,3860993,31277
12/16/20,DC,A+,720,,0,,,,245,0,,73,772786,6141,,,,,26,25602,,263,0,,,,,,18392,798388,6404,798388,6404,,,,,334999,1701,,0
12/16/20,DE,A+,833,735,7,98,,,400,0,,54,425564,2535,,,,,,47929,46116,787,0,,,,,48504,18851,864024,9676,864024,9676,,,,,473493,3322,,0
12/16/20,FL,A,20490,,125,,59751,59751,5156,366,,,6876037,39035,578113,560932,11053512,,,1136024,1005010,11282,0,71851,,69600,,1476473,,14130578,108401,14130578,108401,650372,,630838,,8012061,50317,12586555,103137
12/16/20,GA,A+,10228,9302,68,926,38418,38418,3352,307,6936,,4329570,19247,,,,,,488338,488338,4186,0,40546,,,72281,459748,,,0,4817908,23433,383471,,,,,0,4817908,23433
12/16/20,GU,B,119,,0,,,,28,0,,9,84747,287,,,,,5,7168,7004,19,0,17,178,,,,6513,,0,91915,306,321,4761,,,,0,91751,303
12/16/20,HI,B,278,,4,,1371,1371,60,7,,19,295153,0,,,,,18,19954,19590,110,0,,,,,19519,11958,747909,3662,747909,3662,,,,,308090,0,,0
12/16/20,IA,A+,3354,,14,,,,776,0,,152,906132,2559,,74873,1826895,,85,225050,225050,1539,0,,38061,6790,35724,243800,200792,,0,1131182,4098,,708292,81703,162641,1133412,4087,2081314,16014
12/16/20,ID,A,1214,1088,20,126,4908,4908,444,81,895,101,407804,2765,,,,,,124019,103740,1802,0,,,,,,48070,,0,511544,4165,,45753,,,511544,4165,789794,6081
12/16/20,IL,A,15777,14655,190,1122,,,4793,0,,1045,11184688,86155,,,,,590,870600,447491,7123,0,,,,,,,,0,12055288,93278,,,,,,0,12055288,93278
12/16/20,IN,A+,7101,6781,133,320,31575,31575,3192,251,5564,852,2020712,8803,,,,,380,440850,,6208,0,,,,,399796,275246,,0,5050163,49885,,,,,2461562,15011,5050163,49885
12/16/20,KS,A+,2253,,144,,6050,6050,858,155,1628,228,723696,9982,,,,409,111,194569,,4551,0,,,,,,4051,,0,918265,14533,,,,,918265,14533,,0
12/16/20,KY,B,2262,2133,23,129,11726,11726,1793,137,2759,460,2752400,13172,,,,,239,230693,187697,2875,0,,,,,,32402,,0,2940097,14968,98848,136923,,,,0,2940097,14968
12/16/20,LA,A,6933,6607,38,326,,,1584,0,,,3588088,22115,,,,,167,275545,254489,3269,0,,,,,,232725,,0,3863633,25384,,163264,,,,0,3842577,24145
12/16/20,MA,A+,11513,11261,70,252,14823,14823,1851,0,,382,3424767,22774,,,,,205,304112,292316,5952,0,,,12349,,358906,187221,,0,9809105,124172,,,135208,309136,3717083,28224,9809105,124172
12/16/20,MD,A,5270,5103,64,167,23908,23908,1762,197,,399,2365844,11329,,150832,,,,241767,241767,2405,0,,,17546,,290913,8966,,0,5131430,36858,,,168378,,2607611,13734,5131430,36858
12/16/20,ME,A+,267,263,2,4,934,934,187,25,,46,990867,8336,12705,,985229,,18,17311,15142,551,0,487,2219,,,20173,10650,,0,1008178,8887,13204,51841,,,,0,1006009,8788
12/16/20,MI,A+,11588,11018,93,570,,,3571,0,,818,7051776,49795,,,7051776,,476,482815,446752,4644,0,,,,,567561,236369,,0,7534591,54439,400859,,,,,0,7619337,55380
12/16/20,MN,A,4575,4455,92,120,19980,19980,1277,195,4323,304,2418391,4632,,,,,,386412,375502,2248,0,,,,,,356384,4823852,16534,4823852,16534,,161618,,,2793893,6642,,0
12/16/20,MO,A+,4799,,45,,,,2529,0,,604,1593659,4017,91576,85581,2984963,,324,353038,353038,2673,0,10549,31551,10549,,389956,,,0,3381644,15675,102338,251604,96130,121748,1946697,6690,3381644,15675
12/16/20,MP,D,2,2,0,,4,4,,0,,,17429,0,,,,,,113,113,0,0,,,,,,29,,0,17542,0,,,,,17542,0,26131,0
12/16/20,MS,A+,4294,3581,42,713,7901,7901,1316,0,,321,1079660,0,,,,,193,185643,136002,2343,0,95,,,,,148466,,0,1265303,2343,57605,336269,,,,0,1213929,0
12/16/20,MT,A,836,,10,,3153,3153,311,34,,65,661415,2716,,,,,35,74644,74644,604,0,,,,,,64737,,0,736059,3320,,,,,,0,736059,3320
12/16/20,NC,A+,5979,5714,98,265,,,2811,0,,646,5686971,35847,,,,,,451874,419231,5273,0,,,,,,365273,,0,6138845,41120,,198646,,,,0,6106202,39998
12/16/20,ND,B,1200,,24,,3073,3073,160,0,479,48,279144,526,11953,,,,,88686,86465,291,0,1442,,,,,84535,1179668,4494,1179668,4494,13395,,,,365609,761,1242239,4889
12/16/20,NE,A,1438,,20,,4884,4884,677,53,,,653154,2256,,,1408366,,,150861,150861,1517,0,,,,,172124,85127,,0,1582241,19497,,,,,804403,3772,1582241,19497
12/16/20,NH,B,625,,21,,870,870,286,7,292,,439913,1421,,,,,,33433,33433,888,0,,,,7665,,26128,,0,932529,5919,35061,37554,34058,,473346,2309,932529,5919
12/16/20,NJ,A,18003,16095,131,1908,44461,44461,3672,325,,721,6530540,69631,,,,,482,415075,415075,5661,0,,,,,,49695,,0,6945615,75292,,,,,,0,6945615,75292
12/16/20,NM,A,2049,,43,,8299,8299,838,160,,,1643051,10182,,,,,,124357,124357,1800,0,,,,,,49609,,0,1767408,11982,,,,,,0,1767408,11982
12/16/20,NV,A,2653,,57,,,,1550,0,,329,890472,3599,,,,,247,194098,194098,2366,0,,,,,,,1885929,19084,1885929,19084,,,,,1084570,5965,1154583,0
12/16/20,NY,B,28100,,98,,89995,89995,6097,0,,1098,21672719,150949,,,,,611,804555,804555,9998,0,,,,,,92735,22477274,160947,22477274,160947,,,,,,0,,0
12/16/20,OH,A+,7777,7141,123,636,33375,33375,5143,497,5344,1254,6455703,32580,,,,,845,584766,533299,5409,0,,,,,,416028,,0,7040469,37989,,,,,,0,6989002,36371
12/16/20,OK,A+,2128,,42,,14665,14665,1717,257,,481,2158637,10680,,,2158637,,,245229,245229,3238,0,7147,,,,244480,210907,,0,2403866,13918,101297,,,,,0,2403117,7866
12/16/20,OR,A+,1262,,48,,5679,5679,620,100,,122,2270787,23151,,,2231538,,63,97622,74629,1530,0,,,,,136871,5870,,0,2368409,24681,,,,,,0,2368409,24681
12/16/20,PA,A+,13168,,278,,,,6346,0,,1238,3086059,13754,,,,,740,519369,473194,10049,0,,,,,,306427,,0,3605428,23803,,,,,3559253,21814,6614819,59580
12/16/20,PR,B,1312,1077,18,235,,,593,0,,98,305972,0,,,303412,,96,63686,60792,267,0,47546,,,,7002,55464,,0,369658,267,,,,,,0,310546,0
12/16/20,RI,A+,1590,,20,,5700,5700,469,84,,62,515489,2337,,,1694627,,30,76209,76209,972,0,,,,,92036,4646,1786663,15229,1786663,15229,,,,,591698,3309,,0
12/16/20,SC,A+,4800,4444,44,356,13070,13070,1046,110,,261,2531555,19316,83898,,2457608,,111,260119,241471,2799,0,13817,34538,,,315418,130905,,0,2791674,22115,97715,311277,,,,0,2773026,21668
12/16/20,SD,A+,1300,,39,,5265,5265,412,23,,81,263011,1428,,,,,25,92603,84967,904,0,,,,,,80316,,0,355614,2332,,,,,355614,2332,696690,7761
12/16/20,TN,A+,5668,5059,53,609,13437,13437,3100,105,,757,4677002,48880,,,4605350,,378,484285,437798,11410,0,,48804,,,509450,411843,,0,5161287,60290,,467572,,,,0,5114800,57810
12/16/20,TX,A,24394,,252,,,,9528,0,,2742,10992344,61621,,,,,,1519340,1367965,18802,0,70308,77243,,,1489316,1216415,,0,12360309,77097,624341,934936,,,,0,12360309,77097
12/16/20,UT,A+,1096,,19,,9692,9692,566,107,1686,210,1234412,5685,,,1822652,598,,240715,218513,2928,0,,24736,,23771,236254,182744,,0,2058906,15526,,336818,,147438,1452925,7893,2058906,15526
12/16/20,VA,A+,4508,4090,38,418,16353,16353,2349,166,,511,3528132,22416,,,,,257,292240,251894,3931,0,,,,,302764,27060,3780026,25270,3780026,25270,,,,,,0,,0
12/16/20,VI,D,23,23,0,,,,,0,,,29816,0,,,,,,1828,,0,0,,,,,,1641,,0,31644,0,,,,,,0,31740,0
12/16/20,VT,B,105,105,5,,,,33,0,,6,240169,490,,,,,,6009,5860,86,0,,,,,,3776,,0,628360,3143,,,,,246029,572,628360,3143
12/16/20,WA,B,2953,2953,35,,12773,12773,1181,124,,260,3206607,30060,,,,,138,214204,206544,667,0,,,,,,,3411676,31332,3411676,31332,,,,,,0,,0
12/16/20,WI,A+,4493,4196,85,297,19656,19656,1410,146,1951,314,2266641,6849,,,,,,478162,444798,2822,0,,,,,,399073,4927703,28659,4927703,28659,,,,,2711439,9251,,0
12/16/20,WV,B,1039,958,27,81,,,766,0,,197,1283565,7859,,,,,82,66849,55536,1148,0,,,,,,44550,,0,1350414,9007,23759,,,,,0,1339101,8700
12/16/20,WY,B,328,,0,,976,976,173,5,,,152223,705,,,421419,,,40310,34883,246,0,,,,,36306,37458,,0,457816,7792,,,,,187106,876,457816,7792
12/15/20,AK,A,179,179,3,,908,908,140,19,,,1117429,10029,,,1107974,,13,40438,,278,0,,,,,48598,7165,,0,1157867,10307,,,,,,0,1157867,10307
12/15/20,AL,A,4124,3642,22,482,29259,29259,2353,346,2374,,1485182,6275,,,,1360,,301533,247003,3638,0,,,,,,174805,,0,1732185,8516,,,78493,,1732185,8516,,0
12/15/20,AR,A+,3016,2672,26,344,10096,10096,1070,105,,382,1712879,7036,,,1712879,1099,190,189198,161592,1691,0,,3300,,33593,,165467,,0,1874471,8272,,21856,,183346,,0,1874471,8272
12/15/20,AS,D,0,,0,,,,,0,,,2140,0,,,,,,0,0,0,0,,,,,,,,0,2140,0,,,,,,0,2140,0
12/15/20,AZ,A+,7422,6835,64,587,31266,31266,3702,124,,863,2137182,10254,,,,,579,424382,408144,4134,0,,,,,,62839,,0,4374452,29759,378518,,,,2545326,14104,4374452,29759
12/15/20,CA,B,21188,,142,,,,15198,0,,3193,26227696,260701,,,,,,1617370,1617370,32326,0,,,,,,,,0,27845066,293027,,,,,,0,27845066,293027
12/15/20,CO,A,4085,3505,116,580,16487,16487,1554,313,,,1694339,4736,213157,,,,,293382,281346,2278,0,22725,,,,,15696,3841825,31936,3841825,31936,239069,,,,1975685,6804,,0
12/15/20,CT,C,5466,4414,22,1052,12257,12257,1269,0,,,3683602,23259,,,,,,155462,146114,1470,0,,,,,,9800,,0,3839064,24729,,49816,,,,0,3829716,24580
12/15/20,DC,A+,720,,4,,,,224,0,,75,766645,8704,,,,,26,25339,,301,0,,,,,,18137,791984,9005,791984,9005,,,,,333298,2205,,0
12/15/20,DE,A+,826,728,10,98,,,376,0,,62,423029,2073,,,,,,47142,45381,685,0,,,,,47589,18851,854348,8556,854348,8556,,,,,470171,2758,,0
12/15/20,FL,A,20365,,94,,59385,59385,5103,352,,,6837002,34435,578113,560932,10965359,,,1124742,997924,9296,0,71851,,69600,,1461780,,14022177,85977,14022177,85977,650372,,630838,,7961744,43731,12483418,82685
12/15/20,GA,A+,10160,9250,56,910,38111,38111,3352,374,6896,,4310323,34133,,,,,,484152,484152,4812,0,40399,,,69843,456367,,,0,4794475,38945,382784,,,,,0,4794475,38945
12/15/20,GU,B,119,,0,,,,28,0,,9,84460,465,,,,,5,7149,6988,12,0,17,178,,,,6511,,0,91609,477,320,4745,,,,0,91448,475
12/15/20,HI,B,274,,0,,1364,1364,57,7,,17,295153,0,,,,,14,19844,19480,56,0,,,,,19423,11958,744247,3206,744247,3206,,,,,308090,0,,0
12/15/20,IA,A+,3340,,67,,,,798,0,,166,903573,1584,,74612,1812659,,88,223511,223511,726,0,,37363,6539,35062,242125,196157,,0,1127084,2310,,693906,81191,160291,1129325,2326,2065300,7573
12/15/20,ID,A,1194,1075,19,119,4827,4827,444,64,884,101,405039,558,,,,,,122217,102340,1038,0,,,,,,47497,,0,507379,1421,,45753,,,507379,1421,783713,3665
12/15/20,IL,A,15587,14509,132,1078,,,4965,0,,1057,11098533,85563,,,,,598,863477,447491,7359,0,,,,,,,,0,11962010,92922,,,,,,0,11962010,92922
12/15/20,IN,A+,6968,6657,128,311,31324,31324,3229,289,5538,911,2011909,6425,,,,,404,434642,,4241,0,,,,,394462,269838,,0,5000278,38910,,,,,2446551,10666,5000278,38910
12/15/20,KS,A+,2109,,0,,5895,5895,623,0,1584,182,713714,0,,,,409,88,190018,,0,0,,,,,,3938,,0,903732,0,,,,,903732,0,,0
12/15/20,KY,B,2239,2112,15,127,11589,11589,1788,126,2725,438,2739228,7825,,,,,246,227818,185901,2928,0,,,,,,32234,,0,2925129,9654,98612,133768,,,,0,2925129,9654
12/15/20,LA,A,6895,6577,50,318,,,1597,0,,,3565973,31246,,,,,152,272276,252459,2633,0,,,,,,217930,,0,3838249,33879,,156087,,,,0,3818432,33413
12/15/20,MA,A+,11443,11190,55,253,14823,14823,1834,0,,371,3401993,15615,,,,,200,298160,286866,3929,0,,,12349,,352414,187221,,0,9684933,61236,,,135208,303783,3688859,19335,9684933,61236
12/15/20,MD,A,5206,5039,64,167,23711,23711,1799,153,,411,2354515,10492,,147905,,,,239362,239362,2401,0,,,16775,,287692,8958,,0,5094572,33185,,,164680,,2593877,12893,5094572,33185
12/15/20,ME,A+,265,261,6,4,909,909,195,16,,55,982531,5507,12667,,976853,,19,16760,14690,411,0,456,2115,,,19766,10614,,0,999291,5918,13135,50029,,,,0,997221,5858
12/15/20,MI,A+,11495,10935,206,560,,,3674,0,,821,7001981,44313,,,7001981,,508,478171,442715,5391,0,,,,,561976,236369,,0,7480152,49704,397438,,,,,0,7563957,49711
12/15/20,MN,A,4483,4369,21,114,19785,19785,1309,147,4286,300,2413759,10171,,,,,,384164,373492,2323,0,,,,,,351820,4807318,30809,4807318,30809,,158586,,,2787251,12321,,0
12/15/20,MO,A+,4754,,240,,,,2543,0,,593,1589642,4002,91267,71709,2972303,,325,350365,350365,2762,0,10381,30270,3618,,386982,,,0,3365969,15716,101857,240934,95728,117580,1940007,6764,3365969,15716
12/15/20,MP,D,2,2,0,,4,4,,0,,,17429,223,,,,,,113,113,0,0,,,,,,29,,0,17542,223,,,,,17542,223,26131,608
12/15/20,MS,A+,4252,3555,48,697,7901,7901,1319,0,,310,1079660,0,,,,,187,183300,135105,2205,0,95,,,,,148466,,0,1262960,2205,57605,336269,,,,0,1213929,0
12/15/20,MT,A,826,,8,,3119,3119,338,39,,68,658699,9694,,,,,34,74040,74040,737,0,,,,,,64298,,0,732739,10431,,,,,,0,732739,5680
12/15/20,NC,A+,5881,5639,26,242,,,2735,0,,643,5651124,45563,,,,,,446601,415080,5236,0,,,,,,365273,,0,6097725,50799,,190556,,,,0,6066204,50173
12/15/20,ND,B,1176,,13,,3073,3073,277,0,479,48,278618,439,11953,,,,,88395,86232,328,0,1442,,,,,83995,1175174,3325,1175174,3325,13395,,,,364848,681,1237350,3650
12/15/20,NE,A,1418,,45,,4831,4831,693,35,,,650898,836,,,1390721,,,149344,149344,483,0,,,,,170271,84063,,0,1562744,6217,,,,,800631,1321,1562744,6217
12/15/20,NH,B,604,,0,,863,863,252,1,289,,438492,2087,,,,,,32545,32545,670,0,,,,7287,,25464,,0,926610,6149,35008,36757,34009,,471037,2757,926610,6149
12/15/20,NJ,A,17872,16004,97,1868,44136,44136,3660,225,,727,6460909,79722,,,,,456,409414,409414,3966,0,,,,,,49245,,0,6870323,83688,,,,,,0,6870323,83688
12/15/20,NM,A,2006,,28,,8139,8139,865,102,,,1632869,12767,,,,,,122557,122557,1258,0,,,,,,48105,,0,1755426,14025,,,,,,0,1755426,14025
12/15/20,NV,A,2596,,48,,,,1979,0,,414,886873,5865,,,,,258,191732,191732,2320,0,,,,,,,1866845,21538,1866845,21538,,,,,1078605,8185,1154583,0
12/15/20,NY,A,28002,,132,,89995,89995,5982,0,,1065,21521770,183835,,,,,580,794557,794557,10353,0,,,,,,92136,22316327,194188,22316327,194188,,,,,,0,,0
12/15/20,OH,A+,7654,7054,103,600,32878,32878,5296,614,5283,1311,6423123,38544,,,,,863,579357,529508,8755,0,,,,,,404810,,0,7002480,47299,,,,,,0,6952631,45585
12/15/20,OK,A+,2086,,14,,14408,14408,1741,46,,471,2147957,37478,,,2147957,,,241991,241991,2224,0,7147,,,,242962,206896,,0,2389948,39702,101297,,,,,0,2395251,45131
12/15/20,OR,A+,1214,,53,,5579,5579,599,76,,119,2247636,37715,,,2208399,,67,96092,74629,1082,0,,,,,135329,5870,,0,2343728,38797,,,,,,0,2343728,38797
12/15/20,PA,A+,12890,,270,,,,6295,0,,1264,3072305,11616,,,,,705,509320,465134,9556,0,,,,,,295405,,0,3581625,21172,,,,,3537439,18601,6555239,53165
12/15/20,PR,B,1294,1048,12,246,,,583,0,,97,305972,0,,,303412,,101,63419,60668,434,0,47530,,,,7002,53982,,0,369391,434,,,,,,0,310546,0
12/15/20,RI,A+,1570,,15,,5616,5616,455,82,,53,513152,2856,,,1680555,,29,75237,75237,1166,0,,,,,90879,4585,1771434,12476,1771434,12476,,,,,588389,4022,,0
12/15/20,SC,A+,4756,4402,5,354,12960,12960,1046,50,,261,2512239,21815,83628,,2439043,,111,257320,239119,2544,0,13762,33663,,,312315,129227,,0,2769559,24359,97390,303478,,,,0,2751358,24149
12/15/20,SD,A+,1261,,2,,5242,5242,435,42,,77,261583,390,,,,,41,91699,84290,345,0,,,,,,78919,,0,353282,735,,,,,353282,735,688929,2163
12/15/20,TN,A+,5615,5022,74,593,13332,13332,3062,126,,737,4628122,37246,,,4557804,,366,472875,428868,8611,0,,46607,,,499186,404597,,0,5100997,45857,,454223,,,,0,5056990,44586
12/15/20,TX,A,24142,,205,,,,9472,0,,2725,10930723,103876,,,,,,1500538,1352489,18926,0,69839,76600,,,1476519,1203398,,0,12283212,119269,621818,922161,,,,0,12283212,119269
12/15/20,UT,A+,1077,,15,,9585,9585,568,99,1676,203,1228727,3533,,,1809514,592,,237787,216305,1915,0,,24171,,23226,233866,181000,,0,2043380,10205,,328234,,144823,1445032,4891,2043380,10205
12/15/20,VA,A+,4470,4058,56,412,16187,16187,2361,114,,490,3505716,23269,,,,,240,288309,249040,3160,0,,,,,299894,26929,3754756,25743,3754756,25743,,,,,,0,,0
12/15/20,VI,D,23,23,0,,,,,0,,,29816,244,,,,,,1828,,21,0,,,,,,1641,,0,31644,265,,,,,,0,31740,240
12/15/20,VT,B,100,100,4,,,,20,0,,4,239679,186,,,,,,5923,5778,66,0,,,,,,3680,,0,625217,3076,,,,,245457,252,625217,3076
12/15/20,WA,B,2918,2918,39,,12649,12649,1144,124,,250,3176547,30707,,,,,128,213537,206025,652,0,,,,,,,3380344,32441,3380344,32441,,,,,,0,,0
12/15/20,WI,A+,4408,4122,56,286,19510,19510,1461,184,1944,331,2259792,3798,,,,,,475340,442396,4055,0,,,,,,394095,4899044,19457,4899044,19457,,,,,2702188,7299,,0
12/15/20,WV,B,1012,936,34,76,,,774,0,,207,1275706,8117,,,,,80,65701,54695,1307,0,,,,,,43605,,0,1341407,9424,23593,,,,,0,1330401,9071
12/15/20,WY,B,328,,7,,971,971,178,4,,,151518,257,,,414622,,,40064,34712,289,0,,,,,35311,37361,,0,450024,9735,,,,,186230,409,450024,9735
12/14/20,AK,A,176,176,0,,889,889,140,3,,,1107400,4040,,,1098479,,12,40160,,422,0,,,,,47796,7165,,0,1147560,4462,,,,,,0,1147560,4462
12/14/20,AL,A,4102,3624,0,478,28913,28913,2286,767,2363,,1478907,20347,,,,1353,,297895,244762,2264,0,,,,,,174805,,0,1723669,27230,,,78262,,1723669,27230,,0
12/14/20,AR,A+,2990,2656,45,334,9991,9991,1050,64,,372,1705843,9262,,,1705843,1095,180,187507,160356,1805,0,,3300,,32616,,163351,,0,1866199,10495,,21856,,179158,,0,1866199,10495
12/14/20,AS,D,0,,0,,,,,0,,,2140,0,,,,,,0,0,0,0,,,,,,,,0,2140,0,,,,,,0,2140,0
12/14/20,AZ,A+,7358,6782,1,576,31142,31142,3677,193,,829,2126928,7223,,,,,542,420248,404294,11806,0,,,,,,62118,,0,4344693,38805,377958,,,,2531222,18526,4344693,38805
12/14/20,CA,B,21046,,77,,,,14578,0,,3078,25966995,323174,,,,,,1585044,1585044,33278,0,,,,,,,,0,27552039,356452,,,,,,0,27552039,356452
12/14/20,CO,A,3969,3398,11,571,16174,16174,1585,48,,,1689603,10387,212548,,,,,291104,279278,2911,0,22560,,,,,15521,3809889,36588,3809889,36588,235882,,,,1968881,13275,,0
12/14/20,CT,C,5444,4397,81,1047,12257,12257,1243,0,,,3660343,112013,,,,,,153992,144793,7231,0,,,,,,9800,,0,3814335,119244,,49816,,,,0,3805136,119015
12/14/20,DC,A+,716,,1,,,,239,0,,63,757941,4550,,,,,34,25038,,164,0,,,,,,17914,782979,4714,782979,4714,,,,,331093,1317,,0
12/14/20,DE,A+,816,719,0,97,,,373,0,,50,420956,3053,,,,,,46457,44708,997,0,,,,,46835,18851,845792,9931,845792,9931,,,,,467413,4050,,0
12/14/20,FL,A,20271,,138,,59033,59033,4932,142,,,6802567,32182,578113,560932,10895327,,,1115446,991735,8343,0,71851,,69600,,1449377,,13936200,90729,13936200,90729,650372,,630838,,7918013,40525,12400733,84951
12/14/20,GA,A+,10104,9218,28,886,37737,37737,3338,100,6859,,4276190,22700,,,,,,479340,479340,3296,0,40214,,,67218,451146,,,0,4755530,25996,381949,,,,,0,4755530,25996
12/14/20,GU,B,119,,1,,,,25,0,,9,83995,965,,,,,5,7137,6978,31,0,17,178,,,,6492,,0,91132,996,320,4736,,,,0,90973,1001
12/14/20,HI,B,274,,0,,1357,1357,58,0,,21,295153,0,,,,,17,19788,19424,189,0,,,,,19348,11958,741041,4972,741041,4972,,,,,308090,0,,0
12/14/20,IA,A+,3273,,60,,,,764,0,,160,901989,1554,,74216,1805916,,86,222785,222785,637,0,,36776,6281,34515,241353,190221,,0,1124774,2191,,679284,80537,158857,1126999,2193,2057727,5796
12/14/20,ID,A,1175,1058,6,117,4763,4763,444,17,881,101,404481,1234,,,,,,121179,101477,547,0,,,,,,46980,,0,505958,1745,,45753,,,505958,1745,780048,3094
12/14/20,IL,A,15455,14394,116,1061,,,4951,0,,1070,11012970,85042,,,,,621,856118,447491,7214,0,,,,,,,,0,11869088,92256,,,,,,0,11869088,92256
12/14/20,IN,A+,6840,6530,35,310,31035,31035,3072,239,5489,872,2005484,7199,,,,,385,430401,,4967,0,,,,,390585,263874,,0,4961368,33983,,,,,2435885,12166,4961368,33983
12/14/20,KS,A+,2109,,37,,5895,5895,623,95,1584,182,713714,8291,,,,409,88,190018,,4724,0,,,,,,3938,,0,903732,13015,,,,,903732,13015,,0
12/14/20,KY,B,2224,2098,17,126,11463,11463,1712,157,2711,441,2731403,37879,,,,,243,224890,184072,1786,0,,,,,,32050,,0,2915475,41318,98385,131644,,,,0,2915475,41318
12/14/20,LA,A,6845,6535,27,310,,,1527,0,,,3534727,9139,,,,,147,269643,250292,1030,0,,,,,,217930,,0,3804370,10169,,152781,,,,0,3785019,10130
12/14/20,MA,A+,11388,11135,39,253,14823,14823,1788,0,,354,3386378,13604,,,,,186,294231,283146,3653,0,,,12349,,348122,187221,,0,9623697,56122,,,135208,300791,3669524,17176,9623697,56122
12/14/20,MD,A,5142,4978,25,164,23558,23558,1742,165,,404,2344023,13022,,147905,,,,236961,236961,2314,0,,,16775,,284843,8951,,0,5061387,40010,,,164680,,2580984,15336,5061387,40010
12/14/20,ME,A+,259,255,2,4,893,893,198,15,,56,977024,20234,12652,,971310,,17,16349,14339,426,0,452,2018,,,19453,10548,,0,993373,20660,13116,48174,,,,0,991363,21241
12/14/20,MI,A+,11289,10752,94,537,,,3802,0,,860,6957668,80837,,,6957668,,514,472780,437985,7621,0,,,,,556578,236369,,0,7430448,88458,395683,,,,,0,7514246,90046
12/14/20,MN,A,4462,4350,18,112,19638,19638,1283,102,4255,319,2403588,12768,,,,,,381841,371342,3018,0,,,,,,347077,4776509,41965,4776509,41965,,157285,,,2774930,15576,,0
12/14/20,MO,A+,4514,,3,,,,2624,0,,603,1585640,4869,91067,71709,2959747,,335,347603,347603,2562,0,10240,29623,3618,,383863,,,0,3350253,16596,101516,237347,95451,115890,1933243,7431,3350253,16596
12/14/20,MP,D,2,2,0,,4,4,,0,,,17206,0,,,,,,113,113,0,0,,,,,,29,,0,17319,0,,,,,17319,0,25523,0
12/14/20,MS,A+,4204,3526,5,678,7901,7901,1255,198,,303,1079660,53360,,,,,186,181095,134269,1648,0,95,,,,,148466,,0,1260755,55008,57605,336269,,,,0,1213929,59713
12/14/20,MT,A,818,,0,,3080,3080,350,0,,70,649005,0,,,,,36,73303,73303,0,0,,,,,,62778,,0,722308,0,,,,,,0,727059,4751
12/14/20,NC,A+,5855,5615,32,240,,,2553,0,,613,5605561,41246,,,,,,441365,410470,4770,0,,,,,,365273,,0,6046926,46016,,187337,,,,0,6016031,45542
12/14/20,ND,B,1163,,5,,3073,3073,277,89,479,48,278179,341,11953,,,,,88067,85988,196,0,1442,,,,,83318,1171849,3189,1171849,3189,13395,,,,364167,526,1233700,3481
12/14/20,NE,A,1373,,8,,4796,4796,692,12,,,650062,2034,,,1385350,,,148861,148861,1173,0,,,,,169441,82568,,0,1556527,7912,,,,,799310,3210,1556527,7912
12/14/20,NH,B,604,,1,,862,862,256,1,289,,436405,2882,,,,,,31875,31875,919,0,,,,7287,,24519,,0,920461,7544,34980,36126,33986,,468280,3801,920461,7544
12/14/20,NJ,A,17775,15907,24,1868,43911,43911,3635,77,,704,6381187,184431,,,,,491,405448,405448,4798,0,,,,,,48951,,0,6786635,189229,,,,,,0,6786635,199623
12/14/20,NM,A,1978,,21,,8037,8037,860,159,,,1620102,7898,,,,,,121299,121299,1499,0,,,,,,46505,,0,1741401,9397,,,,,,0,1741401,9397
12/14/20,NV,A,2548,,9,,,,2025,0,,400,881008,4328,,,,,263,189412,189412,2579,0,,,,,,,1845307,16093,1845307,16093,,,,,1070420,6907,1154583,0
12/14/20,NY,A,27870,,85,,89995,89995,5712,0,,1040,21337935,150800,,,,,567,784204,784204,9044,0,,,,,,91366,22122139,159844,22122139,159844,,,,,,0,,0
12/14/20,OH,A+,7551,6972,59,579,32264,32264,5157,291,5209,1225,6384579,51544,,,,,827,570602,522467,7875,0,,,,,,392565,,0,6955181,59419,,,,,,0,6907046,58020
12/14/20,OK,A+,2072,,8,,14362,14362,1664,34,,452,2110479,0,,,2110479,,,239767,239767,2099,0,7147,,,,235774,202532,,0,2350246,2099,101297,,,,,0,2350120,0
12/14/20,OR,A+,1161,,6,,5503,5503,601,108,,134,2209921,58570,,,2171369,,68,95010,74629,1157,0,,,,,133562,5870,,0,2304931,62160,,,,,,0,2304931,62160
12/14/20,PA,A+,12620,,55,,,,6026,0,,1249,3060689,15366,,,,,697,499764,458149,7962,0,,,,,,289863,,0,3560453,23328,,,,,3518838,23138,6502074,-296848
12/14/20,PR,B,1282,1036,10,246,,,609,0,,102,305972,0,,,303412,,105,62985,60348,554,0,47444,,,,7002,52911,,0,368957,554,,,,,,0,310546,0
12/14/20,RI,A+,1555,,17,,5534,5534,433,0,,47,510296,1973,,,1669380,,31,74071,74071,552,0,,,,,89578,4537,1758958,7648,1758958,7648,,,,,584367,2525,,0
12/14/20,SC,A+,4751,4398,12,353,12910,12910,1276,36,,307,2490424,23009,83366,,2417685,,140,254776,236785,2570,0,13655,33390,,,309524,128048,,0,2745200,25579,97021,300424,,,,0,2727209,25402
12/14/20,SD,A+,1259,,0,,5200,5200,441,26,,83,261193,375,,,,,50,91354,83986,316,0,,,,,,77472,,0,352547,691,,,,,352547,691,686766,3196
12/14/20,TN,A+,5541,4964,79,577,13206,13206,2986,62,,717,4590876,50579,,,4521318,,368,464264,421528,9959,0,,45265,,,491086,394147,,0,5055140,60538,,443112,,,,0,5012404,59539
12/14/20,TX,A,23937,,26,,,,9304,0,,2679,10826847,126048,,,,,,1481612,1337096,8901,0,69478,74573,,,1459163,1185628,,0,12163943,134931,619088,906429,,,,0,12163943,134931
12/14/20,UT,A+,1062,,7,,9486,9486,580,65,1641,211,1225194,3779,,,1800825,585,,235872,214947,1968,0,,23304,,22396,232350,178395,,0,2033175,8840,,317182,,140702,1440141,5175,2033175,8840
12/14/20,VA,A+,4414,4009,3,405,16073,16073,2260,59,,458,3482447,23619,,,,,236,285149,246566,3240,0,,,,,296965,26618,3729013,26266,3729013,26266,,,,,,0,,0
12/14/20,VI,D,23,23,0,,,,,0,,,29572,110,,,,,,1807,,16,0,,,,,,1605,,0,31379,126,,,,,,0,31500,124
12/14/20,VT,B,96,96,1,,,,28,0,,4,239493,1731,,,,,,5857,5712,104,0,,,,,,3603,,0,622141,4523,,,,,245205,1834,622141,4523
12/14/20,WA,B,2879,2879,0,,12525,12525,1140,157,,248,3145840,25505,,,,,147,212885,205413,1410,0,,,,,,,3347903,27833,3347903,27833,,,,,,0,,0
12/14/20,WI,A+,4352,4068,13,284,19326,19326,1471,77,1933,319,2255994,5228,,,,,,471285,438895,2329,0,,,,,,390003,4879587,22272,4879587,22272,,,,,2694889,7350,,0
12/14/20,WV,B,978,910,10,68,,,720,0,,199,1267589,8142,,,,,82,64394,53741,1177,0,,,,,,42340,,0,1331983,9319,23384,,,,,0,1321330,9057
12/14/20,WY,B,321,,0,,967,967,184,11,,,151261,1725,,,405773,,,39775,34560,415,0,,,,,34425,36487,,0,440289,0,,,,,185821,2626,440289,0
12/13/20,AK,A,176,176,0,,886,886,139,3,,,1103360,9043,,,1094215,,15,39738,,637,0,,,,,47599,7165,,0,1143098,9680,,,,,,0,1143098,9680
12/13/20,AL,A,4102,3624,0,478,28146,28146,2248,0,2357,,1458560,0,,,,1351,,295631,242830,2790,0,,,,,,174805,,0,1696439,0,,,76958,,1696439,0,,0
12/13/20,AR,A+,2945,2633,34,312,9927,9927,1057,16,,370,1696581,11425,,,1696581,1091,181,185702,159123,1450,0,,3300,,32382,,161337,,0,1855704,12673,,21856,,178183,,0,1855704,12673
12/13/20,AS,D,0,,0,,,,,0,,,2140,0,,,,,,0,0,0,0,,,,,,,,0,2140,0,,,,,,0,2140,0
12/13/20,AZ,A+,7357,6779,35,578,30949,30949,3622,262,,831,2119705,20540,,,,,537,408442,392991,5853,0,,,,,,61399,,0,4305888,60734,376908,,,,2512696,25833,4305888,60734
12/13/20,CA,B,20969,,122,,,,13960,0,,2937,25643821,279123,,,,,,1551766,1551766,30334,0,,,,,,,,0,27195587,309457,,,,,,0,27195587,309457
12/13/20,CO,A,3958,3388,87,570,16126,16126,1610,34,,,1679216,9224,210100,,,,,288193,276390,2559,0,22018,,,,,15350,3773301,35198,3773301,35198,235108,,,,1955606,11747,,0
12/13/20,CT,C,5363,4332,0,1031,12257,12257,1210,0,,,3548330,0,,,,,,146761,137791,0,0,,,,,,9800,,0,3695091,0,,49816,,,,0,3686121,0
12/13/20,DC,A+,715,,2,,,,225,0,,58,753391,7120,,,,,30,24874,,231,0,,,,,,17745,778265,7351,778265,7351,,,,,329776,1909,,0
12/13/20,DE,A+,816,719,1,97,,,357,0,,55,417903,2079,,,,,,45460,43719,584,0,,,,,45648,18851,835861,6829,835861,6829,,,,,463363,2663,,0
12/13/20,FL,A,20133,,84,,58891,58891,4687,141,,,6770385,29589,578113,560932,10821719,,,1107103,985938,8762,0,71851,,69600,,1438282,,13845471,103473,13845471,103473,650372,,630838,,7877488,38351,12315782,93218
12/13/20,GA,A+,10076,9205,1,871,37637,37637,3237,87,6854,,4253490,28517,,,,,,476044,476044,4310,0,39964,,,66794,447465,,,0,4729534,32827,380934,,,,,0,4729534,32827
12/13/20,GU,B,118,,1,,,,29,0,,7,83030,0,,,,,5,7106,6953,16,0,17,178,,,,6413,,0,90136,16,319,3484,,,,0,89972,0
12/13/20,HI,B,274,,3,,1357,1357,58,0,,21,295153,0,,,,,17,19599,19235,87,0,,,,,19171,11958,736069,4851,736069,4851,,,,,308090,0,,0
12/13/20,IA,A+,3213,,1,,,,749,0,,170,900435,2239,,74202,1800804,,99,222148,222148,989,0,,36441,6272,34211,240688,188924,,0,1122583,3228,,676492,80514,158062,1124806,3272,2051931,7571
12/13/20,ID,A,1169,1053,18,116,4746,4746,458,27,875,104,403247,1259,,,,,,120632,100966,1022,0,,,,,,46247,,0,504213,2143,,45753,,,504213,2143,776954,4184
12/13/20,IL,A,15339,14291,107,1048,,,5073,0,,1080,10927928,56432,,,,,612,848904,447491,7216,0,,,,,,,,0,11776832,63648,,,,,,0,11776832,63648
12/13/20,IN,A+,6805,6495,47,310,30796,30796,3108,263,5441,885,1998285,11433,,,,,386,425434,,5898,0,,,,,385912,257026,,0,4927385,47708,,,,,2423719,17331,4927385,47708
12/13/20,KS,A+,2072,,0,,5800,5800,1068,0,1564,271,705423,0,,,,409,130,185294,,0,0,,,,,,3891,,0,890717,0,,,,,890717,0,,0
12/13/20,KY,B,2207,2081,15,126,11306,11306,1711,0,2689,423,2693524,0,,,,,199,223104,182563,2444,0,,,,,,31507,,0,2874157,0,98114,130453,,,,0,2874157,0
12/13/20,LA,A,6818,6511,51,307,,,1533,0,,,3525588,50507,,,,,162,268613,249301,4422,0,,,,,,217930,,0,3794201,54929,,152452,,,,0,3774889,54182
12/13/20,MA,A+,11349,11098,42,251,14823,14823,1707,0,,342,3372774,17751,,,,,178,290578,279574,4853,0,,,12349,,343992,187221,,0,9567575,90256,,,135208,299450,3652348,22428,9567575,90256
12/13/20,MD,A,5117,4954,17,163,23393,23393,1679,204,,424,2331001,15556,,147905,,,,234647,234647,2638,0,,,16775,,281931,8944,,0,5021377,51393,,,164680,,2565648,18194,5021377,51393
12/13/20,ME,A+,257,253,0,4,878,878,175,7,,46,956790,0,12580,,951070,,15,15923,13946,303,0,442,1742,,,18474,10491,,0,972713,303,13034,42724,,,,0,970122,0
12/13/20,MI,A+,11195,10662,0,533,,,3893,0,,863,6876831,0,,,6876831,,518,465159,430780,0,0,,,,,547369,236369,,0,7341990,0,392309,,,,,0,7424200,0
12/13/20,MN,A,4444,4334,85,110,19536,19536,1461,108,4228,343,2390820,12316,,,,,,378823,368534,3425,0,,,,,,341530,4734544,42785,4734544,42785,,153880,,,2759354,15490,,0
12/13/20,MO,A+,4511,,8,,,,2637,0,,604,1580771,5332,90832,71709,2945949,,332,345041,345041,2694,0,10135,29101,3618,,381112,,,0,3333657,19369,101176,229949,95172,114454,1925812,8026,3333657,19369
12/13/20,MP,D,2,2,0,,4,4,,0,,,17206,0,,,,,,113,113,0,0,,,,,,29,,0,17319,0,,,,,17319,0,25523,0
12/13/20,MS,A+,4199,3524,19,675,7703,7703,1264,0,,298,1026300,0,,,,,178,179447,133527,1500,0,95,,,,,136627,,0,1205747,1500,54191,282410,,,,0,1154216,0
12/13/20,MT,A,818,,2,,3080,3080,365,8,,72,649005,3147,,,,,37,73303,73303,659,0,,,,,,62778,,0,722308,3806,,,,,,0,722308,3806
12/13/20,NC,A+,5823,5588,27,235,,,2520,0,,606,5564315,57466,,,,,,436595,406174,6819,0,,,,,,341041,,0,6000910,64285,,186013,,,,0,5970489,63659
12/13/20,ND,B,1158,,0,,2984,2984,270,0,460,41,277838,366,11242,,,,,87871,85803,281,0,1105,,,,,82935,1168660,5611,1168660,5611,12347,,,,363641,637,1230219,6173
12/13/20,NE,A,1365,,22,,4784,4784,711,19,,,648028,1488,,,1378863,,,147688,147688,811,0,,,,,168033,80829,,0,1548615,9214,,,,,796100,2304,1548615,9214
12/13/20,NH,B,603,,3,,861,861,251,4,289,,433523,2138,,,,,,30956,30956,712,0,,,,6980,,23793,,0,912917,7138,34946,35639,33957,,464479,2850,912917,7138
12/13/20,NJ,A,17751,15883,19,1868,43834,43834,3591,122,,691,6196756,0,,,,,448,400650,400650,4154,0,,,,,,48654,,0,6597406,4154,,,,,,0,6587012,0
12/13/20,NM,A,1957,,44,,7878,7878,878,46,,,1612204,11453,,,,,,119800,119800,1442,0,,,,,,44130,,0,1732004,12895,,,,,,0,1732004,12895
12/13/20,NV,A,2539,,19,,,,1823,0,,416,876680,4011,,,,,240,186833,186833,2882,0,,,,,,,1829214,15459,1829214,15459,,,,,1063513,6893,1154583,0
12/13/20,NY,A,27785,,110,,89995,89995,5410,0,,1009,21187135,195056,,,,,567,775160,775160,10194,0,,,,,,91366,21962295,205250,21962295,205250,,,,,,0,,0
12/13/20,OH,A+,7492,6923,15,569,31973,31973,5152,170,5171,1186,6333035,46347,,,,,807,562727,515991,9266,0,,,,,,386749,,0,6895762,55613,,,,,,0,6849026,55013
12/13/20,OK,A+,2064,,22,,14328,14328,1664,158,,452,2110479,0,,,2110479,,,237668,237668,4332,0,7147,,,,235774,200512,,0,2348147,4332,101297,,,,,0,2350120,0
12/13/20,OR,A+,1155,,5,,5395,5395,625,0,,136,2151351,0,,,2113901,,61,93853,74629,1014,0,,,,,128870,5870,,0,2242771,0,,,,,,0,2242771,0
12/13/20,PA,A+,12565,,129,,,,5970,0,,1227,3045323,20070,,,,,672,491802,450377,10684,0,,,,,,279048,,0,3537125,30754,,,,,3495700,29909,6798922,0
12/13/20,PR,B,1272,1029,6,243,,,620,0,,97,305972,0,,,303412,,107,62431,59842,708,0,47316,,,,7002,52771,,0,368403,708,,,,,,0,310546,0
12/13/20,RI,A+,1538,,12,,5534,5534,433,48,,47,508323,3115,,,1662402,,31,73519,73519,870,0,,,,,88908,4537,1751310,14114,1751310,14114,,,,,581842,3985,,0
12/13/20,SC,A+,4739,4387,54,352,12874,12874,1278,149,,295,2467415,60885,82854,,2395280,,129,252206,234392,3408,0,13449,33031,,,306527,126847,,0,2719621,64293,96303,297348,,,,0,2701807,67016
12/13/20,SD,A+,1259,,16,,5174,5174,436,49,,82,260818,1010,,,,,53,91038,83714,631,0,,,,,,77032,,0,351856,1641,,,,,351856,1641,683570,4113
12/13/20,TN,A+,5462,4902,62,560,13144,13144,2906,43,,689,4540297,73253,,,4471577,,359,454305,412568,11352,0,,43853,,,481288,390891,,0,4994602,84605,,429479,,,,0,4952865,83031
12/13/20,TX,A,23911,,111,,,,9230,0,,2644,10700799,76054,,,,,,1472711,1328213,8349,0,68353,73141,,,1440979,1176377,,0,12029012,82689,613854,888741,,,,0,12029012,82689
12/13/20,UT,A+,1055,,17,,9421,9421,558,70,1636,215,1221415,6286,,,1793524,581,,233904,213551,2083,0,,23198,,22296,230811,176211,,0,2024335,14580,,316236,,140256,1434966,8412,2024335,14580
12/13/20,VA,A+,4411,4006,2,405,16014,16014,2154,47,,426,3458828,29444,,,,,220,281909,243919,3294,0,,,,,294026,26503,3702747,31966,3702747,31966,,,,,,0,,0
12/13/20,VI,D,23,23,0,,,,,0,,,29462,0,,,,,,1791,,0,0,,,,,,1589,,0,31253,0,,,,,,0,31376,0
12/13/20,VT,B,95,95,0,,,,24,0,,3,237762,1547,,,,,,5753,5609,127,0,,,,,,3511,,0,617618,5306,,,,,243371,1671,617618,5306
12/13/20,WA,B,2879,2879,0,,12368,12368,1140,131,,248,3120335,29953,,,,,131,211475,204060,2228,0,,,,,,,3320070,34134,3320070,34134,,,,,,0,,0
12/13/20,WI,A+,4339,4056,15,283,19249,19249,1448,87,1930,328,2250766,9418,,,,,,468956,436773,2965,0,,,,,,386655,4857315,36314,4857315,36314,,,,,2687539,12175,,0
12/13/20,WV,B,968,904,2,64,,,702,0,,188,1259447,12202,,,,,79,63217,52826,1066,0,,,,,,40862,,0,1322664,13268,23321,,,,,0,1312273,13008
12/13/20,WY,B,321,,0,,956,956,184,11,,,149536,0,,,405773,,,39360,34168,453,0,,,,,34425,35281,,0,440289,0,,,,,183195,0,440289,0
12/12/20,AK,A,176,176,18,,883,883,146,14,,,1094317,9356,,,1085086,,18,39101,,517,0,,,,,47061,7165,,0,1133418,9873,,,,,,0,1133418,9873
12/12/20,AL,A,4102,3624,16,478,28146,28146,2161,0,2356,,1458560,0,,,,1350,,292841,240535,4066,0,,,,,,174805,,0,1696439,0,,,76958,,1696439,0,,0
12/12/20,AR,A+,2911,2619,36,292,9911,9911,1071,63,,374,1685156,12988,,,1685156,1091,177,184252,157875,2628,0,,3300,,32114,,159827,,0,1843031,14852,,21856,,177317,,0,1843031,14852
12/12/20,AS,D,0,,0,,,,,0,,,2140,0,,,,,,0,0,0,0,,,,,,,,0,2140,0,,,,,,0,2140,0
12/12/20,AZ,A+,7322,6749,77,573,30687,30687,3534,385,,799,2099165,18295,,,,,515,402589,387698,8077,0,,,,,,60646,,0,4245154,57294,375676,,,,2486863,26042,4245154,57294
12/12/20,CA,B,20847,,225,,,,13410,0,,2866,25364698,278058,,,,,,1521432,1521432,35729,0,,,,,,,,0,26886130,313787,,,,,,0,26886130,313787
12/12/20,CO,A,3871,3305,25,566,16092,16092,1607,143,,,1669992,10966,210100,,,,,285634,273867,3961,0,22018,,,,,15208,3738103,46640,3738103,46640,232118,,,,1943859,14870,,0
12/12/20,CT,C,5363,4332,0,1031,12257,12257,1210,0,,,3548330,0,,,,,,146761,137791,0,0,,,,,,9800,,0,3695091,0,,49816,,,,0,3686121,0
12/12/20,DC,A+,713,,4,,,,230,0,,59,746271,7882,,,,,30,24643,,286,0,,,,,,17618,770914,8168,770914,8168,,,,,327867,3004,,0
12/12/20,DE,A+,815,718,8,97,,,348,0,,52,415824,3263,,,,,,44876,43157,1058,0,,,,,44977,18851,829032,9874,829032,9874,,,,,460700,4321,,0
12/12/20,FL,A,20049,,72,,58750,58750,4509,259,,,6740796,41840,578113,560932,10741096,,,1098341,979732,10385,0,71851,,69600,,1426016,,13741998,120432,13741998,120432,650372,,630838,,7839137,52225,12222564,101779
12/12/20,GA,A+,10075,9204,44,871,37550,37550,3170,229,6847,,4224973,34678,,,,,,471734,471734,4830,0,39423,,,66306,442957,,,0,4696707,39508,378891,,,,,0,4696707,39508
12/12/20,GU,B,117,,2,,,,33,0,,8,83030,0,,,,,7,7090,6953,11,0,17,178,,,,6413,,0,90120,11,319,3484,,,,0,89972,0
12/12/20,HI,B,271,,2,,1357,1357,58,3,,21,295153,0,,,,,17,19512,19148,197,0,,,,,19079,11958,731218,4782,731218,4782,,,,,308090,0,,0
12/12/20,IA,A+,3212,,15,,,,820,0,,170,898196,2303,,74136,1794468,,94,221159,221159,1245,0,,36318,6246,34082,239592,187458,,0,1119355,3548,,675159,80422,158139,1121534,3550,2044360,10886
12/12/20,ID,A,1151,1036,15,115,4719,4719,458,48,871,104,401988,1771,,,,,,119610,100082,1582,0,,,,,,45810,,0,502070,2968,,45753,,,502070,2968,772770,6190
12/12/20,IL,A,15232,14176,165,1056,,,5048,0,,1072,10871496,118151,,,,,627,841688,447491,8737,0,,,,,,,,0,11713184,126888,,,,,,0,11713184,126888
12/12/20,IN,A+,6758,6458,85,300,30533,30533,3141,407,5423,914,1986852,11487,,,,,418,419536,,7401,0,,,,,380981,254949,,0,4879677,60687,,,,,2406388,18888,4879677,60687
12/12/20,KS,A+,2072,,0,,5800,5800,1068,0,1564,271,705423,0,,,,409,130,185294,,0,0,,,,,,3891,,0,890717,0,,,,,890717,0,,0
12/12/20,KY,B,2192,2067,24,125,11306,11306,1711,114,2689,423,2693524,15144,,,,,199,220660,180633,3540,0,,,,,,31507,,0,2874157,17730,98114,130453,,,,0,2874157,17730
12/12/20,LA,A,6767,6465,0,302,,,1589,0,,,3475081,0,,,,,167,264191,245626,0,0,,,,,,217930,,0,3739272,0,,147092,,,,0,3720707,0
12/12/20,MA,A+,11307,11057,50,250,14823,14823,1670,0,,334,3355023,18691,,,,,170,285725,274897,5289,0,,,12349,,338478,187221,,0,9477319,99719,,,135208,296649,3629920,23659,9477319,99719
12/12/20,MD,A,5100,4937,36,163,23189,23189,1719,180,,406,2315445,16756,,147905,,,,232009,232009,3538,0,,,16775,,278541,8938,,0,4969984,65832,,,164680,,2547454,20294,4969984,65832
12/12/20,ME,A+,257,253,7,4,871,871,182,16,,50,956790,0,12580,,951070,,16,15620,13687,414,0,442,1742,,,18474,10477,,0,972410,414,13034,42724,,,,0,970122,0
12/12/20,MI,A+,11195,10662,230,533,,,3893,0,,863,6876831,51829,,,6876831,,518,465159,430780,4813,0,,,,,547369,236369,,0,7341990,56642,392309,,,,,0,7424200,57647
12/12/20,MN,A,4359,4251,67,108,19428,19428,1461,177,4213,343,2378504,13310,,,,,,375398,365360,4430,0,,,,,,335258,4691759,46554,4691759,46554,,148431,,,2743864,17394,,0
12/12/20,MO,A+,4503,,22,,,,2710,0,,644,1575439,5832,90394,71709,2929631,,330,342347,342347,3743,0,9870,27908,3618,,378092,,,0,3314288,21713,100473,208423,94566,110425,1917786,9575,3314288,21713
12/12/20,MP,D,2,2,0,,4,4,,0,,,17206,0,,,,,,113,113,0,0,,,,,,29,,0,17319,0,,,,,17319,0,25523,0
12/12/20,MS,A+,4180,3519,56,661,7703,7703,1264,0,,298,1026300,0,,,,,178,177947,132930,2665,0,95,,,,,136627,,0,1204247,2665,54191,282410,,,,0,1154216,0
12/12/20,MT,A,816,,11,,3072,3072,365,33,,69,645858,5994,,,,,36,72644,72644,774,0,,,,,,61877,,0,718502,6768,,,,,,0,718502,6768
12/12/20,NC,A+,5796,5564,44,232,,,2577,0,,610,5506849,51350,,,,,,429776,399981,6153,0,,,,,,341041,,0,5936625,57503,,182850,,,,0,5906830,56589
12/12/20,ND,B,1158,,22,,2984,2984,282,0,460,41,277472,715,11242,,,,,87590,85532,376,0,1105,,,,,82360,1163049,6038,1163049,6038,12347,,,,363004,1041,1224046,6455
12/12/20,NE,A,1343,,14,,4765,4765,759,31,,,646540,3221,,,1370628,,,146877,146877,1103,0,,,,,167059,78906,,0,1539401,15056,,,,,793796,4327,1539401,15056
12/12/20,NH,B,600,,10,,857,857,247,1,287,,431385,2410,,,,,,30244,30244,784,0,,,,6754,,23046,,0,905779,7294,34875,35182,33897,,461629,3194,905779,7294
12/12/20,NJ,A,17732,15864,70,1868,43712,43712,3543,250,,690,6196756,0,,,,,438,396496,396496,6240,0,,,,,,48184,,0,6593252,6240,,,,,,0,6587012,0
12/12/20,NM,A,1913,,24,,7832,7832,907,95,,,1600751,10276,,,,,,118358,118358,1793,0,,,,,,43091,,0,1719109,12069,,,,,,0,1719109,12069
12/12/20,NV,A,2520,,41,,,,1823,0,,416,872669,5127,,,,,240,183951,183951,2641,0,,,,,,,1813755,18322,1813755,18322,,,,,1056620,7768,1154583,0
12/12/20,NY,A,27675,,88,,89995,89995,5359,0,,1029,20992079,231798,,,,,563,764966,764966,11129,0,,,,,,90747,21757045,242927,21757045,242927,,,,,,0,,0
12/12/20,OH,A+,7477,6911,51,566,31803,31803,5076,267,5151,1167,6286688,56590,,,,,760,553461,507325,11252,0,,,,,,380578,,0,6840149,67842,,,,,,0,6794013,66350
12/12/20,OK,A+,2042,,35,,14170,14170,1664,198,,452,2110479,19113,,,2110479,,,233336,233336,3983,0,7147,,,,235774,198154,,0,2343815,23096,101297,,,,,0,2350120,22081
12/12/20,OR,A+,1150,,12,,5395,5395,625,0,,136,2151351,0,,,2113901,,61,92839,74629,1419,0,,,,,128870,5870,,0,2242771,0,,,,,,0,2242771,0
12/12/20,PA,A+,12436,,201,,,,5940,0,,1209,3025253,15743,,,,,675,481118,440538,11084,0,,,,,,279048,,0,3506371,26827,,,,,3465791,24258,6798922,493013
12/12/20,PR,B,1266,1023,17,243,,,646,0,,104,305972,0,,,303412,,118,61723,59292,721,0,46762,,,,7002,52394,,0,367695,721,,,,,,0,310546,0
12/12/20,RI,A+,1526,,17,,5486,5486,440,198,,55,505208,2337,,,1649379,,32,72649,72649,1831,0,,,,,87817,4491,1737196,19629,1737196,19629,,,,,577857,4168,,0
12/12/20,SC,A+,4685,4344,12,341,12725,12725,1250,0,,294,2406530,0,81693,,2336567,,122,248798,231363,3572,0,12970,31411,,,298224,124586,,0,2655328,3572,94663,281579,,,,0,2634791,0
12/12/20,SD,A+,1243,,33,,5125,5125,452,39,,89,259808,1111,,,,,58,90407,83225,735,0,,,,,,76247,,0,350215,1846,,,,,350215,1846,679457,6176
12/12/20,TN,A+,5400,4849,73,551,13101,13101,2919,62,,705,4467044,6553,,,4399299,,356,442953,402790,6691,0,,42140,,,470535,387395,,0,4909997,13244,,411435,,,,0,4869834,11900
12/12/20,TX,A,23800,,249,,,,9192,0,,2642,10624745,-13375,,,,,,1464362,1321578,16360,0,67899,71381,,,1430692,1167975,,0,11946323,325,611326,863974,,,,0,11946323,325
12/12/20,UT,A+,1038,,13,,9351,9351,562,82,1630,211,1215129,7205,,,1781284,580,,231821,211425,3692,0,,22925,,22031,228471,172960,,0,2009755,17966,,313025,,139000,1426554,9811,2009755,17966
12/12/20,VA,A+,4409,4005,39,404,15967,15967,2117,103,,440,3429384,33173,,,,,229,278615,241397,4177,0,,,,,290122,26434,3670781,36289,3670781,36289,,,,,,0,,0
12/12/20,VI,D,23,23,0,,,,,0,,,29462,715,,,,,,1791,,58,0,,,,,,1589,,0,31253,773,,,,,,0,31376,791
12/12/20,VT,B,95,95,2,,,,23,0,,2,236215,1139,,,,,,5626,5485,85,0,,,,,,3420,,0,612312,3900,,,,,241700,1225,612312,3900
12/12/20,WA,B,2879,2879,29,,12237,12237,1140,153,,248,3090382,25957,,,,,133,209247,202000,2421,0,,,,,,,3285936,29098,3285936,29098,,,,,,0,,0
12/12/20,WI,A+,4324,4041,58,283,19162,19162,1448,142,1928,328,2241348,9583,,,,,,465991,434016,4624,0,,,,,,381633,4821001,43457,4821001,43457,,,,,2675364,13642,,0
12/12/20,WV,B,966,903,28,63,,,697,0,,190,1247245,14642,,,,,83,62151,52020,1514,0,,,,,,40862,,0,1309396,16156,23052,,,,,0,1299265,15858
12/12/20,WY,B,321,,0,,945,945,187,3,,,149536,0,,,405773,,,38907,33757,122,0,,,,,34425,35165,,0,440289,3229,,,,,183195,0,440289,3229
12/11/20,AK,A,158,158,3,,869,869,146,9,,,1084961,9563,,,1075703,,17,38584,,622,0,,,,,46586,7165,,0,1123545,10185,,,,,,0,1123545,10185
12/11/20,AL,A,4086,3612,52,474,28146,28146,2111,528,2351,,1458560,9190,,,,1349,,288775,237879,3853,0,,,,,,174805,,0,1696439,12077,,,76958,,1696439,12077,,0
12/11/20,AR,A+,2875,2588,55,287,9848,9848,1059,139,,372,1672168,13243,,,1672168,1089,185,181624,156011,2770,0,,3300,,31180,,158018,,0,1828179,15181,,21856,,173190,,0,1828179,15181
12/11/20,AS,D,0,,0,,,,,0,,,2140,0,,,,,,0,0,0,0,,,,,,,,0,2140,0,,,,,,0,2140,0
12/11/20,AZ,A+,7245,6689,91,556,30302,30302,3482,967,,809,2080870,16588,,,,,508,394512,379951,6983,0,,,,,,59932,,0,4187860,51785,374754,,,,2460821,23112,4187860,51785
12/11/20,CA,B,20622,,159,,,,12940,0,,2773,25086640,212543,,,,,,1485703,1485703,35468,0,,,,,,,,0,26572343,248011,,,,,,0,26572343,248011
12/11/20,CO,A,3846,3283,87,563,15949,15949,1675,293,,,1659026,9726,207064,,,,,281673,269963,4678,0,21310,,,,,15027,3691463,48945,3691463,48945,228374,,,,1928989,14186,,0
12/11/20,CT,C,5363,4332,36,1031,12257,12257,1210,0,,,3548330,50764,,,,,,146761,137791,3782,0,,,,,,9800,,0,3695091,54546,,49816,,,,0,3686121,54269
12/11/20,DC,A+,709,,1,,,,224,0,,58,738389,4654,,,,,30,24357,,259,0,,,,,,17493,762746,4913,762746,4913,,,,,324863,1377,,0
12/11/20,DE,A+,807,710,1,97,,,363,0,,49,412561,2160,,,,,,43818,42152,782,0,,,,,44107,18851,819158,8820,819158,8820,,,,,456379,2942,,0
12/11/20,FL,A,19977,,126,,58491,58491,4624,265,,,6698956,43768,578113,560932,10653469,,,1087956,972410,11409,0,71851,,69600,,1412194,,13621566,131102,13621566,131102,650372,,630838,,7786912,55177,12120785,114094
12/11/20,GA,A+,10031,9175,56,856,37321,37321,3199,304,6832,,4190295,30629,,,,,,466904,466904,4729,0,38931,,,64689,438301,,,0,4657199,35358,377015,,,,,0,4657199,35358
12/11/20,GU,B,115,,0,,,,36,0,,10,83030,388,,,,,7,7079,6942,27,0,17,178,,,,6413,,0,90109,415,319,3484,,,,0,89972,415
12/11/20,HI,B,269,,1,,1354,1354,48,10,,19,295153,0,,,,,14,19315,18951,136,0,,,,,18904,11958,726436,4781,726436,4781,,,,,308090,0,,0
12/11/20,IA,A+,3197,,77,,,,833,0,,175,895893,2330,,73817,1785001,,97,219914,219914,1537,0,,35889,5990,33673,238221,183216,,0,1115807,3867,,662415,79847,156926,1117984,3849,2033474,11919
12/11/20,ID,A,1136,1023,33,113,4671,4671,455,66,862,93,400217,1929,,,,,,118028,98885,1825,0,,,,,,45303,,0,499102,3364,,45753,,,499102,3364,766580,6265
12/11/20,IL,A,15067,14050,222,1017,,,5141,0,,1081,10753345,95028,,,,,635,832951,447491,9420,0,,,,,,,,0,11586296,104448,,,,,,0,11586296,104448
12/11/20,IN,A+,6673,6373,70,300,30126,30126,3204,383,5353,939,1975365,11119,,,,,416,412135,,7200,0,,,,,374187,252215,,0,4818990,56097,,,,,2387500,18319,4818990,56097
12/11/20,KS,A+,2072,,131,,5800,5800,1068,146,1564,271,705423,9174,,,,409,130,185294,,5491,0,,,,,,3891,,0,890717,14665,,,,,890717,14665,,0
12/11/20,KY,B,2168,2052,22,116,11192,11192,1717,134,2670,432,2678380,13429,,,,,253,217120,178047,3670,0,,,,,,31087,,0,2856427,16205,97869,128344,,,,0,2856427,16205
12/11/20,LA,A,6767,6465,43,302,,,1589,0,,,3475081,31545,,,,,167,264191,245626,2862,0,,,,,,217930,,0,3739272,34407,,147092,,,,0,3720707,33736
12/11/20,MA,A+,11257,11010,48,247,14823,14823,1605,0,,309,3336332,20945,,,,,165,280436,269929,5655,0,,,12349,,332659,187221,,0,9377600,99181,,,135208,293014,3606261,26420,9377600,99181
12/11/20,MD,A,5064,4901,52,163,23009,23009,1729,176,,416,2298689,14338,,147905,,,,228471,228471,2616,0,,,16775,,274107,8910,,0,4904152,48197,,,164680,,2527160,16954,4904152,48197
12/11/20,ME,A+,250,247,4,3,855,855,182,21,,50,956790,10091,12580,,951070,,16,15206,13332,345,0,442,1742,,,18474,10444,,0,971996,10436,13034,42724,,,,0,970122,10390
12/11/20,MI,A+,10965,10456,65,509,,,3893,0,,863,6825002,52723,,,6825002,,518,460346,426294,5626,0,,,,,541551,197750,,0,7285348,58349,390240,,,,,0,7366553,59768
12/11/20,MN,A,4292,4186,94,106,19251,19251,1461,222,4188,343,2365194,14572,,,,,,370968,361276,3750,0,,,,,,327509,4645205,53097,4645205,53097,,144624,,,2726470,18039,,0
12/11/20,MO,A+,4481,,31,,,,2795,0,,650,1569607,5558,90002,71709,2912045,,350,338604,338604,3900,0,9671,26250,3618,,374017,,,0,3292575,22893,99882,183575,94078,104178,1908211,9458,3292575,22893
12/11/20,MP,D,2,2,0,,4,4,,0,,,17206,0,,,,,,113,113,0,0,,,,,,29,,0,17319,0,,,,,17319,0,25523,0
12/11/20,MS,A+,4124,3493,41,631,7703,7703,1267,0,,295,1026300,0,,,,,177,175282,131924,2327,0,95,,,,,136627,,0,1201582,2327,54191,282410,,,,0,1154216,0
12/11/20,MT,A,805,,24,,3039,3039,372,36,,69,639864,8231,,,,,36,71870,71870,978,0,,,,,,61093,,0,711734,9209,,,,,,0,711734,9209
12/11/20,NC,A+,5752,5528,38,224,,,2514,0,,583,5455499,93124,,,,,,423623,394742,7540,0,,,,,,341041,,0,5879122,100664,,175843,,,,0,5850241,71783
12/11/20,ND,B,1136,,27,,2984,2984,277,0,460,41,276757,727,11242,,,,,87214,85207,507,0,1105,,,,,81678,1157011,8005,1157011,8005,12347,,,,361963,1198,1217591,8625
12/11/20,NE,A,1329,,35,,4734,4734,779,35,,,643319,3546,,,1357312,,,145774,145774,1850,0,,,,,165348,76908,,0,1524345,19052,,,,,789469,5397,1524345,19052
12/11/20,NH,B,590,,6,,856,856,258,4,287,,428975,3361,,,,,,29460,29460,1187,0,,,,6472,,22046,,0,898485,9556,34777,34315,33811,,458435,4548,898485,9556
12/11/20,NJ,A,17662,15794,54,1868,43462,43462,3571,203,,687,6196756,45607,,,,,421,390256,390256,3650,0,,,,,,47789,,0,6587012,49257,,,,,,0,6587012,49257
12/11/20,NM,A,1889,,43,,7737,7737,932,101,,,1590475,12530,,,,,,116565,116565,1834,0,,,,,,42415,,0,1707040,14364,,,,,,0,1707040,14364
12/11/20,NV,A,2479,,45,,,,1854,0,,394,867542,223,,,,,239,181310,181310,2783,0,,,,,,,1795433,7571,1795433,7571,,,,,1048852,3006,1154583,0
12/11/20,NY,A,27587,,89,,89995,89995,5321,0,,1007,20760281,202077,,,,,546,753837,753837,10595,0,,,,,,90152,21514118,212672,21514118,212672,,,,,,0,,0
12/11/20,OH,A+,7426,6864,128,562,31536,31536,5091,394,5134,1207,6230098,55234,,,,,767,542209,497565,10359,0,,,,,,370932,,0,6772307,65593,,,,,,0,6727663,63721
12/11/20,OK,A+,2007,,27,,13972,13972,1730,190,,456,2091366,19198,,,2091366,,,229353,229353,3900,0,7147,,,,232890,195643,,0,2320719,23098,101297,,,,,0,2328039,23303
12/11/20,OR,A+,1138,,15,,5395,5395,625,94,,136,2151351,24662,,,2113901,,61,91420,74629,1582,0,,,,,128870,5870,,0,2242771,26244,,,,,,0,2242771,26244
12/11/20,PA,A+,12235,,225,,,,5668,0,,1151,3009510,16003,,,,,651,470034,432023,12745,0,,,,,,272619,,0,3479544,28748,,,,,3441533,25987,6305909,63253
12/11/20,PR,B,1249,1008,11,241,,,649,0,,109,305972,0,,,303412,,111,61002,58629,1544,0,45864,,,,7002,51895,,0,366974,1544,,,,,,0,310546,0
12/11/20,RI,A+,1509,,11,,5288,5288,466,0,,48,502871,3914,,,1631487,,25,70818,70818,1571,0,,,,,86080,4288,1717567,22765,1717567,22765,,,,,573689,5485,,0
12/11/20,SC,A+,4673,4332,46,341,12725,12725,1234,107,,282,2406530,33980,81693,,2336567,,124,245226,228261,3540,0,12970,31411,,,298224,124586,,0,2651756,37520,94663,281579,,,,0,2634791,37188
12/11/20,SD,A+,1210,,33,,5086,5086,467,61,,91,258697,1224,,,,,55,89672,82606,945,0,,,,,,72840,,0,348369,2169,,,,,348369,2169,673281,7244
12/11/20,TN,A+,5327,4787,87,540,13039,13039,2890,87,,710,4460491,47550,,,4393453,,342,436262,397443,7289,0,,40755,,,464481,383478,,0,4896753,54839,,399247,,,,0,4857934,53860
12/11/20,TX,A,23551,,226,,,,9109,0,,2604,10638120,-5063,,,,,,1448002,1307878,14451,0,66200,71365,,,1430675,1157334,,0,11945998,6683,606668,863863,,,,0,11945998,6683
12/11/20,UT,A+,1025,,9,,9269,9269,586,82,1620,213,1207924,5897,,,1766161,577,,228129,208819,2183,0,,22201,,21343,225628,169622,,0,1991789,14986,,299867,,134195,1416743,8151,1991789,14986
12/11/20,VA,A+,4370,3973,35,397,15864,15864,2115,141,,427,3396211,31190,,,,,216,274438,238281,3395,0,,,,,285871,26190,3634492,33751,3634492,33751,,,,,,0,,0
12/11/20,VI,D,23,23,0,,,,,0,,,28747,0,,,,,,1733,,0,0,,,,,,1544,,0,30480,0,,,,,,0,30585,0
12/11/20,VT,B,93,93,4,,,,26,0,,5,235076,1836,,,,,,5541,5399,128,0,,,,,,3322,,0,608412,6783,,,,,240475,1965,608412,6783
12/11/20,WA,B,2850,2850,-166,,12084,12084,1166,88,,262,3064425,28860,,,,,133,206826,199729,2557,0,,,,,,,3256838,31410,3256838,31410,,,,,,0,,0
12/11/20,WI,A+,4266,3991,57,275,19020,19020,1448,145,1916,328,2231765,7187,,,,,,461367,429957,4478,0,,,,,,375627,4777544,31888,4777544,31888,,,,,2661722,11045,,0
12/11/20,WV,B,938,885,17,53,,,697,0,,193,1232603,17290,,,,,77,60637,50804,942,0,,,,,,39728,,0,1293240,18232,22772,,,,,0,1283407,18078
12/11/20,WY,B,321,,22,,942,942,207,13,,,149536,874,,,402871,,,38785,33659,562,0,,,,,34098,35080,,0,437060,0,,,,,183195,1330,437060,0
12/10/20,AK,A,155,155,5,,860,860,164,13,,,1075398,13185,,,1066119,,17,37962,,620,0,,,,,45990,7165,,0,1113360,13805,,,,,,0,1113360,13805
12/10/20,AL,A,4034,3569,49,465,27618,27618,2170,0,2342,,1449370,7745,,,,1341,,284922,234992,4735,0,,,,,,174805,,0,1684362,11198,,,76322,,1684362,11198,,0
12/10/20,AR,A+,2820,2559,34,261,9709,9709,1005,34,,372,1658925,11260,,,1658925,1071,181,178854,154073,2202,0,,3300,,30172,,156286,,0,1812998,12964,,21856,,169319,,0,1812998,12964
12/10/20,AS,D,0,,0,,,,,0,,,2140,0,,,,,,0,0,0,0,,,,,,,,0,2140,0,,,,,,0,2140,0
12/10/20,AZ,A+,7154,6610,73,544,29335,29335,3408,455,,799,2064282,14051,,,,,496,387529,373427,4928,0,,,,,,59155,,0,4136075,44258,373868,,,,2437709,18329,4136075,44258
12/10/20,CA,B,20463,,220,,,,12477,0,,2710,24874097,252584,,,,,,1450235,1450235,29677,0,,,,,,,,0,26324332,282261,,,,,,0,26324332,282261
12/10/20,CO,A,3759,3210,120,549,15656,15656,1659,136,,,1649300,10740,198799,,,,,276995,265503,4649,0,19580,,,,,14812,3642518,50721,3642518,50721,223852,,,,1914803,15233,,0
12/10/20,CT,C,5327,4303,42,1024,12257,12257,1214,0,,,3497566,34259,,,,,,142979,134286,2431,0,,,,,,9800,,0,3640545,36690,,49816,,,,0,3631852,36659
12/10/20,DC,A+,708,,4,,,,217,0,,57,733735,5082,,,,,26,24098,,244,0,,,,,,17291,757833,5326,757833,5326,,,,,323486,1506,,0
12/10/20,DE,A+,806,709,3,97,,,349,0,,44,410401,2008,,,,,,43036,41392,643,0,,,,,43331,18851,810338,8158,810338,8158,,,,,453437,2651,,0
12/10/20,FL,A,19851,,135,,58226,58226,4553,269,,,6655188,48767,578113,560932,10554421,,,1076547,964381,11071,0,71851,,69600,,1397473,,13490464,127033,13490464,127033,650372,,630838,,7731735,59838,12006691,109505
12/10/20,GA,A+,9975,9123,54,852,37017,37017,3088,277,6790,,4159666,37655,,,,,,462175,462175,6062,0,38451,,,63227,434079,,,0,4621841,43717,375182,,,,,0,4621841,43717
12/10/20,GU,B,115,,2,,,,33,0,,10,82642,486,,,,,8,7052,6915,13,0,12,153,,,,6382,,0,89694,499,315,3456,,,,0,89557,499
12/10/20,HI,B,268,,2,,1344,1344,51,11,,18,295153,0,,,,,14,19179,18864,123,0,,,,,18825,11958,721655,6987,721655,6987,,,,,308090,0,,0
12/10/20,IA,A+,3120,,99,,,,863,0,,189,893563,2770,,73552,1774745,,114,218377,218377,1683,0,,35178,5806,32994,236590,177803,,0,1111940,4453,,647094,79398,154822,1114135,4454,2021555,12895
12/10/20,ID,A,1103,1006,29,97,4605,4605,455,66,854,93,398288,1566,,,,,,116203,97450,2298,0,,,,,,44811,,0,495738,3473,,45253,,,495738,3473,760315,5897
12/10/20,IL,A,14845,13861,232,984,,,5138,0,,1081,10658317,103402,,,,,606,823531,447491,11101,0,,,,,,,,0,11481848,114503,,,,,,0,11481848,114503
12/10/20,IN,A+,6603,6302,97,301,29743,29743,3221,331,5275,949,1964246,9809,,,,,410,404935,,6518,0,,,,,367427,247133,,0,4762893,55927,,,,,2369181,16327,4762893,55927
12/10/20,KS,A+,1941,,0,,5654,5654,1109,0,1527,301,696249,0,,,,409,136,179803,,0,0,,,,,,3793,,0,876052,0,,,,,876052,0,,0
12/10/20,KY,B,2146,2039,28,107,11058,11058,1756,72,2646,442,2664951,44705,,,,,231,213450,175271,4314,0,,,,,,30605,,0,2840222,47901,97576,127035,,,,0,2840222,47901
12/10/20,LA,A,6724,6426,40,298,,,1529,0,,,3443536,22542,,,,,180,261329,243435,2415,0,,,,,,217930,,0,3704865,24957,,142606,,,,0,3686971,24629
12/10/20,MA,A+,11209,10963,43,246,14823,14823,1607,426,,307,3315387,18354,,,,,168,274781,264454,5369,0,,,12349,,326430,187221,,0,9278419,97353,,,135208,290670,3579841,23484,9278419,97353
12/10/20,MD,A,5012,4850,50,162,22833,22833,1720,211,,416,2284351,16766,,147905,,,,225855,225855,3202,0,,,16775,,270854,8878,,0,4855955,49110,,,164680,,2510206,19968,4855955,49110
12/10/20,ME,A+,246,244,0,2,834,834,172,15,,45,946699,9940,12540,,941125,,16,14861,13033,407,0,437,1643,,,18040,10394,,0,961560,10347,12989,40626,,,,0,959732,10295
12/10/20,MI,A+,10900,10395,194,505,,,3893,0,,863,6772279,53788,,,6772279,,518,454720,421137,6302,0,,,,,534506,197750,,0,7226999,60090,388121,,,,,0,7306785,60320
12/10/20,MN,A,4198,4096,89,102,19029,19029,1542,220,4145,352,2350622,10197,,,,,,367218,357809,3499,0,,,,,,324304,4592108,38303,4592108,38303,,139611,,,2708431,13416,,0
12/10/20,MO,A+,4450,,67,,,,2641,0,,650,1564049,7361,89616,71709,2893395,,343,334704,334704,3858,0,9486,25485,3618,,369810,,,0,3269682,25284,99311,172550,93599,100197,1898753,11219,3269682,25284
12/10/20,MP,D,2,2,0,,4,4,,0,,,17206,0,,,,,,113,113,0,0,,,,,,29,,0,17319,0,,,,,17319,0,25523,0
12/10/20,MS,A+,4083,3470,42,613,7703,7703,1286,0,,301,1026300,0,,,,,170,172955,130804,2283,0,95,,,,,136627,,0,1199255,2283,54191,282410,,,,0,1154216,0
12/10/20,MT,A,781,,10,,3003,3003,488,40,,76,631633,2298,,,,,37,70892,70892,759,0,,,,,,52994,,0,702525,3057,,,,,,0,702525,3057
12/10/20,NC,A+,5714,5497,53,217,,,2444,0,,573,5362375,14008,,,,,,416083,388106,5556,0,,,,,,341041,,0,5778458,19564,,168721,,,,0,5778458,46683
12/10/20,ND,B,1109,,23,,2984,2984,302,0,460,41,276030,821,11242,,,,,86707,84735,558,0,1105,,,,,81008,1149006,8311,1149006,8311,12347,,,,360765,1328,1208966,9033
12/10/20,NE,A,1294,,17,,4699,4699,781,35,,,639773,1903,,,1340385,,,143924,143924,1321,0,,,,,163231,74597,,0,1505293,13854,,,,,784072,3230,1505293,13854
12/10/20,NH,B,584,,14,,852,852,248,1,284,,425614,3213,,,,,,28273,28273,681,0,,,,6181,,21386,,0,888929,7985,34710,33504,33752,,453887,3894,888929,7985
12/10/20,NJ,A,17608,15740,66,1868,43259,43259,3545,184,,644,6151149,44110,,,,,412,386606,386606,5120,0,,,,,,47364,,0,6537755,49230,,,,,,0,6537755,49230
12/10/20,NM,A,1846,,23,,7636,7636,916,39,,,1577945,19635,,,,,,114731,114731,1781,0,,,,,,41177,,0,1692676,21416,,,,,,0,1692676,23164
12/10/20,NV,A,2434,,50,,,,1824,0,,382,867319,3711,,,,,246,178527,178527,2193,0,,,,,,,1787862,14461,1787862,14461,,,,,1045846,5904,1154583,0
12/10/20,NY,A,27498,,94,,89995,89995,5164,0,,994,20558204,187228,,,,,539,743242,743242,10178,0,,,,,,89600,21301446,197406,21301446,197406,,,,,,0,,0
12/10/20,OH,A+,7298,6772,111,526,31142,31142,5110,452,5090,1193,6174864,51268,,,,,760,531850,489078,11738,0,,,,,,361308,,0,6706714,63006,,,,,,0,6663942,61467
12/10/20,OK,A+,1980,,35,,13782,13782,1709,146,,459,2072168,16250,,,2072168,,,225453,225453,2460,0,6539,,,,229256,194229,,0,2297621,18710,98949,,,,,0,2304736,18867
12/10/20,OR,A+,1123,,13,,5301,5301,618,61,,138,2126689,21154,,,2089471,,60,89838,74629,1551,0,,,,,127056,5870,,0,2216527,22705,,,,,,0,2216527,22705
12/10/20,PA,A+,12010,,248,,,,5877,0,,1218,2993507,20913,,,,,675,457289,422039,11972,0,,,,,,265227,,0,3450796,32885,,,,,3415546,31979,6242656,74326
12/10/20,PR,B,1238,996,19,242,,,657,0,,99,305972,0,,,303412,,106,59458,57096,496,0,44667,,,,7002,51179,,0,365430,496,,,,,,0,310546,0
12/10/20,RI,A+,1498,,14,,5288,5288,466,72,,48,498957,1227,,,1610610,,25,69247,69247,948,0,,,,,84192,4288,1694802,13473,1694802,13473,,,,,568204,2175,,0
12/10/20,SC,A+,4627,4291,15,336,12618,12618,1232,91,,292,2372550,15213,81200,,2303417,,124,241686,225053,2242,0,12780,30676,,,294186,123503,,0,2614236,17455,93980,274284,,,,0,2597603,17126
12/10/20,SD,A+,1177,,30,,5025,5025,491,51,,92,257473,1024,,,,,55,88727,81835,704,0,,,,,,71316,,0,346200,1728,,,,,346200,1728,666037,6418
12/10/20,TN,A+,5240,4722,69,518,12952,12952,2851,90,,684,4412941,25665,,,4346546,,349,428973,391133,6011,0,,39718,,,457528,382444,,0,4841914,31676,,392041,,,,0,4804074,30850
12/10/20,TX,A,23325,,244,,,,9045,0,,2644,10643183,23550,,,,,,1433551,1296132,15299,0,66200,71236,,,1430071,1074579,,0,11939315,36008,601686,862971,,,,0,11939315,36008
12/10/20,UT,A+,1016,,21,,9187,9187,568,82,1604,220,1202027,6679,,,1753678,573,,225946,206565,3401,0,,21680,,20837,223125,165042,,0,1976803,16912,,293750,,131011,1408592,9541,1976803,16912
12/10/20,VA,A+,4335,3940,54,395,15723,15723,2051,131,,415,3365021,24662,,,,,203,271043,235720,3915,0,,,,,282215,26016,3600741,27442,3600741,27442,,,,,,0,,0
12/10/20,VI,D,23,23,0,,,,,0,,,28747,241,,,,,,1733,,35,0,,,,,,1544,,0,30480,276,,,,,,0,30585,272
12/10/20,VT,B,89,89,3,,,,23,0,,2,233240,1897,,,,,,5413,5270,128,0,,,,,,3226,,0,601629,7978,,,,,238510,2024,601629,7978
12/10/20,WA,B,3016,3016,49,,11996,11996,1177,155,,294,3035565,25842,,,,,144,204269,197334,2977,0,,,,,,,3225428,28378,3225428,28378,,,,,,0,,0
12/10/20,WI,A+,4209,3944,67,265,18875,18875,1484,160,1902,332,2224578,8521,,,,,,456889,426099,4709,0,,,,,,369821,4745656,37247,4745656,37247,,,,,2650677,12555,,0
12/10/20,WV,B,921,868,20,53,,,679,0,,184,1215313,13944,,,,,73,59695,50016,1233,0,,,,,,38614,,0,1275008,15177,22309,,,,,0,1265329,14961
12/10/20,WY,B,299,,0,,929,929,206,9,,,148662,1128,,,402871,,,38223,33203,338,0,,,,,34098,33891,,0,437060,5627,,,,,181865,1442,437060,5627
12/9/20,AK,A,150,150,4,,847,847,165,20,,,1062213,9993,,,1053252,,19,37342,,584,0,,,,,45071,7165,,0,1099555,10577,,,,,,0,1099555,10577
12/9/20,AL,A,3985,3525,43,460,27618,27618,2111,295,2321,,1441625,6542,,,,1329,,280187,231539,3522,0,,,,,,174805,,0,1673164,9074,,,75780,,1673164,9074,,0
12/9/20,AR,A+,2786,2552,34,234,9675,9675,1064,98,,375,1647665,14779,,,1647665,1068,179,176652,152369,2327,0,,3300,,29539,,155077,,0,1800034,16536,,21856,,167609,,0,1800034,16536
12/9/20,AS,D,0,,0,,,,,0,,,2140,0,,,,,,0,0,0,0,,,,,,,,0,2140,0,,,,,,0,2140,0
12/9/20,AZ,A+,7081,6551,108,530,28880,28880,3287,355,,766,2050231,7328,,,,,492,382601,369149,4444,0,,,,,,58366,,0,4091817,26478,373202,,,,2419380,11339,4091817,26478
12/9/20,CA,B,20243,,196,,,,11965,0,,2627,24621513,221445,,,,,,1420558,1420558,30851,0,,,,,,,,0,26042071,252296,,,,,,0,26042071,252296
12/9/20,CO,A,3639,3100,267,539,15520,15520,1684,563,,,1638560,7832,197968,,,,,272346,261010,3757,0,19292,,,,,14571,3591797,40346,3591797,40346,218379,,,,1899570,11560,,0
12/9/20,CT,C,5285,4264,43,1021,12257,12257,1262,0,,,3463307,28030,,,,,,140548,131886,2290,0,,,,,,9800,,0,3603855,30320,,49816,,,,0,3595193,30287
12/9/20,DC,A+,704,,3,,,,203,0,,58,728653,6611,,,,,23,23854,,265,0,,,,,,17081,752507,6876,752507,6876,,,,,321980,995,,0
12/9/20,DE,A+,803,707,0,96,,,348,0,,42,408393,2419,,,,,,42393,40783,929,0,,,,,42638,18851,802180,5841,802180,5841,,,,,450786,3348,,0
12/9/20,FL,A,19716,,89,,57957,57957,4559,310,,,6606421,38060,578113,560932,10460024,,,1065476,957017,9411,0,71851,,69600,,1382676,,13363431,97815,13363431,97815,650372,,630838,,7671897,47471,11897186,82934
12/9/20,GA,A+,9921,9073,48,848,36740,36740,3066,279,6756,,4122011,18937,,,,,,456113,456113,3744,0,38123,,,61666,427970,,,0,4578124,22681,373866,,,,,0,4578124,22681
12/9/20,GU,B,113,,0,,,,37,0,,10,82156,568,,,,,8,7039,6902,13,0,12,153,,,,6332,,0,89195,581,314,3439,,,,0,89058,580
12/9/20,HI,B,266,,4,,1333,1333,47,6,,16,295153,0,,,,,11,19056,18741,80,0,,,,,18687,11958,714668,3852,714668,3852,,,,,308090,0,,0
12/9/20,IA,A+,3021,,102,,,,894,0,,196,890793,2953,,73318,1763766,,120,216694,216694,1797,0,,34767,5635,32596,234720,173440,,0,1107487,4750,,638561,78993,153581,1109681,4733,2008660,14473
12/9/20,ID,A,1074,982,19,92,4539,4539,455,91,846,93,396722,-4236,,,,,,113905,95543,2012,0,,,,,,44314,,0,492265,-2649,,45253,,,492265,-2649,754418,3766
12/9/20,IL,A,14613,13666,229,947,,,5284,0,,1176,10554915,84481,,,,,647,812430,447491,8256,0,,,,,,,,0,11367345,92737,,,,,,0,11367345,92737
12/9/20,IN,A+,6506,6207,96,299,29412,29412,3244,383,5238,949,1954437,8792,,,,,414,398417,,5754,0,,,,,361752,241677,,0,4706966,50139,,,,,2352854,14546,4706966,50139
12/9/20,KS,A+,1941,,85,,5654,5654,1109,145,1527,301,696249,8950,,,,409,136,179803,,5778,0,,,,,,3793,,0,876052,14728,,,,,876052,14728,,0
12/9/20,KY,B,2118,2014,16,104,10986,10986,1792,146,2640,412,2620246,3436,,,,,211,209136,172075,3468,0,,,,,,30540,,0,2792321,5942,97299,125452,,,,0,2792321,5942
12/9/20,LA,A,6684,6393,32,291,,,1537,0,,,3420994,28170,,,,,177,258914,241348,4352,0,,,,,,217930,,0,3679908,32522,,139641,,,,0,3662342,30842
12/9/20,MA,A+,11166,10922,90,244,14397,14397,1576,0,,308,3297033,20316,,,,,162,269412,259324,5965,0,,,12193,,320562,169809,,0,9181066,109009,,,133429,287469,3556357,25991,9181066,109009
12/9/20,MD,A,4962,4801,46,161,22622,22622,1715,201,,416,2267585,13071,,147905,,,,222653,222653,2692,0,,,16775,,267020,8833,,0,4806845,36013,,,164680,,2490238,15763,4806845,36013
12/9/20,ME,A+,246,244,7,2,819,819,173,16,,42,936759,8241,12521,,931316,,15,14454,12678,405,0,433,1555,,,17559,10338,,0,951213,8646,12966,36880,,,,0,949437,8586
12/9/20,MI,A+,10706,10213,81,493,,,3925,0,,857,6718491,42314,,,6718491,,522,448418,415200,5342,0,,,,,527974,197750,,0,7166909,47656,385279,,,,,0,7246465,48099
12/9/20,MN,A,4109,4011,82,98,18809,18809,1545,215,4106,358,2340425,11617,,,,,,363719,354590,4516,0,,,,,,320233,4553805,34754,4553805,34754,,136408,,,2695015,15794,,0
12/9/20,MO,A+,4383,,28,,,,2579,0,,638,1556688,3393,89188,71709,2872385,,334,330846,330846,2640,0,9323,24491,3618,,365582,,,0,3244398,14268,98720,163672,93086,95240,1887534,6033,3244398,14268
12/9/20,MP,D,2,2,0,,4,4,,0,,,17206,196,,,,,,113,113,2,0,,,,,,29,,0,17319,198,,,,,17319,203,25523,882
12/9/20,MS,A+,4041,3452,24,589,7703,7703,1241,0,,288,1026300,0,,,,,159,170672,129836,2746,0,95,,,,,136627,,0,1196972,2746,54191,282410,,,,0,1154216,0
12/9/20,MT,A,771,,8,,2963,2963,490,54,,80,629335,1803,,,,,39,70133,70133,787,0,,,,,,52068,,0,699468,2590,,,,,,0,699468,2590
12/9/20,NC,A+,5661,5453,56,208,,,2440,0,,577,5348367,47499,,,,,,410527,383408,6495,0,,,,,,341041,,0,5758894,53994,,163371,,,,0,5731775,52981
12/9/20,ND,B,1086,,16,,2984,2984,284,88,460,41,275209,272,11242,,,,,86149,84227,473,0,1105,,,,,80515,1140695,4210,1140695,4210,12347,,,,359437,1158,1199933,2983
12/9/20,NE,A,1277,,41,,4664,4664,787,45,,,637870,2504,,,1327997,,,142603,142603,1476,0,,,,,161776,73592,,0,1491439,17098,,,,,780842,3986,1491439,17098
12/9/20,NH,B,570,,4,,851,851,232,2,284,,422401,2335,,,,,,27592,27592,969,0,,,,5865,,20513,,0,880944,7654,34633,32565,33686,,449993,3304,880944,7654
12/9/20,NJ,A,17542,15674,116,1868,43075,43075,3533,256,,630,6107039,134748,,,,,412,381486,381486,4431,0,,,,,,46924,,0,6488525,139179,,,,,,0,6488525,139179
12/9/20,NM,A,1823,,34,,7597,7597,917,74,,,1558310,0,,,,,,112950,112950,1748,0,,,,,,40058,,0,1671260,1748,,,,,,0,1669512,0
12/9/20,NV,A,2384,,25,,,,1811,0,,371,863608,3759,,,,,252,176334,176334,3053,0,,,,,,,1773401,14295,1773401,14295,,,,,1039942,6812,1154583,0
12/9/20,NY,A,27404,,97,,89995,89995,4993,0,,952,20370976,183995,,,,,521,733064,733064,10600,0,,,,,,89089,21104040,194595,21104040,194595,,,,,,0,,0
12/9/20,OH,A+,7187,6675,84,512,30690,30690,5198,464,5059,1229,6123596,40210,,,,,747,520112,478879,10094,0,,,,,,351268,,0,6643708,50304,,,,,,0,6602475,48368
12/9/20,OK,A+,1945,,23,,13636,13636,1745,244,,465,2055918,16945,,,2055918,,,222993,222993,2307,0,6539,,,,226305,191525,,0,2278911,19252,98949,,,,,0,2285869,19091
12/9/20,OR,A+,1110,,30,,5240,5240,642,176,,139,2105535,17457,,,2068392,,62,88287,74629,1205,0,,,,,125430,5870,,0,2193822,18662,,,,,,0,2193822,18662
12/9/20,PA,A+,11762,,220,,,,5852,0,,1191,2972594,12870,,,,,675,445317,410973,8703,0,,,,,,258283,,0,3417911,21573,,,,,3383567,20545,6168330,54321
12/9/20,PR,B,1219,979,13,240,,,637,0,,95,305972,0,,,303412,,105,58962,56674,646,0,44595,,,,7002,49961,,0,364934,646,,,,,,0,310546,0
12/9/20,RI,A+,1484,,14,,5216,5216,461,83,,42,497730,3911,,,1598165,,24,68299,68299,1232,0,,,,,83164,4227,1681329,18041,1681329,18041,,,,,566029,5143,,0
12/9/20,SC,A+,4612,4280,27,332,12527,12527,1217,81,,275,2357337,12963,80819,,2288614,,128,239444,223140,2490,0,12651,29885,,,291863,122416,,0,2596781,15453,93470,266077,,,,0,2580477,15142
12/9/20,SD,A+,1147,,36,,4974,4974,501,53,,102,256449,1064,,,,,56,88023,81280,985,0,,,,,,70728,,0,344472,2049,,,,,344472,2049,659619,6342
12/9/20,TN,A+,5171,4678,62,493,12862,12862,2890,85,,681,4387276,36814,,,4321426,,556,422962,385948,8213,0,,38755,,,451798,376851,,0,4810238,45027,,383802,,,,0,4773224,44106
12/9/20,TX,A,23081,,273,,,,9053,0,,2647,10619633,70227,,,,,,1418252,1283674,13606,0,65542,70766,,,1426497,1062398,,0,11903307,81405,598405,857323,,,,0,11903307,81405
12/9/20,UT,A+,995,,23,,9105,9105,592,102,1586,223,1195348,5956,,,1739849,570,,222545,203703,2574,0,,21178,,20351,220042,161077,,0,1959891,15406,,282991,,124939,1399051,8031,1959891,15406
12/9/20,VA,A+,4281,3894,21,387,15592,15592,2035,125,,436,3340359,24043,,,,,200,267128,232940,4398,0,,,,,279105,25862,3573299,27430,3573299,27430,,,,,,0,,0
12/9/20,VI,D,23,23,0,,,,,0,,,28506,345,,,,,,1698,,18,0,,,,,,1534,,0,30204,363,,,,,,0,30313,389
12/9/20,VT,B,86,86,1,,,,26,0,,2,231343,1049,,,,,,5285,5143,105,0,,,,,,3148,,0,593651,5018,,,,,236486,1012,593651,5018
12/9/20,WA,B,2967,2967,26,,11841,11841,1114,145,,294,3009723,29413,,,,,141,201292,194605,3650,0,,,,,,,3197050,32336,3197050,32336,,,,,,0,,0
12/9/20,WI,A+,4142,3887,88,255,18715,18715,1535,215,1897,326,2216057,8107,,,,,,452180,422065,4171,0,,,,,,363504,4708409,31660,4708409,31660,,,,,2638122,11726,,0
12/9/20,WV,B,901,846,31,55,,,650,0,,180,1201369,12495,,,,,77,58462,48999,1402,0,,,,,,37502,,0,1259831,13897,22165,,,,,0,1250368,13518
12/9/20,WY,B,299,,19,,920,920,203,9,,,147534,395,,,397815,,,37885,32889,410,0,,,,,33611,32612,,0,431433,2269,,,,,180423,729,431433,2269
12/8/20,AK,A,146,146,0,,827,827,159,22,,,1052220,6276,,,1043338,,21,36758,,562,0,,,,,44423,7165,,0,1088978,6838,,,,,,0,1088978,6838
12/8/20,AL,A,3942,3496,50,446,27323,27323,2097,279,2305,,1435083,9299,,,,1323,,276665,229007,4436,0,,,,,,168387,,0,1664090,12517,,,75221,,1664090,12517,,0
12/8/20,AR,A+,2752,2521,39,231,9577,9577,1081,132,,394,1632886,8988,,,1632886,1060,182,174325,150612,2283,0,,3300,,28844,,153088,,0,1783498,10425,,21856,,162935,,0,1783498,10425
12/8/20,AS,D,0,,0,,,,,0,,,2140,0,,,,,,0,0,0,0,,,,,,,,0,2140,0,,,,,,0,2140,0
12/8/20,AZ,A+,6973,6449,23,524,28525,28525,3157,252,,744,2042903,7199,,,,,487,378157,365138,12314,0,,,,,,57632,,0,4065339,43,372457,,,,2408041,19202,4065339,43
12/8/20,CA,B,20047,,112,,,,11511,0,,2526,24400068,273152,,,,,,1389707,1389707,23272,0,,,,,,,,0,25789775,296424,,,,,,0,25789775,296424
12/8/20,CO,A,3372,2845,14,527,14957,14957,1755,53,,,1630728,10429,197968,,,,,268589,257282,3971,0,19292,,,,,14366,3551451,35448,3551451,35448,217260,,,,1888010,14222,,0
12/8/20,CT,C,5242,4228,18,1014,12257,12257,1223,0,,,3435277,25700,,,,,,138258,129629,2414,0,,,,,,9800,,0,3573535,28114,,49816,,,,0,3564906,27918
12/8/20,DC,A+,701,,0,,,,205,0,,55,722042,6277,,,,,24,23589,,270,0,,,,,,16884,745631,6547,745631,6547,,,,,320985,1798,,0
12/8/20,DE,A+,803,707,10,96,,,338,0,,41,405974,2157,,,,,,41464,39871,753,0,,,,,41931,18851,796339,8081,796339,8081,,,,,447438,2910,,0
12/8/20,FL,A,19627,,98,,57647,57647,4558,307,,,6568361,32172,578113,560932,10388564,,,1056065,950334,7801,0,71851,,69600,,1371389,,13265616,89756,13265616,89756,650372,,630838,,7624426,39973,11814252,84418
12/8/20,GA,A+,9873,9027,22,846,36461,36461,3013,191,6719,,4103074,30697,,,,,,452369,452369,3686,0,37643,,,59898,425006,,,0,4555443,34383,371988,,,,,0,4555443,34383
12/8/20,GU,B,113,,0,,,,33,0,,10,81588,170,,,,,8,7026,6890,7,0,12,153,,,,6248,,0,88614,177,310,3392,,,,0,88478,177
12/8/20,HI,B,262,,0,,1327,1327,46,2,,17,295153,0,,,,,12,18976,18661,53,0,,,,,18616,11958,710816,2650,710816,2650,,,,,308090,0,,0
12/8/20,IA,A+,2919,,201,,,,900,0,,191,887840,1254,,73070,1751325,,111,214897,214897,830,0,,34054,5366,31914,232741,168056,,0,1102737,2084,,625552,78476,151536,1104948,2090,1994187,8234
12/8/20,ID,A,1055,965,20,90,4448,4448,360,60,829,89,400958,1247,,,,,,111893,93956,1383,0,,,,,,43926,,0,494914,2189,,45253,,,494914,2189,750652,5670
12/8/20,IL,A,14384,13487,168,897,,,5199,0,,1071,10470434,87915,,,,,626,804174,447491,7910,0,,,,,,,,0,11274608,95825,,,,,,0,11274608,95825
12/8/20,IN,A+,6410,6109,126,301,29029,29029,3250,386,5193,955,1945645,8954,,,,,399,392663,,5385,0,,,,,357104,236245,,0,4656827,42287,,,,,2338308,14339,4656827,42287
12/8/20,KS,A+,1856,,0,,5509,5509,623,0,1474,171,687299,0,,,,409,86,174025,,0,0,,,,,,3675,,0,861324,0,,,,,861324,0,,0
12/8/20,KY,B,2102,1999,20,103,10840,10840,1760,104,2612,416,2616810,12410,,,,,207,205668,169569,3076,0,,,,,,30358,,0,2786379,14602,97055,124907,,,,0,2786379,14602
12/8/20,LA,A,6652,6363,45,289,,,1516,0,,,3392824,26136,,,,,165,254562,238676,2426,0,,,,,,202891,,0,3647386,28562,,129429,,,,0,3631500,27933
12/8/20,MA,A+,11076,10833,41,243,14397,14397,1552,0,,310,3276717,14946,,,,,166,263447,253649,4122,0,,,12193,,313988,169809,,0,9072057,58501,,,133429,284946,3530366,18573,9072057,58501
12/8/20,MD,A,4916,4755,51,161,22421,22421,1653,162,,396,2254514,13814,,144346,,,,219961,219961,2632,0,,,15776,,263785,8801,,0,4770832,40400,,,160122,,2474475,16446,4770832,40400
12/8/20,ME,A+,239,237,12,2,803,803,170,22,,52,928518,5669,12508,,923131,,17,14049,12333,274,0,431,1443,,,17160,10247,,0,942567,5943,12951,36880,,,,0,940851,5905
12/8/20,MI,A+,10625,10138,203,487,,,4091,0,,849,6676177,53857,,,6676177,,512,443076,410295,6676,0,,,,,522189,197750,,0,7119253,60533,383571,,,,,0,7198366,61388
12/8/20,MN,A,4027,3933,22,94,18594,18594,1604,236,4063,359,2328808,7221,,,,,,359203,350413,3051,0,,,,,,314957,4519051,24557,4519051,24557,,131675,,,2679221,10100,,0
12/8/20,MO,A+,4355,,161,,,,2628,0,,623,1553295,4241,89011,71709,2861000,,344,328206,328206,3250,0,9229,23670,3618,,362735,,,0,3230130,18701,98448,157166,92852,91310,1881501,7491,3230130,18701
12/8/20,MP,D,2,2,0,,4,4,,0,,,17010,0,,,,,,111,111,2,0,,,,,,29,,0,17121,2,,,,,17116,0,24641,0
12/8/20,MS,A+,4017,3442,56,575,7703,7703,1222,0,,288,1026300,0,,,,,168,167926,128635,1732,0,95,,,,,136627,,0,1194226,1732,54191,282410,,,,0,1154216,0
12/8/20,MT,A,763,,21,,2909,2909,479,34,,79,627532,3360,,,,,41,69346,69346,755,0,,,,,,51135,,0,696878,4115,,,,,,0,696878,4115
12/8/20,NC,A+,5605,5401,45,204,,,2373,0,,573,5300868,44415,,,,,,404032,377926,4670,0,,,,,,341041,,0,5704900,49085,,155329,,,,0,5678794,48657
12/8/20,ND,B,1070,,42,,2896,2896,337,0,452,45,274937,0,11242,,,,,85676,83812,582,0,1105,,,,,77562,1136485,0,1136485,0,12347,,,,358279,0,1196950,0
12/8/20,NE,A,1236,,31,,4619,4619,810,57,,,635366,1529,,,1312983,,,141127,141127,1293,0,,,,,159705,72583,,0,1474341,9500,,,,,776856,2817,1474341,9500
12/8/20,NH,B,566,,0,,849,849,211,0,284,,420066,1992,,,,,,26623,26623,807,0,,,,5519,,20239,,0,873290,6007,34555,31681,33615,,446689,2799,873290,6007
12/8/20,NJ,A,17426,15590,90,1836,42819,42819,3481,259,,670,5972291,53494,,,,,422,377055,377055,5476,0,,,,,,46527,,0,6349346,58970,,,,,,0,6349346,68563
12/8/20,NM,A,1789,,33,,7523,7523,925,116,,,1558310,7982,,,,,,111202,111202,1255,0,,,,,,39725,,0,1669512,9237,,,,,,0,1669512,9237
12/8/20,NV,A,2359,,40,,,,1784,0,,385,859849,2205,,,,,235,173281,173281,2694,0,,,,,,,1759106,11990,1759106,11990,,,,,1033130,4899,1154583,0
12/8/20,NY,B,27307,,75,,89995,89995,4835,0,,906,20186981,153129,,,,,493,722464,722464,9335,0,,,,,,88584,20909445,162464,20909445,162464,,,,,,0,,0
12/8/20,OH,A+,7103,6601,81,502,30226,30226,5181,657,5010,1210,6083386,40355,,,,,744,510018,470721,25721,0,,,,,,341008,,0,6593404,66076,,,,,,0,6554107,52083
12/8/20,OK,A+,1922,,11,,13392,13392,1698,19,,469,2038973,30144,,,2038973,,,220686,220686,2297,0,6539,,,,224116,189020,,0,2259659,32441,98949,,,,,0,2266778,39001
12/8/20,OR,A+,1080,,35,,5064,5064,608,52,,136,2088078,20205,,,2051038,,59,87082,74629,1294,0,,,,,124122,5870,,0,2175160,21499,,,,,,0,2175160,21499
12/8/20,PA,A+,11542,,169,,,,5561,0,,1160,2959724,16441,,,,,659,436614,403298,10170,0,,,,,,248869,,0,3396338,26611,,,,,3363022,25284,6114009,61784
12/8/20,PR,B,1206,969,3,236,,,618,0,,104,305972,0,,,303412,,108,58316,56242,694,0,44306,,,,7002,48929,,0,364288,694,,,,,,0,310546,0
12/8/20,RI,A+,1470,,22,,5133,5133,444,94,,43,493819,2677,,,1581776,,25,67067,67067,1249,0,,,,,81512,4167,1663288,11667,1663288,11667,,,,,560886,3926,,0
12/8/20,SC,A+,4585,4253,6,332,12446,12446,1179,31,,276,2344374,24160,80649,,2275956,,118,236954,220961,2302,0,12586,29275,,,289379,121359,,0,2581328,26462,93235,260282,,,,0,2565335,26301
12/8/20,SD,A+,1111,,1,,4921,4921,491,49,,94,255385,690,,,,,63,87038,80499,538,0,,,,,,69144,,0,342423,1228,,,,,342423,1228,653277,5705
12/8/20,TN,A+,5109,4636,100,473,12777,12777,2839,139,,678,4350462,25540,,,4285324,,332,414749,378656,6019,0,,37687,,,443794,371163,,0,4765211,31559,,373162,,,,0,4729118,30659
12/8/20,TX,A,22808,,181,,,,9028,0,,2646,10549406,103011,,,,,,1404646,1272496,19842,0,65063,69554,,,1416631,1050416,,0,11821902,117293,595246,843177,,,,0,11821902,117293
12/8/20,UT,A+,972,,23,,9003,9003,588,107,1576,220,1189392,3927,,,1726713,567,,219971,201628,2333,0,,20701,,19903,217772,158119,,0,1944485,10931,,274881,,121788,1391020,5717,1944485,10931
12/8/20,VA,A+,4260,3875,52,385,15467,15467,1918,111,,435,3316316,20690,,,,,196,262730,229553,3860,0,,,,,275809,25201,3545869,23817,3545869,23817,,,,,,0,,0
12/8/20,VI,D,23,23,0,,,,,0,,,28161,147,,,,,,1680,,31,0,,,,,,1523,,0,29841,178,,,,,,0,29924,170
12/8/20,VT,B,85,85,4,,,,32,0,,4,230294,73,,,,,,5180,5180,100,0,,,,,,3076,,0,588633,2324,,,,,235474,309,588633,2324
12/8/20,WA,B,2941,2941,16,,11696,11696,1094,152,,281,2980310,14757,,,,,135,197642,191241,1182,0,,,,,,,3164714,21714,3164714,21714,,,,,,0,,0
12/8/20,WI,A+,4054,3806,81,248,18500,18500,1556,214,1889,325,2207950,5477,,,,,,448009,418446,4620,0,,,,,,356752,4676749,25694,4676749,25694,,,,,2626396,9591,,0
12/8/20,WV,B,870,821,29,49,,,646,0,,187,1188874,9419,,,,,80,57060,47976,932,0,,,,,,36513,,0,1245934,10351,22048,,,,,0,1236850,10153
12/8/20,WY,B,280,,0,,911,911,203,10,,,147139,873,,,395741,,,37475,32555,490,0,,,,,33416,32234,,0,429164,3248,,,,,179694,1232,429164,3248
12/7/20,AK,A,146,146,3,,805,805,166,6,,,1045944,3888,,,1037022,,24,36196,,476,0,,,,,43903,7165,,0,1082140,4364,,,,,,0,1082140,4364
12/7/20,AL,A,3892,3465,3,427,27044,27044,2079,713,2290,,1425784,4658,,,,1317,,272229,225789,2352,0,,,,,,168387,,0,1651573,6532,,,74956,,1651573,6532,,0
12/7/20,AR,A+,2713,2485,53,228,9445,9445,1053,44,,382,1623898,8919,,,1623898,1044,182,172042,149175,1118,0,,3300,,27881,,151248,,0,1773073,9923,,21856,,156801,,0,1773073,9923
12/7/20,AS,D,0,,0,,,,,0,,,2140,0,,,,,,0,0,0,0,,,,,,,,0,2140,0,,,,,,0,2140,0
12/7/20,AZ,A+,6950,6431,0,519,28273,28273,3059,25,,736,2035704,16891,,,,,459,365843,353135,1567,0,,,,,,57040,,0,4065296,4081,371261,,,,2388839,18340,4065296,4081
12/7/20,CA,B,19935,,59,,,,10998,0,,2470,24126916,273570,,,,,,1366435,1366435,24735,0,,,,,,,,0,25493351,298305,,,,,,0,25493351,298305
12/7/20,CO,A,3358,2841,2,517,14904,14904,1779,36,,,1620299,11470,196089,,,,,264618,253489,4037,0,18864,,,,,14125,3516003,37843,3516003,37843,215691,,,,1873788,15447,,0
12/7/20,CT,C,5224,4212,78,1012,12257,12257,1183,0,,,3409577,115194,,,,,,135844,127411,8129,0,,,,,,9800,,0,3545421,123323,,49816,,,,0,3536988,123021
12/7/20,DC,A+,701,,4,,,,176,0,,51,715765,4268,,,,,24,23319,,183,0,,,,,,16733,739084,4451,739084,4451,,,,,319187,1381,,0
12/7/20,DE,A+,793,698,0,95,,,322,0,,37,403817,2963,,,,,,40711,39160,799,0,,,,,41125,18851,788258,9960,788258,9960,,,,,444528,3762,,0
12/7/20,FL,A,19529,,106,,57340,57340,4495,155,,,6536189,30952,578113,560932,10314978,,,1048264,945449,7537,0,71851,,69600,,1360895,,13175860,92339,13175860,92339,650372,,630838,,7584453,38489,11729834,86753
12/7/20,GA,A+,9851,9007,45,844,36270,36270,2923,231,6691,,4072377,40147,,,,,,448683,448683,4861,0,37495,,,58007,420948,,,0,4521060,45008,371077,,,,,0,4521060,45008
12/7/20,GU,B,113,,0,,,,33,0,,10,81418,1847,,,,,8,7019,6883,15,0,12,153,,,,6248,,0,88437,1862,310,3392,,,,0,88301,1903
12/7/20,HI,B,262,,0,,1325,1325,57,0,,14,295153,0,,,,,17,18923,18608,81,0,,,,,18567,11958,708166,6390,708166,6390,,,,,308090,0,,0
12/7/20,IA,A+,2718,,35,,,,898,0,,200,886586,1387,,72764,1744017,,120,214067,214067,677,0,,33334,5199,31203,231843,160836,,0,1100653,2064,,609129,78003,149492,1102858,2069,1985953,1985953
12/7/20,ID,A,1035,946,3,89,4388,4388,477,16,822,105,399711,1684,,,,,,110510,93014,805,0,,,,,,43380,,0,492725,2338,,45253,,,492725,2338,744982,3118
12/7/20,IL,A,14216,13343,100,873,,,5190,0,,1123,10382519,68878,,,,,648,796264,447491,8691,0,,,,,,,,0,11178783,77569,,,,,,0,11178783,77569
12/7/20,IN,A+,6284,5986,42,298,28643,28643,3214,276,5128,954,1936691,8429,,,,,393,387278,,5661,0,,,,,352008,230157,,0,4614540,37329,,,,,2323969,14090,4614540,37329
12/7/20,KS,A+,1856,,70,,5509,5509,623,92,1474,171,687299,10408,,,,409,86,174025,,5730,0,,,,,,3675,,0,861324,16138,,,,,861324,16138,,0
12/7/20,KY,B,2082,1980,10,102,10736,10736,1700,58,2587,410,2604400,35857,,,,,210,202592,167377,1960,0,,,,,,30239,,0,2771777,39772,96708,123834,,,,0,2771777,39772
12/7/20,LA,A,6607,6331,23,276,,,1423,0,,,3366688,9728,,,,,161,252136,236879,1013,0,,,,,,202891,,0,3618824,10741,,125278,,,,0,3603567,10738
12/7/20,MA,A+,11035,10793,31,242,14397,14397,1516,0,,302,3261771,11043,,,,,153,259325,250022,2481,0,,,12193,,309976,169809,,0,9013556,43304,,,133429,280896,3511793,13506,9013556,43304
12/7/20,MD,A,4865,4705,19,160,22259,22259,1561,164,,388,2240700,15105,,144346,,,,217329,217329,2302,0,,,15776,,260509,8797,,0,4730432,44956,,,160122,,2458029,17407,4730432,44956
12/7/20,ME,A+,227,225,0,2,781,781,170,13,,52,922849,22017,12494,,917490,,17,13775,12097,427,0,420,1346,,,16898,10146,,0,936624,22444,12926,35125,,,,0,934946,22724
12/7/20,MI,A+,10422,9947,101,475,,,4122,0,,840,6622320,83838,,,6622320,,515,436400,404386,9824,0,,,,,514658,197750,,0,7058720,93662,380511,,,,,0,7136978,95601
12/7/20,MN,A,4005,3913,21,92,18358,18358,1567,125,4015,362,2321587,20452,,,,,,356152,347534,5290,0,,,,,,314138,4494494,62817,4494494,62817,,128998,,,2669121,25583,,0
12/7/20,MO,A+,4194,,2,,,,2550,0,,599,1549054,4828,88648,71709,2845841,,355,324956,324956,2658,0,9090,22970,3618,,359229,,,0,3211429,15244,97946,153153,92439,88854,1874010,7486,3211429,15244
12/7/20,MP,D,2,2,0,,4,4,,0,,,17010,0,,,,,,109,109,3,0,,,,,,29,,0,17119,3,,,,,17116,0,24641,697
12/7/20,MS,A+,3961,3403,0,558,7703,7703,1188,217,,287,1026300,43905,,,,,170,166194,127916,1263,0,95,,,,,136627,,0,1192494,45168,54191,282410,,,,0,1154216,49584
12/7/20,MT,A,742,,6,,2875,2875,492,39,,77,624172,3833,,,,,40,68591,68591,716,0,,,,,,50652,,0,692763,4549,,,,,,0,692763,4549
12/7/20,NC,A+,5560,5364,17,196,,,2240,0,,528,5256453,40167,,,,,,399362,373684,4372,0,,,,,,341041,,0,5655815,44539,,149603,,,,0,5630137,44313
12/7/20,ND,B,1028,,9,,2896,2896,304,16,452,45,274937,445,11242,,,,,85094,83297,387,0,1105,,,,,77562,1136485,4460,1136485,4460,12347,,,,358279,808,1196950,4828
12/7/20,NE,A,1205,,11,,4562,4562,768,15,,,633837,2098,,,1305054,,,139834,139834,1266,0,,,,,158132,71188,,0,1464841,8473,,,,,774039,3366,1464841,8473
12/7/20,NH,B,566,,2,,849,849,185,0,284,,418074,2098,,,,,,25816,25816,1045,0,,,,5240,,19864,,0,867283,5810,34525,,33589,,443890,3143,867283,5810
12/7/20,NJ,A,17336,15500,15,1836,42560,42560,3346,104,,637,5918797,0,,,,,391,371579,371579,3563,0,,,,,,46290,,0,6290376,3563,,,,,,0,6280783,0
12/7/20,NM,A,1756,,7,,7407,7407,935,86,,,1550328,10440,,,,,,109947,109947,1859,0,,,,,,38131,,0,1660275,12299,,,,,,0,1660275,12299
12/7/20,NV,A,2319,,4,,,,1767,0,,379,857644,3997,,,,,227,170587,170587,2448,0,,,,,,,1747116,13853,1747116,13853,,,,,1028231,6445,1154583,0
12/7/20,NY,B,27232,,83,,89995,89995,4602,0,,872,20033852,144985,,,,,464,713129,713129,7302,0,,,,,,87949,20746981,152287,20746981,152287,,,,,,0,,0
12/7/20,OH,A+,7022,6544,63,478,29569,29569,5121,336,4943,1163,6043031,42345,,,,,711,484297,458993,9273,0,,,,,,327078,,0,6527328,51618,,,,,,0,6502024,51371
12/7/20,OK,A+,1911,,15,,13373,13373,1721,254,,472,2008829,0,,,2008829,,,218389,218389,1903,0,6539,,,,218948,184736,,0,2227218,1903,98949,,,,,0,2227777,0
12/7/20,OR,A+,1045,,12,,5012,5012,622,153,,128,2067873,62256,,,2031230,,65,85788,74629,1292,0,,,,,122431,5870,,0,2153661,15330,,,,,,0,2153661,15330
12/7/20,PA,A+,11373,,42,,,,5421,0,,1115,2943283,14247,,,,,614,426444,394455,6330,0,,,,,,247337,,0,3369727,20577,,,,,3337738,20266,6052225,116299
12/7/20,PR,B,1203,966,11,236,,,618,0,,106,305972,0,,,303412,,88,57622,55680,951,0,43806,,,,7002,47883,,0,363594,951,,,,,,0,310546,0
12/7/20,RI,A+,1448,,11,,5039,5039,422,0,,45,491142,2169,,,1571493,,30,65818,65818,844,0,,,,,80128,4104,1651621,7856,1651621,7856,,,,,556960,3013,,0
12/7/20,SC,A+,4579,4249,13,330,12415,12415,1025,35,,243,2320214,24122,80410,,2252263,,108,234652,218820,2553,0,12502,29127,,,286771,120652,,0,2554866,26675,92912,258736,,,,0,2539034,26564
12/7/20,SD,A+,1110,,0,,4872,4872,503,37,,98,254695,691,,,,,62,86500,79994,509,0,,,,,,68576,,0,341195,1200,,,,,341195,1200,647572,2945
12/7/20,TN,A+,5009,4544,66,465,12638,12638,2755,45,,666,4324922,34994,,,4260327,,333,408730,373537,8136,0,,36663,,,438132,362818,,0,4733652,43130,,367022,,,,0,4698459,42198
12/7/20,TX,A,22627,,33,,,,8790,0,,2631,10446395,30919,,,,,,1384804,1258214,9491,0,64835,67828,,,1401774,1038806,,0,11704609,39810,593787,818716,,,,0,11704609,39810
12/7/20,UT,A+,949,,10,,8896,8896,592,74,1552,215,1185465,5144,,,1717712,558,,217638,199838,2231,0,,19925,,19158,215842,154983,,0,1933554,11318,,264453,,117599,1385303,7039,1933554,11318
12/7/20,VA,A+,4208,3829,8,379,15356,15356,1885,61,,403,3295626,26804,,,,,180,258870,226426,3817,0,,,,,273087,25401,3522052,29851,3522052,29851,,,,,,0,,0
12/7/20,VI,D,23,23,0,,,,,0,,,28014,354,,,,,,1649,,16,0,,,,,,1517,,0,29663,370,,,,,,0,29754,363
12/7/20,VT,B,81,81,2,,,,31,0,,6,230221,1356,,,,,,5080,4944,65,0,,,,,,2996,,0,586309,2507,,,,,235165,1285,586309,2507
12/7/20,WA,B,2925,2925,0,,11544,11544,1099,69,,274,2965553,7501,,,,,135,196460,190099,1773,0,,,,,,,3143000,9155,3143000,9155,,,,,,0,,0
12/7/20,WI,A+,3973,3738,21,235,18286,18286,1566,70,1882,326,2202473,5751,,,,,,443389,414332,2322,0,,,,,,352510,4651055,27828,4651055,27828,,,,,2616805,7906,,0
12/7/20,WV,B,841,798,3,43,,,610,0,,176,1179455,11089,,,,,83,56128,47242,1131,0,,,,,,35596,,0,1235583,12220,21902,,,,,0,1226697,12005
12/7/20,WY,B,280,,23,,901,901,206,49,,,146266,1690,,,392871,,,36985,32196,668,0,,,,,33038,30988,,0,425916,8289,,,,,178462,2839,425916,8289
12/6/20,AK,A,143,143,0,,799,799,164,0,,,1042056,9788,,,1032815,,21,35720,,757,0,,,,,43746,7165,,0,1077776,10545,,,,,,0,1077776,10545
12/6/20,AL,A,3889,3462,12,427,26331,26331,1927,0,2290,,1421126,5769,,,,1317,,269877,223915,2288,0,,,,,,168387,,0,1645041,7880,,,74784,,1645041,7880,,0
12/6/20,AR,A+,2660,2437,40,223,9401,9401,1076,21,,374,1614979,13244,,,1614979,1038,179,170924,148171,1542,0,,3300,,27710,,149490,,0,1763150,14704,,21856,,155934,,0,1763150,14704
12/6/20,AS,D,0,,0,,,,,0,,,2140,0,,,,,,0,0,0,0,,,,,,,,0,2140,0,,,,,,0,2140,0
12/6/20,AZ,A+,6950,6431,25,519,28248,28248,2977,242,,714,2018813,15661,,,,,462,364276,351686,5376,0,,,,,,56382,,0,4061215,15440,370928,,,,2370499,20586,4061215,15440
12/6/20,CA,B,19876,,85,,,,10624,0,,2393,23853346,262996,,,,,,1341700,1341700,30075,0,,,,,,,,0,25195046,293071,,,,,,0,25195046,293071
12/6/20,CO,A,3356,2839,-1,517,14868,14868,1750,24,,,1608829,34610,196089,,,,,260581,249512,3234,0,18864,,,,,13941,3478160,36046,3478160,36046,214953,,,,1858341,42697,,0
12/6/20,CT,C,5146,4143,0,1003,12257,12257,1150,0,,,3294383,0,,,,,,127715,119584,0,0,,,,,,9800,,0,3422098,0,,49816,,,,0,3413967,0
12/6/20,DC,A+,697,,2,,,,171,0,,50,711497,6982,,,,,23,23136,,264,0,,,,,,16665,734633,7246,734633,7246,,,,,317806,1988,,0
12/6/20,DE,A+,793,698,11,95,,,315,0,,39,400854,2340,,,,,,39912,38362,816,0,,,,,40267,18851,778298,8480,778298,8480,,,,,440766,3156,,0
12/6/20,FL,A,19423,,96,,57185,57185,4400,145,,,6505237,41197,578113,560932,10238741,,,1040727,939763,8175,0,71851,,69600,,1350646,,13083521,96582,13083521,96582,650372,,630838,,7545964,49372,11643081,86153
12/6/20,GA,A+,9806,8971,13,835,36039,36039,2829,38,6676,,4032230,8047,,,,,,443822,443822,1805,0,37176,,,57583,415077,,,0,4476052,9852,369773,,,,,0,4476052,9852
12/6/20,GU,B,113,,0,,,,33,0,,10,79571,0,,,,,6,7004,6827,27,0,12,153,,,,6056,,0,86575,27,227,2591,,,,0,86398,0
12/6/20,HI,B,262,,1,,1325,1325,57,0,,14,295153,0,,,,,17,18842,18527,104,0,,,,,18493,11958,701776,6599,701776,6599,,,,,308090,0,,0
12/6/20,IA,A+,2683,,16,,,,918,0,,195,885199,2588,,72606,,,122,213390,213390,1499,0,,,5189,30921,,159063,,0,1098589,4087,,,77835,148950,1100789,4076,,0
12/6/20,ID,A,1032,944,0,88,4372,4372,477,30,814,105,398027,1810,,,,,,109705,92360,1339,0,,,,,,42932,,0,490387,2927,,45253,,,490387,2927,741864,4267
12/6/20,IL,A,14116,13255,99,861,,,5160,0,,1103,10313641,71940,,,,,643,787573,447491,7598,0,,,,,,,,0,11101214,79538,,,,,,0,11101214,79538
12/6/20,IN,A+,6242,5944,35,298,28367,28367,3189,351,5081,961,1928262,11103,,,,,368,381617,,6598,0,,,,,347061,224059,,0,4577211,51451,,,,,2309879,17701,4577211,51451
12/6/20,KS,A+,1786,,0,,5417,5417,1143,0,1453,283,676891,0,,,,409,123,168295,,0,0,,,,,,3615,,0,845186,0,,,,,845186,0,,0
12/6/20,KY,B,2072,1970,10,102,10678,10678,1731,0,2576,401,2568543,0,,,,,226,200632,165693,2567,0,,,,,,30161,,0,2732005,0,96301,122226,,,,0,2732005,0
12/6/20,LA,A,6584,6309,36,275,,,1392,0,,,3356960,37603,,,,,162,251123,235869,3946,0,,,,,,202891,,0,3608083,41549,,125101,,,,0,3592829,40993
12/6/20,MA,A+,11004,10763,51,241,14397,14397,1416,0,,298,3250728,19821,,,,,139,256844,247559,4827,0,,,12193,,307148,169809,,0,8970252,89439,,,133429,280427,3498287,24568,8970252,89439
12/6/20,MD,A,4846,4685,26,161,22095,22095,1576,183,,393,2225595,14799,,144346,,,,215027,215027,2643,0,,,15776,,257412,8785,,0,4685476,48348,,,160122,,2440622,17442,4685476,48348
12/6/20,ME,A+,227,225,0,2,768,768,164,8,,45,900832,0,12438,,895921,,17,13348,11801,221,0,409,1041,,,15749,10080,,0,914180,221,12859,29270,,,,0,912222,0
12/6/20,MI,A+,10321,9854,0,467,,,4141,0,,855,6538482,0,,,6538482,,513,426576,395036,0,0,,,,,502895,197750,,0,6965058,0,378723,,,,,0,7041377,0
12/6/20,MN,A,3984,3892,64,92,18233,18233,1679,174,3991,367,2301135,19757,,,,,,350862,342403,5581,0,,,,,,308218,4431677,61042,4431677,61042,,128148,,,2643538,25107,,0
12/6/20,MO,A+,4192,,11,,,,2708,0,,625,1544226,6658,88500,71709,2833491,,368,322298,322298,3876,0,9013,22691,3618,,356389,,,0,3196185,22196,97721,150185,92247,87216,1866524,10534,3196185,22196
12/6/20,MP,D,2,2,0,,4,4,,0,,,17010,0,,,,,,106,106,0,0,,,,,,29,,0,17116,0,,,,,17116,0,23944,0
12/6/20,MS,A+,3961,3403,12,558,7486,7486,1157,0,,286,982395,0,,,,,165,164931,127320,1473,0,95,,,,,128746,,0,1147326,1473,51554,210647,,,,0,1104632,0
12/6/20,MT,A,736,,2,,2836,2836,475,21,,77,620339,4825,,,,,44,67875,67875,806,0,,,,,,50287,,0,688214,5631,,,,,,0,688214,5631
12/6/20,NC,A+,5543,5347,27,196,,,2191,0,,515,5216286,58224,,,,,,394990,369538,6438,0,,,,,,315979,,0,5611276,64662,,148091,,,,0,5585824,64064
12/6/20,ND,B,1019,,6,,2880,2880,305,12,450,48,274492,478,11242,,,,,84707,82933,488,0,1105,,,,,76999,1132025,6904,1132025,6904,12347,,,,357471,953,1192122,7512
12/6/20,NE,A,1194,,8,,4547,4547,755,41,,,631739,6185,,,1298009,,,138568,138568,2243,0,,,,,156729,69840,,0,1456368,20591,,,,,770673,8429,1456368,20591
12/6/20,NH,B,564,,5,,849,849,169,2,284,,415976,2561,,,,,,24771,24771,633,0,,,,4960,,19553,,0,861473,7388,34502,,33568,,440747,3194,861473,7388
12/6/20,NJ,A,17321,15485,15,1836,42456,42456,3241,95,,622,5918797,0,,,,,396,368016,368016,6030,0,,,,,,46021,,0,6286813,6030,,,,,,0,6280783,0
12/6/20,NM,A,1749,,11,,7321,7321,919,54,,,1539888,11827,,,,,,108088,108088,1232,0,,,,,,37041,,0,1647976,13059,,,,,,0,1647976,13059
12/6/20,NV,A,2315,,14,,,,1789,0,,382,853647,4379,,,,,214,168139,168139,2511,0,,,,,,,1733263,14716,1733263,14716,,,,,1021786,6890,1154583,0
12/6/20,NY,B,27149,,60,,89995,89995,4442,0,,850,19888867,196130,,,,,464,705827,705827,9702,0,,,,,,87949,20594694,205832,20594694,205832,,,,,,0,,0
12/6/20,OH,A+,6959,6488,13,471,29233,29233,5072,274,4903,1215,6000686,51453,,,,,725,475024,449967,7592,0,,,,,,321505,,0,6475710,59045,,,,,,0,6450653,58961
12/6/20,OK,A+,1896,,22,,13119,13119,1721,-9,,472,2008829,0,,,2008829,,,216486,216486,3241,0,6539,,,,218948,182942,,0,2225315,3241,98949,,,,,0,2227777,0
12/6/20,OR,A+,1033,,6,,4859,4859,596,0,,127,2005617,0,,,2017104,,59,84496,74629,1253,0,,,,,121227,5870,,0,2138331,18821,,,,,,0,2138331,18821
12/6/20,PA,A+,11331,,69,,,,5300,0,,1107,2929036,17396,,,,,587,420114,388436,8630,0,,,,,,238660,,0,3349150,26026,,,,,3317472,25639,5935926,0
12/6/20,PR,B,1192,959,7,232,,,631,0,,107,305972,0,,,303412,,102,56671,54746,1139,0,43358,,,,7002,47406,,0,362643,1139,,,,,,0,310546,0
12/6/20,RI,A+,1437,,8,,5039,5039,422,55,,45,488973,2913,,,1564614,,30,64974,64974,1030,0,,,,,79151,4104,1643765,13774,1643765,13774,,,,,553947,3943,,0
12/6/20,SC,A+,4566,4237,49,329,12380,12380,1025,75,,243,2296092,21406,80199,,2228787,,108,232099,216378,2864,0,12408,28921,,,283683,119844,,0,2528191,24270,92607,255932,,,,0,2512470,23989
12/6/20,SD,A+,1110,,19,,4835,4835,497,42,,111,254004,939,,,,,66,85991,79535,687,0,,,,,,68449,,0,339995,1626,,,,,339995,1626,644627,4830
12/6/20,TN,A+,4943,4491,38,452,12593,12593,2760,35,,690,4289928,12394,,,4226010,,346,400594,366333,3072,0,,35707,,,430251,360152,,0,4690522,15466,,354519,,,,0,4656261,14750
12/6/20,TX,A,22594,,92,,,,8681,0,,2592,10415476,49213,,,,,,1375313,1249323,10380,0,64340,67018,,,1395225,1030716,,0,11664799,57786,590964,813338,,,,0,11664799,57786
12/6/20,UT,A+,939,,0,,8822,8822,605,57,1548,213,1180321,6450,,,1708439,558,,215407,197943,2563,0,,19688,,18930,213797,153027,,0,1922236,14448,,263379,,117087,1378264,8738,1922236,14448
12/6/20,VA,A+,4200,3822,3,378,15295,15295,1969,40,,395,3268822,52984,,,,,187,255053,223379,3880,0,,,,,270132,25235,3492201,55853,3492201,55853,,,,,,0,,0
12/6/20,VI,D,23,23,0,,,,,0,,,27660,0,,,,,,1633,,0,0,,,,,,1513,,0,29293,0,,,,,,0,29391,0
12/6/20,VT,B,79,79,0,,,,25,0,,4,228865,2008,,,,,,5015,4884,121,0,,,,,,2951,,0,583802,5793,,,,,233880,2129,583802,5793
12/6/20,WA,B,2925,2925,0,,11475,11475,1099,202,,274,2958052,12196,,,,,136,194687,188411,3080,0,,,,,,,3133845,13699,3133845,13699,,,,,,0,,0
12/6/20,WI,A+,3952,3719,18,233,18216,18216,1660,90,1880,371,2196722,7773,,,,,,441067,412177,3149,0,,,,,,348995,4623227,27704,4623227,27704,,,,,2608899,10564,,0
12/6/20,WV,B,838,792,9,46,,,616,0,,174,1168366,6619,,,,,77,54997,46326,1425,0,,,,,,35082,,0,1223363,8044,21781,,,,,0,1214692,7692
12/6/20,WY,B,257,,0,,852,852,212,9,,,144576,0,,,385537,,,36317,31561,376,0,,,,,32083,29656,,0,417627,0,,,,,175623,0,417627,0
12/5/20,AK,A,143,143,1,,799,799,166,5,,,1032268,15940,,,1023349,,24,34963,,922,0,,,,,42805,7165,,0,1067231,16862,,,,,,0,1067231,16862
12/5/20,AL,A,3877,3454,46,423,26331,26331,1867,0,2290,,1415357,8058,,,,1317,,267589,221804,3390,0,,,,,,168387,,0,1637161,10793,,,74594,,1637161,10793,,0
12/5/20,AR,A+,2620,2402,34,218,9380,9380,1056,51,,359,1601735,11959,,,1601735,1038,178,169382,146711,2245,0,,3300,,27547,,148131,,0,1748446,13760,,21856,,155355,,0,1748446,13760
12/5/20,AS,D,0,,0,,,,,0,,,2140,0,,,,,,0,0,0,0,,,,,,,,0,2140,0,,,,,,0,2140,0
12/5/20,AZ,A+,6925,6406,40,519,28006,28006,2931,268,,701,2003152,16875,,,,,431,358900,346761,6799,0,,,,,,55640,,0,4045775,33404,369832,,,,2349913,23169,4045775,33404
12/5/20,CA,B,19791,,209,,,,10273,0,,2265,23590350,201429,,,,,,1311625,1311625,25068,0,,,,,,,,0,24901975,226497,,,,,,0,24901975,226497
12/5/20,CO,A,3357,2840,19,517,14844,14844,1812,82,,,1574219,0,194770,,,,,257347,246333,5125,0,18530,,,,,13760,3442114,45040,3442114,45040,214953,,,,1815644,0,,0
12/5/20,CT,C,5146,4143,0,1003,12257,12257,1150,0,,,3294383,0,,,,,,127715,119584,0,0,,,,,,9800,,0,3422098,0,,49816,,,,0,3413967,0
12/5/20,DC,A+,695,,2,,,,193,0,,54,704515,8753,,,,,22,22872,,392,0,,,,,,16596,727387,9145,727387,9145,,,,,315818,2424,,0
12/5/20,DE,A+,782,688,0,94,,,306,0,,36,398514,1845,,,,,,39096,37655,698,0,,,,,39295,18605,769818,9014,769818,9014,,,,,437610,2543,,0
12/5/20,FL,A,19327,,91,,57040,57040,4339,231,,,6464040,42210,578113,560932,10163645,,,1032552,933525,10198,0,71851,,69600,,1339838,,12986939,129842,12986939,129842,650372,,630838,,7496592,52408,11556928,108006
12/5/20,GA,A+,9793,8969,68,824,36001,36001,2753,218,6671,,4024183,27463,,,,,,442017,442017,3717,0,37137,,,57354,413978,,,0,4466200,31180,369581,,,,,0,4466200,31180
12/5/20,GU,B,113,,0,,,,38,0,,9,79571,0,,,,,6,6977,6827,18,0,12,153,,,,6056,,0,86548,18,227,2591,,,,0,86398,0
12/5/20,HI,B,261,,5,,1325,1325,57,10,,14,295153,0,,,,,17,18738,18423,133,0,,,,,18386,11958,695177,8421,695177,8421,,,,,308090,0,,0
12/5/20,IA,A+,2667,,62,,,,960,0,,204,882611,3286,,72534,,,117,211891,211891,1655,0,,,5143,30321,,157026,,0,1094502,4941,,,77717,147321,1096713,4935,,0
12/5/20,ID,A,1032,943,18,89,4342,4342,477,71,805,105,396217,1764,,,,,,108366,91243,1911,0,,,,,,42671,,0,487460,3268,,45253,,,487460,3268,737597,5128
12/5/20,IL,A,14017,13179,235,838,,,5331,0,,1134,10241701,92791,,,,,694,779975,447491,9887,0,,,,,,,,0,11021676,102678,,,,,,0,11021676,102678
12/5/20,IN,A+,6207,5910,85,297,28016,28016,3255,344,5033,961,1917159,12306,,,,,368,375019,,7690,0,,,,,341255,222022,,0,4525760,61268,,,,,2292178,19996,4525760,61268
12/5/20,KS,A+,1786,,0,,5417,5417,1143,0,1453,283,676891,0,,,,409,123,168295,,0,0,,,,,,3615,,0,845186,0,,,,,845186,0,,0
12/5/20,KY,B,2062,1960,23,102,10678,10678,1731,118,2576,401,2568543,29028,,,,,226,198065,163462,3872,0,,,,,,30161,,0,2732005,32324,96301,122226,,,,0,2732005,32324
12/5/20,LA,A,6548,6274,0,274,,,1357,0,,,3319357,0,,,,,154,247177,232479,0,0,,,,,,202891,,0,3566534,0,,120846,,,,0,3551836,0
12/5/20,MA,A+,10953,10715,43,238,14397,14397,1428,0,,283,3230907,22950,,,,,138,252017,242812,5619,0,,,12193,,301751,169809,,0,8880813,106116,,,133429,279060,3473719,28306,8880813,106116
12/5/20,MD,A,4820,4659,30,161,21912,21912,1598,156,,379,2210796,16700,,144346,,,,212384,212384,3193,0,,,15776,,254161,8780,,0,4637128,53900,,,160122,,2423180,19893,4637128,53900
12/5/20,ME,A+,227,225,3,2,760,760,164,9,,45,900832,0,12438,,895921,,17,13127,11640,283,0,409,1041,,,15749,9993,,0,913959,283,12859,29270,,,,0,912222,0
12/5/20,MI,A+,10321,9854,204,467,,,4141,0,,855,6538482,58590,,,6538482,,513,426576,395036,6308,0,,,,,502895,197750,,0,6965058,64898,378723,,,,,0,7041377,68207
12/5/20,MN,A,3920,3829,75,91,18059,18059,1679,231,3980,367,2281378,12161,,,,,,345281,337053,6308,0,,,,,,301081,4370635,48295,4370635,48295,,121786,,,2618431,18075,,0
12/5/20,MO,A+,4181,,59,,,,2735,0,,631,1537568,6927,88121,71709,2815510,,361,318422,318422,5001,0,8817,22076,3618,,352226,,,0,3173989,26435,97146,146641,91754,85007,1855990,11928,3173989,26435
12/5/20,MP,D,2,2,0,,4,4,,0,,,17010,0,,,,,,106,106,0,0,,,,,,29,,0,17116,0,,,,,17116,0,23944,0
12/5/20,MS,A+,3949,3395,33,554,7486,7486,1157,0,,286,982395,0,,,,,165,163458,126751,1942,0,95,,,,,128746,,0,1145853,1942,51554,210647,,,,0,1104632,0
12/5/20,MT,A,734,,7,,2815,2815,466,5,,84,615514,6688,,,,,47,67069,67069,633,0,,,,,,49910,,0,682583,7321,,,,,,0,682583,7321
12/5/20,NC,A+,5516,5323,49,193,,,2171,0,,508,5158062,55309,,,,,,388552,363698,6018,0,,,,,,315979,,0,5546614,61327,,145082,,,,0,5521760,60540
12/5/20,ND,B,1013,,18,,2868,2868,298,26,448,47,274014,767,11242,,,,,84219,82463,615,0,1105,,,,,76476,1125121,8318,1125121,8318,12347,,,,356518,1322,1184610,9170
12/5/20,NE,A,1186,,27,,4506,4506,819,27,,,625554,2432,,,1279277,,,136325,136325,1615,0,,,,,154875,68355,,0,1435777,14074,,,,,762244,4050,1435777,14074
12/5/20,NH,B,559,,7,,847,847,146,3,282,,413415,3341,,,,,,24138,24138,448,0,,,,4717,,19034,,0,854085,8885,34455,,33528,,437553,3789,854085,8885
12/5/20,NJ,A,17306,15470,51,1836,42361,42361,3264,198,,628,5918797,92960,,,,,384,361986,361986,5324,0,,,,,,45562,,0,6280783,98284,,,,,,0,6280783,103947
12/5/20,NM,A,1738,,32,,7267,7267,925,83,,,1528061,12613,,,,,,106856,106856,1921,0,,,,,,36388,,0,1634917,14534,,,,,,0,1634917,14534
12/5/20,NV,A,2301,,29,,,,1789,0,,382,849268,7047,,,,,214,165628,165628,3194,0,,,,,,,1718547,21653,1718547,21653,,,,,1014896,10241,1154583,0
12/5/20,NY,B,27089,,72,,89995,89995,4318,0,,825,19692737,204640,,,,,435,696125,696125,10761,0,,,,,,87473,20388862,215401,20388862,215401,,,,,,0,,0
12/5/20,OH,A+,6946,6475,64,471,28959,28959,4978,286,4870,1163,5949233,56754,,,,,702,467432,442459,10469,0,,,,,,315453,,0,6416665,67223,,,,,,0,6391692,66889
12/5/20,OK,A+,1874,,14,,13128,13128,1721,179,,472,2008829,26060,,,2008829,,,213245,213245,4370,0,6539,,,,218948,180810,,0,2222074,30430,98949,,,,,0,2227777,27995
12/5/20,OR,A+,1027,,24,,4859,4859,596,0,,127,2005617,0,,,1999894,,59,83243,74629,1806,0,,,,,119616,5870,,0,2119510,32456,,,,,,0,2119510,32456
12/5/20,PA,A+,11262,,149,,,,5272,0,,1066,2911640,18319,,,,,573,411484,380193,12884,0,,,,,,238660,,0,3323124,31203,,,,,3291833,29001,5935926,76925
12/5/20,PR,B,1185,955,12,229,,,640,0,,103,305972,0,,,303412,,104,55532,53633,935,0,41991,,,,7002,47406,,0,361504,935,,,,,,0,310546,0
12/5/20,RI,A+,1429,,16,,4984,4984,410,141,,42,486060,3138,,,1552033,,30,63944,63944,1807,0,,,,,77958,4065,1629991,21143,1629991,21143,,,,,550004,4945,,0
12/5/20,SC,A+,4517,4194,21,323,12305,12305,1029,82,,244,2274686,25800,79812,,2207945,,110,229235,213795,3222,0,12248,28292,,,280536,118984,,0,2503921,29022,92060,250883,,,,0,2488481,28600
12/5/20,SD,A+,1091,,27,,4793,4793,512,45,,110,253065,951,,,,,61,85304,78912,906,0,,,,,,68011,,0,338369,1857,,,,,338369,1857,639797,6141
12/5/20,TN,A+,4905,4462,29,443,12558,12558,2715,70,,666,4277534,18798,,,4213692,,333,397522,363977,4914,0,,34997,,,427819,357347,,0,4675056,23712,,345152,,,,0,4641511,22574
12/5/20,TX,A,22502,,247,,,,8916,0,,2663,10366263,97520,,,,,,1364933,1240750,14391,0,63669,66269,,,1386252,1022297,,0,11607013,109458,587512,807829,,,,0,11607013,109458
12/5/20,UT,A+,939,,14,,8765,8765,611,113,1544,212,1173871,8539,,,1696512,557,,212844,195655,3674,0,,19485,,18736,211276,150405,,0,1907788,20132,,261279,,116285,1369526,11815,1907788,20132
12/5/20,VA,A+,4197,3819,37,378,15255,15255,1852,139,,407,3215838,46802,,,,,183,251173,220510,3793,0,,,,,263811,25115,3436348,49724,3436348,49724,,,,,,0,,0
12/5/20,VI,D,23,23,0,,,,,0,,,27660,158,,,,,,1633,,20,0,,,,,,1513,,0,29293,178,,,,,,0,29391,202
12/5/20,VT,B,79,79,2,,,,25,0,,4,226857,1511,,,,,,4894,4765,131,0,,,,,,2899,,0,578009,5139,,,,,231751,1642,578009,5139
12/5/20,WA,B,2925,2925,25,,11273,11273,1099,78,,274,2945856,192749,,,,,132,191607,185493,3138,0,,,,,,,3120146,225779,3120146,225779,,,,,,0,,0
12/5/20,WI,A+,3934,3702,92,232,18126,18126,1660,183,1879,371,2188949,8629,,,,,,437918,409386,5711,0,,,,,,343481,4595523,38957,4595523,38957,,,,,2598335,13460,,0
12/5/20,WV,B,829,786,30,43,,,641,0,,177,1161747,25314,,,,,85,53572,45253,1400,0,,,,,,34454,,0,1215319,26714,21639,,,,,0,1207000,26509
12/5/20,WY,B,257,,0,,843,843,222,5,,,144576,0,,,385537,,,35941,31250,204,0,,,,,32083,29533,,0,417627,5342,,,,,175623,0,417627,5342
12/4/20,AK,A,142,142,12,,794,794,151,11,,,1016328,9114,,,1008002,,23,34041,,750,0,,,,,41298,7165,,0,1050369,9864,,,,,,0,1050369,9864
12/4/20,AL,A,3831,3411,55,420,26331,26331,1875,269,2274,,1407299,7289,,,,1312,,264199,219069,3840,0,,,,,,168387,,0,1626368,10420,,,74069,,1626368,10420,,0
12/4/20,AR,A+,2586,2370,31,216,9329,9329,1041,123,,373,1589776,13097,,,1589776,1034,191,167137,144910,2827,0,,3300,,26989,,146496,,0,1734686,15285,,21856,,152332,,0,1734686,15285
12/4/20,AS,D,0,,0,,,,,0,,,2140,152,,,,,,0,0,0,0,,,,,,,,0,2140,152,,,,,,0,2140,152
12/4/20,AZ,A+,6885,6370,64,515,27738,27738,2899,282,,666,1986277,16441,,,,,412,352101,340467,5680,0,,,,,,54980,,0,4012371,46993,368963,,,,2326744,21660,4012371,46993
12/4/20,CA,B,19582,,145,,,,9948,0,,2248,23388921,178818,,,,,,1286557,1286557,22018,0,,,,,,,,0,24675478,200836,,,,,,0,24675478,200836
12/4/20,CO,A,3338,2831,18,507,14762,14762,1883,183,,,1574219,13363,194770,,,,,252222,241425,5013,0,18530,,,,,13500,3397074,53979,3397074,53979,213300,,,,1815644,18267,,0
12/4/20,CT,C,5146,4143,35,1003,12257,12257,1150,0,,,3294383,26447,,,,,,127715,119584,1538,0,,,,,,9800,,0,3422098,27985,,49816,,,,0,3413967,27840
12/4/20,DC,A+,693,,1,,,,194,0,,51,695762,7935,,,,,21,22480,,316,0,,,,,,16374,718242,8251,718242,8251,,,,,313394,2045,,0
12/4/20,DE,A+,782,688,3,94,,,288,0,,37,396669,2365,,,,,,38398,36986,942,0,,,,,38516,18371,760804,4175,760804,4175,,,,,435067,3307,,0
12/4/20,FL,A,19236,,124,,56809,56809,4334,282,,,6421830,45549,578113,560932,10069429,,,1022354,925841,9898,0,71851,,69600,,1326319,,12857097,121877,12857097,121877,650372,,630838,,7444184,55447,11448922,106388
12/4/20,GA,A+,9725,8922,77,803,35783,35783,2749,212,6642,,3996720,33408,,,,,,438300,438300,4947,0,36979,,,56054,410848,,,0,4435020,38355,368962,,,,,0,4435020,38355
12/4/20,GU,B,113,,1,,,,39,0,,8,79571,555,,,,,6,6959,6827,17,0,12,153,,,,6056,,0,86530,572,227,2591,,,,0,86398,580
12/4/20,HI,B,256,,10,,1315,1315,51,11,,14,295153,0,,,,,12,18605,18290,121,0,,,,,18217,11958,686756,3021,686756,3021,,,,,308090,0,,0
12/4/20,IA,A+,2605,,83,,,,1000,0,,209,879325,3809,,72136,,,128,210236,210236,2267,0,,,5076,30055,,152331,,0,1089561,6076,,,77252,146793,1091778,6121,,0
12/4/20,ID,A,1014,927,23,87,4271,4271,466,71,791,108,394453,2178,,,,,,106455,89739,1721,0,,,,,,42274,,0,484192,3492,,45253,,,484192,3492,732469,5996
12/4/20,IL,A,13782,12974,157,808,,,5453,0,,1153,10148910,102108,,,,,703,770088,447491,10526,0,,,,,,,,0,10918998,112634,,,,,,0,10918998,112634
12/4/20,IN,A+,6122,5832,89,290,27672,27672,3289,436,4990,955,1904853,11419,,,,,383,367329,,7899,0,,,,,334650,219094,,0,4464492,61536,,,,,2272182,19318,4464492,61536
12/4/20,KS,A+,1786,,107,,5417,5417,1143,127,1453,283,676891,7770,,,,409,123,168295,,6234,0,,,,,,3615,,0,845186,14004,,,,,845186,14004,,0
12/4/20,KY,B,2039,1941,25,98,10560,10560,1792,249,2551,409,2539515,8672,,,,,230,194193,160166,3592,0,,,,,,30071,,0,2699681,11519,96018,119687,,,,0,2699681,11519
12/4/20,LA,A,6548,6274,24,274,,,1357,0,,,3319357,21534,,,,,154,247177,232479,3099,0,,,,,,202891,,0,3566534,24633,,120846,,,,0,3551836,23984
12/4/20,MA,A+,10910,10674,36,236,14397,14397,1394,0,,278,3207957,21018,,,,,134,246398,237456,5491,0,,,12193,,295839,169809,,0,8774697,96701,,,133429,275819,3445413,26210,8774697,96701
12/4/20,MD,A,4790,4630,26,160,21756,21756,1594,198,,367,2194096,16154,,144346,,,,209191,209191,3792,0,,,15776,,250295,8751,,0,4583228,55912,,,160122,,2403287,19946,4583228,55912
12/4/20,ME,A+,224,222,4,2,751,751,164,11,,45,900832,11550,12438,,895921,,17,12844,11390,290,0,409,1041,,,15749,9877,,0,913676,11840,12859,29270,,,,0,912222,11789
12/4/20,MI,A+,10117,9661,82,456,,,4141,0,,855,6479892,58936,,,6479892,,513,420268,389032,9425,0,,,,,493278,165269,,0,6900160,68361,375457,,,,,0,6973170,68645
12/4/20,MN,A,3845,3759,61,86,17828,17828,1679,205,3942,367,2269217,18469,,,,,,338973,331139,5347,0,,,,,,293151,4322340,55360,4322340,55360,,117388,,,2600356,23544,,0
12/4/20,MO,A+,4122,,20,,,,2803,0,,659,1530641,5605,87810,71709,2794542,,368,313421,313421,4053,0,8676,21352,3618,,346857,,,0,3147554,22857,96691,141709,91371,82317,1844062,9658,3147554,22857
12/4/20,MP,D,2,2,0,,4,4,,0,,,17010,0,,,,,,106,106,0,0,,,,,,29,,0,17116,0,,,,,17116,0,23944,0
12/4/20,MS,A+,3916,3379,37,537,7486,7486,1188,0,,276,982395,0,,,,,156,161516,125865,2480,0,95,,,,,128746,,0,1143911,2480,51554,210647,,,,0,1104632,0
12/4/20,MT,A,727,,5,,2810,2810,483,48,,81,608826,4867,,,,,43,66436,66436,1314,0,,,,,,49217,,0,675262,6181,,,,,,0,675262,6181
12/4/20,NC,A+,5467,5279,57,188,,,2157,0,,505,5102753,47285,,,,,,382534,358467,5303,0,,,,,,315979,,0,5485287,52588,,138473,,,,0,5461220,51786
12/4/20,ND,B,995,,12,,2842,2842,324,29,444,48,273247,669,11242,,,,,83604,81906,891,0,1105,,,,,75653,1116803,10295,1116803,10295,12347,,,,355196,1513,1175440,11173
12/4/20,NE,A,1159,,31,,4479,4479,845,54,,,623122,2671,,,1266908,,,134710,134710,2180,0,,,,,153194,67336,,0,1421703,15380,,,,,758194,4856,1421703,15380
12/4/20,NH,B,552,,8,,844,844,159,0,281,,410074,1972,,,,,,23690,23690,765,0,,,,4632,,18418,,0,845200,6500,34379,,33462,,433764,2737,845200,6500
12/4/20,NJ,A,17255,15419,46,1836,42163,42163,3315,176,,615,5825837,0,,,,,386,356662,356662,5663,0,,,,,,45139,,0,6182499,5663,,,,,,0,6176836,0
12/4/20,NM,A,1706,,33,,7184,7184,934,106,,,1515448,13396,,,,,,104935,104935,2073,0,,,,,,35781,,0,1620383,15469,,,,,,0,1620383,15469
12/4/20,NV,A,2272,,23,,,,1678,0,,356,842221,2565,,,,,204,162434,162434,2902,0,,,,,,,1696894,14136,1696894,14136,,,,,1004655,5467,1154583,0
12/4/20,NY,B,27017,,62,,89995,89995,4222,0,,795,19488097,197026,,,,,377,685364,685364,11271,0,,,,,,86638,20173461,208297,20173461,208297,,,,,,0,,0
12/4/20,OH,A+,6882,6431,129,451,28673,28673,5092,392,4847,1208,5892479,68540,,,,,714,456963,432324,10114,0,,,,,,306950,,0,6349442,78654,,,,,,0,6324803,78016
12/4/20,OK,A+,1860,,24,,12949,12949,1687,176,,482,1982769,25328,,,1982769,,,208875,208875,4827,0,6248,,,,213944,177564,,0,2191644,30155,97315,,,,,0,2199782,28317
12/4/20,OR,A+,1003,,30,,4859,4859,596,56,,127,2005617,41556,,,1970033,,59,81437,74629,2174,0,,,,,117021,5870,,0,2087054,44007,,,,,,0,2087054,44007
12/4/20,PA,A+,11113,,169,,,,5230,0,,1065,2893321,20764,,,,,596,398600,369511,11763,0,,,,,,231188,,0,3291921,32527,,,,,3262832,31650,5859001,76295
12/4/20,PR,B,1173,943,18,229,,,651,0,,92,305972,0,,,303412,,108,54597,52784,492,0,41785,,,,7002,46476,,0,360569,492,,,,,,0,310546,0
12/4/20,RI,A+,1413,,13,,4843,4843,408,54,,45,482922,2168,,,1533056,,29,62137,62137,1415,0,,,,,75792,3939,1608848,14841,1608848,14841,,,,,545059,3583,,0
12/4/20,SC,A+,4496,4175,30,321,12223,12223,1047,97,,233,2248886,22849,79476,,2182682,,104,226013,210995,2950,0,12084,27834,,,277199,118168,,0,2474899,25799,91560,245691,,,,0,2459881,25409
12/4/20,SD,A+,1064,,31,,4748,4748,516,52,,111,252114,765,,,,,64,84398,78153,1050,0,,,,,,67409,,0,336512,1815,,,,,336512,1815,633656,6625
12/4/20,TN,A+,4876,4439,95,437,12488,12488,2751,78,,652,4258736,21327,,,4195346,,325,392608,360201,4356,0,,33795,,,423591,351553,,0,4651344,25683,,334645,,,,0,4618937,24980
12/4/20,TX,A,22255,,255,,,,9015,0,,2645,10268743,99949,,,,,,1350542,1228812,16796,0,62869,65042,,,1372627,1012700,,0,11497555,113648,583553,791698,,,,0,11497555,113648
12/4/20,UT,A+,925,,8,,8652,8652,603,104,1528,203,1165332,9606,,,1679971,550,,209170,192379,3005,0,,18865,,18140,207685,146320,,0,1887656,21599,,252295,,113262,1357711,13263,1887656,21599
12/4/20,VA,A+,4160,3805,13,355,15116,15116,1854,102,,413,3169036,23803,,,,,187,247380,217588,2877,0,,,,,258264,24998,3386624,25623,3386624,25623,,,,,,0,,0
12/4/20,VI,D,23,23,0,,,,,0,,,27502,82,,,,,,1613,,24,0,,,,,,1502,,0,29115,106,,,,,,0,29189,99
12/4/20,VT,B,77,77,2,,,,33,0,,3,225346,2268,,,,,,4763,4637,73,0,,,,,,2818,,0,572870,5803,,,,,230109,2685,572870,5803
12/4/20,WA,B,2900,2900,50,,11195,11195,1097,241,,278,2753107,0,,,,,137,188469,182557,3312,0,,,,,,,2894367,0,2894367,0,,,,,,0,,0
12/4/20,WI,A+,3842,3625,69,217,17943,17943,1660,202,1865,371,2180320,10350,,,,,,432207,404555,5673,0,,,,,,337653,4556566,39104,4556566,39104,,,,,2584875,15197,,0
12/4/20,WV,B,799,756,10,43,,,632,0,,169,1136433,15856,,,,,92,52172,44058,1147,0,,,,,,33657,,0,1188605,17003,21519,,,,,0,1180491,16817
12/4/20,WY,B,257,,0,,838,838,222,15,,,144576,1299,,,377427,,,35737,31047,659,0,,,,,30891,28468,,0,412285,0,,,,,175623,1828,412285,0
12/3/20,AK,A,130,130,8,,783,783,157,15,,,1007214,15102,,,998843,,24,33291,,760,0,,,,,40607,7165,,0,1040505,15862,,,,,,0,1040505,15862
12/3/20,AL,A,3776,3375,65,401,26062,26062,1827,241,2259,,1400010,9659,,,,1302,,260359,215938,3531,0,,,,,,168387,,0,1615948,12425,,,73588,,1615948,12425,,0
12/3/20,AR,A+,2555,2343,33,212,9206,9206,1072,96,,375,1576679,14118,,,1576679,1025,190,164310,142722,2789,0,,3300,,26171,,144624,,0,1719401,16135,,21856,,149069,,0,1719401,16135
12/3/20,AS,D,0,,0,,,,,0,,,1988,0,,,,,,0,0,0,0,,,,,,,,0,1988,0,,,,,,0,1988,0
12/3/20,AZ,A+,6821,6310,82,511,27456,27456,2743,1144,,642,1969836,11949,,,,,386,346421,335248,5442,0,,,,,,54342,,0,3965378,50731,367830,,,,2305084,16880,3965378,50731
12/3/20,CA,B,19437,,113,,,,9702,0,,2147,23210103,156925,,,,,,1264539,1264539,18591,0,,,,,,,,0,24474642,175516,,,,,,0,24474642,175516
12/3/20,CO,A,3320,2819,127,501,14579,14579,1956,216,,,1560856,12178,191093,,,,,247209,236521,6037,0,17594,,,,,13233,3343095,54195,3343095,54195,210946,,,,1797377,17994,,0
12/3/20,CT,C,5111,4112,20,999,12257,12257,1191,0,,,3267936,61922,,,,,,126177,118191,4751,0,,,,,,9800,,0,3394113,66673,,49816,,,,0,3386127,66645
12/3/20,DC,A+,692,,2,,,,185,0,,49,687827,8184,,,,,17,22164,,322,0,,,,,,16268,709991,8506,709991,8506,,,,,311349,3185,,0
12/3/20,DE,A+,779,685,0,94,,,277,0,,33,394304,2469,,,,,,37456,36051,758,0,,,,,38106,18066,756629,8590,756629,8590,,,,,431760,3227,,0
12/3/20,FL,A,19112,,100,,56527,56527,4286,258,,,6376281,39894,578113,560932,9976965,,,1012456,918318,10656,0,71851,,69600,,1312789,,12735220,119339,12735220,119339,650372,,630838,,7388737,50550,11342534,100320
12/3/20,GA,A+,9648,8879,81,769,35571,35571,2691,245,6599,,3963312,29328,,,,,,433353,433353,4373,0,36562,,,54625,406225,,,0,4396665,33701,367023,,,,,0,4396665,33701
12/3/20,GU,B,112,,0,,,,39,0,,9,79016,450,,,,,7,6942,6802,22,0,12,127,,,,6030,,0,85958,472,227,2308,,,,0,85818,470
12/3/20,HI,B,246,,2,,1304,1304,57,13,,20,295153,0,,,,,15,18484,18186,142,0,,,,,18179,11958,683735,6290,683735,6290,,,,,308090,0,,0
12/3/20,IA,A+,2522,,73,,,,1124,0,,224,875516,3260,,71784,,,131,207969,207969,2196,0,,,5019,29491,,147169,,0,1083485,5456,,,76843,145053,1085657,5464,,0
12/3/20,ID,A,991,905,31,86,4200,4200,466,65,780,108,392275,2446,,,,,,104734,88425,1429,0,,,,,,41838,,0,480700,3452,,31219,,,480700,3452,726473,5838
12/3/20,IL,A,13625,12830,228,795,,,5653,0,,1170,10046802,95819,,,,,693,759562,447491,10959,0,,,,,,,,0,10806364,106778,,,,,,0,10806364,106778
12/3/20,IN,A+,6033,5748,60,285,27236,27236,3362,382,4931,987,1893434,12302,,,,,399,359430,,8460,0,,,,,327467,213673,,0,4402956,60470,,,,,2252864,20762,4402956,60470
12/3/20,KS,A+,1679,,0,,5290,5290,854,0,1390,227,669121,0,,,,409,92,162061,,0,0,,,,,,3512,,0,831182,0,,,,,831182,0,,0
12/3/20,KY,B,2014,1922,34,92,10311,10311,1810,121,2503,415,2530843,65294,,,,,240,190601,157319,3836,0,,,,,,28755,,0,2688162,68353,95876,118795,,,,0,2688162,68353
12/3/20,LA,A,6524,6252,23,272,,,1325,0,,,3297823,20659,,,,,142,244078,230029,2743,0,,,,,,202891,,0,3541901,23402,,117154,,,,0,3527852,22908
12/3/20,MA,A+,10874,10637,50,237,14397,14397,1324,258,,261,3186939,25748,,,,,137,240907,232264,6675,0,,,12193,,289972,169809,,0,8677996,111734,,,133429,272797,3419203,32225,8677996,111734
12/3/20,MD,A,4764,4606,49,158,21558,21558,1573,163,,364,2177942,9939,,144346,,,,205399,205399,2044,0,,,15776,,245667,8675,,0,4527316,31305,,,160122,,2383341,11983,4527316,31305
12/3/20,ME,A+,220,218,2,2,740,740,138,15,,46,889282,9149,12397,,884663,,15,12554,11151,346,0,406,915,,,15224,9733,,0,901836,9495,12815,26884,,,,0,900433,9430
12/3/20,MI,A+,10035,9580,193,455,,,4175,0,,840,6420956,61820,,,6420956,,502,410843,380343,7957,0,,,,,483569,165269,,0,6831799,69777,373357,,,,,0,6904525,73467
12/3/20,MN,A,3784,3701,92,83,17623,17623,1770,245,3911,376,2250748,14306,,,,,,333626,326064,6149,0,,,,,,290019,4266980,48363,4266980,48363,,112630,,,2576812,20069,,0
12/3/20,MO,A+,4102,,59,,,,2758,0,,659,1525036,5031,87487,71709,2776013,,376,309368,309368,3998,0,8493,20436,3618,,342557,,,0,3124697,20958,96185,136257,90953,80020,1834404,9029,3124697,20958
12/3/20,MP,D,2,2,0,,4,4,,0,,,17010,0,,,,,,106,106,0,0,,,,,,29,,0,17116,0,,,,,17116,0,23944,0
12/3/20,MS,A+,3879,3361,28,518,7486,7486,1160,0,,277,982395,0,,,,,137,159036,124693,2168,0,95,,,,,128746,,0,1141431,2168,51554,210647,,,,0,1104632,0
12/3/20,MT,A,722,,9,,2762,2762,474,29,,87,603959,4718,,,,,31,65122,65122,782,0,,,,,,48360,,0,669081,5500,,,,,,0,669081,5500
12/3/20,NC,A+,5410,5231,44,179,,,2101,0,,500,5055468,49058,,,,,,377231,353966,5637,0,,,,,,315979,,0,5432699,54695,,130577,,,,0,5409434,53744
12/3/20,ND,B,983,,11,,2813,2813,306,22,440,45,272578,1061,11242,,,,,82713,81055,1017,0,1105,,,,,74667,1106508,10169,1106508,10169,12347,,,,353683,2031,1164267,11037
12/3/20,NE,A,1128,,48,,4425,4425,853,45,,,620451,2279,,,1253975,,,132530,132530,2336,0,,,,,150764,65740,,0,1406323,20122,,,,,753338,4617,1406323,20122
12/3/20,NH,B,544,,7,,844,844,156,2,279,,408102,2618,,,,,,22925,22925,593,0,,,,4360,,18039,,0,838700,7051,34318,,33405,,431027,3211,838700,7051
12/3/20,NJ,A,17209,15373,64,1836,41987,41987,3292,242,,610,5825837,38456,,,,,366,350999,350999,4793,0,,,,,,44777,,0,6176836,43249,,,,,,0,6176836,43249
12/3/20,NM,A,1673,,44,,7078,7078,947,59,,,1502052,10793,,,,,,102862,102862,1899,0,,,,,,35179,,0,1604914,12692,,,,,,0,1604914,12692
12/3/20,NV,A,2249,,48,,,,1645,0,,373,839656,5225,,,,,215,159532,159532,2536,0,,,,,,,1682758,17759,1682758,17759,,,,,999188,7761,1154583,0
12/3/20,NY,B,26955,,66,,89995,89995,4063,0,,783,19291071,193585,,,,,373,674093,674093,9855,0,,,,,,86201,19965164,203440,19965164,203440,,,,,,0,,0
12/3/20,OH,A+,6753,6304,82,449,28281,28281,5142,396,4814,1204,5823939,44123,,,,,708,446849,422848,8921,0,,,,,,298332,,0,6270788,53044,,,,,,0,6246787,52756
12/3/20,OK,A+,1836,,24,,12773,12773,1734,195,,474,1957441,16703,,,1957441,,,204048,204048,1707,0,6248,,,,210176,174169,,0,2161489,18410,97315,,,,,0,2171465,20054
12/3/20,OR,A+,973,,20,,4803,4803,629,58,,122,1964061,20279,,,1929118,,52,79263,74629,1103,0,,,,,113929,5870,,0,2043047,21382,,,,,,-1043744,2043047,21382
12/3/20,PA,A+,10944,,187,,,,5071,0,,1065,2872557,19933,,,,,588,386837,358625,11406,0,,,,,,228233,,0,3259394,31339,,,,,3231182,30515,5782706,74421
12/3/20,PR,B,1155,926,11,229,,,628,0,,98,305972,0,,,303412,,106,54105,52349,397,0,41602,,,,7002,45565,,0,360077,397,,,,,,0,310546,0
12/3/20,RI,A+,1400,,9,,4789,4789,409,57,,45,480754,2853,,,1519744,,31,60722,60722,1717,0,,,,,74263,3892,1594007,19476,1594007,19476,,,,,541476,4570,,0
12/3/20,SC,A+,4466,4145,22,321,12126,12126,1046,103,,261,2226037,13971,79104,,2160456,,111,223063,208435,2228,0,11974,27153,,,274016,117338,,0,2449100,16199,91078,239293,,,,0,2434472,15753
12/3/20,SD,A+,1033,,38,,4696,4696,538,70,,109,251349,1012,,,,,63,83348,77261,1145,0,,,,,,66841,,0,334697,2157,,,,,334697,2157,627031,6148
12/3/20,TN,A+,4781,4359,93,422,12410,12410,2701,100,,653,4237409,16305,,,4174509,,310,388252,356548,3967,0,,33028,,,419448,347412,,0,4625661,20272,,332014,,,,0,4593957,19682
12/3/20,TX,A,22000,,244,,,,9151,0,,2623,10168794,101937,,,,,,1333746,1215113,17552,0,62140,63709,,,1358324,1003141,,0,11383907,116376,578670,771879,,,,0,11383907,116376
12/3/20,UT,A+,917,,11,,8548,8548,609,125,1517,209,1155726,6604,,,1662329,544,,206165,188722,3945,0,,18473,,17761,203728,142939,,0,1866057,17741,,246400,,110396,1344448,10089,1866057,17741
12/3/20,VA,A+,4147,3798,34,349,15014,15014,1853,131,,411,3145233,8723,,,,,186,244503,215768,2023,0,,,,,255535,24782,3361001,10105,3361001,10105,,,,,,0,,0
12/3/20,VI,D,23,23,0,,,,,0,,,27420,173,,,,,,1589,,26,0,,,,,,1499,,0,29009,199,,,,,,0,29090,194
12/3/20,VT,B,75,75,1,,,,36,0,,3,223078,1614,,,,,,4690,4346,224,0,,,,,,2726,,0,567067,7492,,,,,227424,1614,567067,7492
12/3/20,WA,B,2850,2850,45,,10954,10954,1083,34,,274,2753107,0,,,,,135,185157,179413,3401,0,,,,,,,2894367,0,2894367,0,,,,,,0,,0
12/3/20,WI,A+,3773,3562,70,211,17741,17741,1754,172,1853,376,2169970,7354,,,,,,426534,399708,5604,0,,,,,,331425,4517462,38263,4517462,38263,,,,,2569678,11972,,0
12/3/20,WV,B,789,748,11,41,,,625,0,,169,1120577,10801,,,,,89,51025,43097,1120,0,,,,,,32808,,0,1171602,11921,21401,,,,,0,1163674,11629
12/3/20,WY,B,257,,27,,823,823,234,14,,,143277,1811,,,377427,,,35078,30518,571,0,,,,,30891,28113,,0,412285,3960,,,,,173795,3276,412285,3960
12/2/20,AK,A,122,122,0,,768,768,164,19,,,992112,5318,,,984058,,23,32531,,697,0,,,,,39543,7165,,0,1024643,6015,,,,,,0,1024643,6015
12/2/20,AL,A,3711,3326,73,385,25821,25821,1801,211,2252,,1390351,6546,,,,1298,,256828,213172,3928,0,,,,,,168387,,0,1603523,9681,,,73187,,1603523,9681,,0
12/2/20,AR,A+,2522,2312,10,210,9110,9110,1088,89,,393,1562561,10306,,,1562561,1002,186,161521,140705,2212,0,,3300,,25241,,142600,,0,1703266,11813,,21856,,144866,,0,1703266,11813
12/2/20,AS,D,0,,0,,,,,0,,,1988,0,,,,,,0,0,0,0,,,,,,,,0,1988,0,,,,,,0,1988,0
12/2/20,AZ,A+,6739,6237,52,502,26312,26312,2699,240,,642,1957887,12811,,,,,386,340979,330317,3840,0,,,,,,53694,,0,3914647,54038,365871,,,,2288204,16290,3914647,54038
12/2/20,CA,B,19324,,113,,,,9365,0,,2121,23053178,117054,,,,,,1245948,1245948,20759,0,,,,,,,,0,24299126,137813,,,,,,0,24299126,137813
12/2/20,CO,A,3193,2700,84,493,14363,14363,1995,247,,,1548678,7534,191093,,,,,241172,230705,3862,0,17594,,,,,12996,3288900,33359,3288900,33359,208687,,,,1779383,11285,,0
12/2/20,CT,C,5091,4088,51,1003,12257,12257,1202,0,,,3206014,38558,,,,,,121426,113468,2672,0,,,,,,9800,,0,3327440,41230,,49816,,,,0,3319482,41001
12/2/20,DC,A+,690,,5,,,,165,0,,41,679643,3919,,,,,18,21842,,157,0,,,,,,16070,701485,4076,701485,4076,,,,,308164,828,,0
12/2/20,DE,A+,779,685,2,94,,,273,0,,34,391835,928,,,,,,36698,35300,355,0,,,,,37254,17907,748039,3851,748039,3851,,,,,428533,1283,,0
12/2/20,FL,A,19012,,96,,56269,56269,4248,377,,,6336387,40478,578113,560932,9890498,,,1001800,910755,9890,0,71851,,69600,,1299132,,12615881,98399,12615881,98399,650372,,630838,,7338187,50368,11242214,89561
12/2/20,GA,A+,9567,8830,52,737,35326,35326,2644,263,6569,,3933984,19946,,,,,,428980,428980,4051,0,36263,,,53159,402092,,,0,4362964,23997,365326,,,,,0,4362964,23997
12/2/20,GU,B,112,,0,,,,38,0,,10,78566,417,,,,,7,6920,6782,31,0,12,127,,,,6005,,0,85486,448,226,1972,,,,0,85348,442
12/2/20,HI,B,244,,0,,1291,1291,54,3,,19,295153,0,,,,,15,18342,18044,76,0,,,,,18036,11958,677445,4281,677445,4281,,,,,308090,0,,0
12/2/20,IA,A+,2449,,18,,,,1162,0,,226,872256,2662,,71511,,,131,205773,205773,2375,0,,,4961,29027,,142246,,0,1078029,5037,,,76512,144130,1080193,5062,,0
12/2/20,ID,A,960,881,31,79,4135,4135,446,86,769,110,389829,1424,,,,,,103305,87419,1607,0,,,,,,41354,,0,477248,2572,,31219,,,477248,2572,720635,3657
12/2/20,IL,A,13397,12639,266,758,,,5764,0,,1190,9950983,75750,,,,,714,748603,447491,9757,0,,,,,,,,0,10699586,85507,,,,,,0,10699586,85507
12/2/20,IN,A+,5973,5688,109,285,26854,26854,3441,430,4867,1001,1881132,8247,,,,,407,350970,,6597,0,,,,,320141,208176,,0,4342486,46499,,,,,2232102,14844,4342486,46499
12/2/20,KS,A+,1679,,119,,5290,5290,1196,185,1390,298,669121,3683,,,,409,125,162061,,4615,0,,,,,,3512,,0,831182,8298,,,,,831182,8298,,0
12/2/20,KY,B,1980,1909,37,71,10190,10190,1768,0,2482,427,2465549,8825,,,,,234,186765,154260,3597,0,,,,,,28486,,0,2619809,11557,95698,115488,,,,0,2619809,11557
12/2/20,LA,A,6501,6231,46,270,,,1288,0,,,3277164,60453,,,,,134,241335,227780,3595,0,,,,,,202891,,0,3518499,64048,,113951,,,,0,3504944,63823
12/2/20,MA,A+,10824,10588,46,236,14139,14139,1259,0,,264,3161191,18695,,,,,126,234232,225787,5027,0,,,12130,,282607,155473,,0,8566262,105845,,,132492,270281,3386978,23308,8566262,105845
12/2/20,MD,A,4715,4558,42,157,21395,21395,1578,189,,359,2168003,11427,,144346,,,,203355,203355,2220,0,,,15776,,243152,8648,,0,4496011,35566,,,160122,,2371358,13647,4496011,35566
12/2/20,ME,A+,218,216,4,2,725,725,138,16,,46,880133,10400,12381,,875702,,15,12208,10870,232,0,404,792,,,14758,9564,,0,892341,10632,12797,23993,,,,0,891003,10595
12/2/20,MI,A+,9842,9405,83,437,,,4266,0,,837,6359136,38000,,,6359136,,509,402886,373197,7433,0,,,,,471922,165269,,0,6762022,45433,370666,,,,,0,6831058,43905
12/2/20,MN,A,3692,3613,77,79,17378,17378,1704,267,3873,354,2236442,12827,,,,,,327477,320301,5165,0,,,,,,286219,4218617,38689,4218617,38689,,107730,,,2556743,17740,,0
12/2/20,MO,A+,4043,,37,,,,2651,0,,670,1520005,3109,87140,71709,2759392,,354,305370,305370,2679,0,8325,19631,3618,,338277,,,0,3103739,14639,95670,130416,90517,76621,1825375,5788,3103739,14639
12/2/20,MP,D,2,2,0,,4,4,,0,,,17010,0,,,,,,106,106,0,0,,,,,,29,,0,17116,0,,,,,17116,0,23944,0
12/2/20,MS,A+,3851,3346,15,505,7486,7486,1135,0,,264,982395,0,,,,,138,156868,123746,2457,0,95,,,,,128746,,0,1139263,2457,51554,210647,,,,0,1104632,0
12/2/20,MT,A,713,,15,,2733,2733,478,53,,90,599241,1551,,,,,45,64340,64340,1135,0,,,,,,47533,,0,663581,2686,,,,,,-660895,663581,2686
12/2/20,NC,A+,5366,5192,82,174,,,2039,0,,508,5006410,29768,,,,,,371594,349280,4199,0,,,,,,315979,,0,5378004,33967,,124631,,,,0,5355690,33142
12/2/20,ND,B,972,,12,,2791,2791,316,40,435,38,271517,334,11048,,,,,81696,80081,551,0,1007,,,,,73933,1096339,5195,1096339,5195,12055,,,,351652,818,1153230,5643
12/2/20,NE,A,1080,,62,,4380,4380,869,64,,,618172,1855,,,1236550,,,130194,130194,1787,0,,,,,148080,64975,,0,1386201,15866,,,,,748721,3641,1386201,15866
12/2/20,NH,B,537,,9,,842,842,162,1,279,,405484,3161,,,,,,22332,22332,566,0,,,,4212,,17101,,0,831649,6549,34261,,33348,,427816,3727,831649,6549
12/2/20,NJ,A,17145,15309,62,1836,41745,41745,3287,440,,599,5787381,38189,,,,,354,346206,346206,4296,0,,,,,,44380,,0,6133587,42485,,,,,,0,6133587,47091
12/2/20,NM,A,1629,,40,,7019,7019,940,121,,,1491259,10919,,,,,,100963,100963,1544,0,,,,,,34411,,0,1592222,12463,,,,,,0,1592222,12463
12/2/20,NV,A,2201,,35,,,,1652,0,,352,834431,2542,,,,,202,156996,156996,2129,0,,,,,,,1664999,11141,1664999,11141,,,,,991427,4671,1154583,0
12/2/20,NY,B,26889,,73,,89995,89995,3924,0,,742,19097486,184578,,,,,373,664238,664238,8973,0,,,,,,86201,19761724,193551,19761724,193551,,,,,,0,,0
12/2/20,OH,A+,6671,6224,123,447,27885,27885,5208,436,4781,1222,5779816,26978,,,,,714,437928,414215,7835,0,,,,,,289768,,0,6217744,34813,,,,,,0,6194031,34413
12/2/20,OK,A+,1812,,54,,12578,12578,1782,285,,475,1940738,17270,,,1940738,,,202341,202341,2859,0,6248,,,,206750,170905,,0,2143079,20129,97315,,,,,0,2151411,20663
12/2/20,OR,A+,953,,17,,4745,4745,620,96,,113,1943782,18106,,,1909535,,56,78160,74629,1506,0,,,,,112130,5870,,0,2021665,19350,,,,,1043744,5148,2021665,19350
12/2/20,PA,A+,10757,,194,,,,4982,0,,1048,2852624,16179,,,,,565,375431,348043,8291,0,,,,,,225258,,0,3228055,24470,,,,,3200667,23574,5708285,56994
12/2/20,PR,B,1144,918,22,226,,,638,0,,99,305972,0,,,303412,,88,53708,52009,388,0,41505,,,,7002,44947,,0,359680,388,,,,,,0,310546,0
12/2/20,RI,A+,1391,,11,,4732,4732,408,62,,45,477901,2094,,,1502098,,28,59005,59005,1099,0,,,,,72433,3839,1574531,12617,1574531,12617,,,,,536906,3193,,0
12/2/20,SC,A+,4444,4126,40,318,12023,12023,911,113,,250,2212066,13952,79007,,2146858,,118,220835,206653,1923,0,11896,26375,,,271861,116292,,0,2432901,15875,90903,231716,,,,0,2418719,15601
12/2/20,SD,A+,995,,47,,4626,4626,531,54,,107,250337,716,,,,,63,82203,76438,1291,0,,,,,,66351,,0,332540,2007,,,,,332540,2007,620883,5349
12/2/20,TN,A+,4688,4282,50,406,12310,12310,2744,101,,664,4221104,19057,,,4158762,,323,384285,353171,4099,0,,32306,,,415513,342115,,0,4605389,23156,,325778,,,,0,4574275,22685
12/2/20,TX,A,21756,,207,,,,9109,0,,2544,10066857,105199,,,,,,1316194,1200674,19222,0,61488,62388,,,1343301,993151,,0,11267531,121623,575536,756314,,,,0,11267531,121623
12/2/20,UT,A+,906,,16,,8423,8423,584,144,1506,202,1149122,4875,,,1648324,543,,202220,185237,4004,0,,17845,,17162,199992,138995,,0,1848316,12722,,238835,,107300,1334359,7339,1848316,12722
12/2/20,VA,A+,4113,3768,20,345,14883,14883,1860,158,,427,3136510,8000,,,,,188,242480,214386,2417,0,,,,,253961,24620,3350896,9470,3350896,9470,,,,,,0,,0
12/2/20,VI,D,23,23,0,,,,,0,,,27247,219,,,,,,1563,,13,0,,,,,,1497,,0,28810,232,,,,,,0,28896,238
12/2/20,VT,B,74,74,2,,,,33,0,,4,221464,679,,,,,,4466,4346,101,0,,,,,,2655,,0,559575,3942,,,,,225810,777,559575,3942
12/2/20,WA,B,2805,2805,31,,10920,10920,1077,25,,284,2753107,0,,,,,128,181756,176278,4702,0,,,,,,,2894367,0,2894367,0,,,,,,0,,0
12/2/20,WI,A+,3703,3502,92,201,17569,17569,1780,197,1835,397,2162616,6206,,,,,,420930,395090,4565,0,,,,,,325587,4479199,26098,4479199,26098,,,,,2557706,9983,,0
12/2/20,WV,B,778,739,20,39,,,622,0,,164,1109776,9567,,,,,88,49905,42269,1087,0,,,,,,32002,,0,1159681,10654,21226,,,,,0,1152045,10275
12/2/20,WY,B,230,,0,,809,809,234,16,,,141466,0,,,374015,,,34507,29966,702,0,,,,,30297,26568,,0,408325,-11262,,,,,170519,0,408325,-11262
12/1/20,AK,A,122,122,1,,749,749,155,24,,,986794,6721,,,978681,,21,31834,,511,0,,,,,38921,7165,,0,1018628,7232,,,,,,0,1018628,7232
12/1/20,AL,A,3638,3280,60,358,25610,25610,1785,272,2242,,1383805,7481,,,,1291,,252900,210037,3376,0,,,,,,161946,,0,1593842,9495,,,71828,,1593842,9495,,0
12/1/20,AR,A+,2512,2304,10,208,9021,9021,1074,84,,403,1552255,6854,,,1552255,994,195,159309,139198,1950,0,,3300,,24423,,140682,,0,1691453,7996,,21856,,141607,,0,1691453,7996
12/1/20,AS,D,0,,0,,,,,0,,,1988,0,,,,,,0,0,0,0,,,,,,,,0,1988,0,,,,,,0,1988,0
12/1/20,AZ,A+,6687,6191,48,496,26072,26072,2594,286,,597,1945076,8127,,,,,369,337139,326838,10322,0,,,,,,53026,,0,3860609,57515,365224,,,,2271914,18225,3860609,57515
12/1/20,CA,B,19211,,70,,,,9049,0,,2000,22936124,123921,,,,,,1225189,1225189,12221,0,,,,,,,,0,24161313,136142,,,,,,0,24161313,136142
12/1/20,CO,A,3109,2619,72,490,14116,14116,1977,628,,,1541144,9800,189562,,,,,237310,226954,4405,0,17222,,,,,12779,3255541,36690,3255541,36690,207350,,,,1768098,14051,,0
12/1/20,CT,C,5040,4045,20,995,12257,12257,1152,0,,,3167456,23297,,,,,,118754,111025,1459,0,,,,,,9800,,0,3286210,24756,,49816,,,,0,3278481,24831
12/1/20,DC,A+,685,,5,,,,160,0,,43,675724,2020,,,,,18,21685,,133,0,,,,,,15914,697409,2153,697409,2153,,,,,307336,889,,0
12/1/20,DE,A+,777,683,5,94,,,246,0,,33,390907,2219,,,,,,36343,34963,689,0,,,,,36848,17713,744188,3754,744188,3754,,,,,427250,2908,,0
12/1/20,FL,A,18916,,82,,55892,55892,4282,338,,,6295909,39477,578113,560932,9813706,,,991910,904354,8540,0,71851,,69600,,1286624,,12517482,89717,12517482,89717,650372,,630838,,7287819,48017,11152653,87019
12/1/20,GA,A+,9515,8798,63,717,35063,35063,2634,239,6536,,3914038,21723,,,,,,424929,424929,2796,0,36148,,,51476,398641,,,0,4338967,24519,364644,,,,,0,4338967,24519
12/1/20,GU,B,112,,0,,,,46,0,,10,78149,582,,,,,4,6889,6757,37,0,12,127,,,,5846,,0,85038,619,225,1662,,,,0,84906,617
12/1/20,HI,B,244,,0,,1288,1288,56,1,,24,295153,0,,,,,7,18266,17968,43,0,,,,,17931,11958,673164,3402,673164,3402,,,,,308090,0,,0
12/1/20,IA,A+,2431,,28,,,,1172,0,,235,869594,1188,,71228,,,144,203398,203398,988,0,,,4899,28011,,137431,,0,1072992,2176,,,76167,141534,1075131,2198,,0
12/1/20,ID,A,929,854,9,75,4049,4049,446,71,756,110,388405,799,,,,,,101698,86271,1214,0,,,,,,40929,,0,474676,1639,,31219,,,474676,1639,716978,3676
12/1/20,IL,A,13131,12403,146,728,,,5835,0,,1195,9875233,103539,,,,,721,738846,447491,12542,0,,,,,,,,0,10614079,116081,,,,,,0,10614079,116081
12/1/20,IN,A+,5864,5598,141,266,26424,26424,3460,406,4794,990,1872885,7281,,,,,386,344373,,5396,0,,,,,313886,203214,,0,4295987,36023,,,,,2217258,12677,4295987,36023
12/1/20,KS,A+,1560,,0,,5105,5105,854,0,1353,227,665438,0,,,,395,92,157446,,0,0,,,,,,3403,,0,822884,0,,,,,822884,0,,0
12/1/20,KY,B,1943,1874,35,69,10190,10190,1777,136,2482,441,2456724,22028,,,,,241,183168,151528,4127,0,,,,,,28486,,0,2608252,25132,95530,112401,,,,0,2608252,25132
12/1/20,LA,A,6455,6194,35,261,,,1280,0,,,3216711,45406,,,,,128,237740,224410,5326,0,,,,,,192488,,0,3454451,50732,,111778,,,,0,3441121,49395
12/1/20,MA,A+,10778,10542,30,236,14139,14139,1191,0,,239,3142496,15282,,,,,130,229205,221174,3073,0,,,12130,,277245,155473,,0,8460417,59833,,,132492,265989,3363670,18127,8460417,59833
12/1/20,MD,A,4673,4516,32,157,21206,21206,1583,155,,350,2156576,10037,,143097,,,,201135,201135,2765,0,,,15413,,240267,8613,,0,4460445,30696,,,158510,,2357711,12802,4460445,30696
12/1/20,ME,A+,214,213,20,1,709,709,139,10,,48,869733,5691,12359,,865642,,22,11976,10675,219,0,399,686,,,14230,9364,,0,881709,5910,12770,20638,,,,0,880408,4609
12/1/20,MI,A+,9759,9324,195,435,,,4310,0,,874,6321136,32742,,,6321136,,526,395453,366242,6511,0,,,,,466017,165269,,0,6716589,39253,369466,,,,,0,6787153,38421
12/1/20,MN,A,3615,3543,22,72,17111,17111,1840,320,3826,394,2223615,6035,,,,,,322312,315388,3549,0,,,,,,279540,4179928,23306,4179928,23306,,104895,,,2539003,9330,,0
12/1/20,MO,A+,4006,,177,,,,2599,0,,656,1516896,2965,86964,71709,2747704,,344,302691,302691,2929,0,8218,18677,3618,,335364,,,0,3089100,12723,95387,123814,90280,73469,1819587,5894,3089100,12723
12/1/20,MP,D,2,2,0,,4,4,,0,,,17010,263,,,,,,106,106,0,0,,,,,,29,,0,17116,263,,,,,17116,265,23944,0
12/1/20,MS,A+,3836,3334,29,502,7486,7486,1158,0,,250,982395,0,,,,,142,154411,122764,1141,0,95,,,,,128746,,0,1136806,1141,51554,210647,,,,0,1104632,0
12/1/20,MT,A,698,,17,,2680,2680,495,58,,88,597690,3867,,,,,46,63205,63205,1007,0,,,,,,46350,,0,660895,4874,,,,,660895,660895,660895,4874
12/1/20,NC,A+,5284,5123,23,161,,,2033,0,,485,4976642,24870,,,,,,367395,345906,2883,0,,,,,,315979,,0,5344037,27753,,118261,,,,0,5322548,27258
12/1/20,ND,B,960,,27,,2751,2751,320,43,430,35,271183,218,11048,,,,,81145,79597,466,0,1007,,,,,73015,1091144,3055,1091144,3055,12055,,,,350834,617,1147587,3331
12/1/20,NE,A,1018,,29,,4316,4316,907,39,,,616317,2416,,,1222719,,,128407,128407,1941,0,,,,,146049,64485,,0,1370335,16164,,,,,745080,4356,1370335,16164
12/1/20,NH,B,528,,2,,841,841,160,2,279,,402323,2056,,,,,,21766,21766,772,0,,,,4118,,16216,,0,825100,7941,34218,,33186,,424089,2828,825100,7941
12/1/20,NJ,A,17083,15254,90,1829,41305,41305,3129,92,,601,5749192,0,,,,,359,341910,341910,4606,0,,,,,,44013,,0,6091102,4606,,,,,,0,6086496,0
12/1/20,NM,A,1589,,21,,6898,6898,909,116,,,1480340,19144,,,,,,99419,99419,2324,0,,,,,,33458,,0,1579759,21468,,,,,,0,1579759,21468
12/1/20,NV,A,2166,,22,,,,1589,0,,344,831889,4209,,,,,198,154867,154867,2698,0,,,,,,,1653858,15759,1653858,15759,,,,,986756,6907,1154583,0
12/1/20,NY,B,26816,,69,,89995,89995,3774,0,,718,18912908,139390,,,,,348,655265,655265,7285,0,,,,,,85808,19568173,146675,19568173,146675,,,,,,0,,0
12/1/20,OH,A+,6548,6111,119,437,27449,27449,5226,585,4729,1233,5752838,45304,,,,,693,430093,406780,9030,0,,,,,,280716,,0,6182931,54334,,,,,,0,6159618,53713
12/1/20,OK,A+,1758,,15,,12293,12293,1718,35,,461,1923468,50000,,,1923468,,,199482,199482,1737,0,6248,,,,203926,167406,,0,2122950,51737,97315,,,,,0,2130748,58811
12/1/20,OR,A+,936,,24,,4649,4649,625,306,,120,1925676,956990,,,1892019,,56,76654,73168,1223,0,,,,,110296,5870,,0,2002315,22535,,,,,1038596,10477,2002315,22535
12/1/20,PA,A+,10563,,180,,,,4744,0,,967,2836445,8396,,,,,524,367140,340648,5676,0,,,,,,220284,,0,3203585,14072,,,,,3177093,13133,5651291,51298
12/1/20,PR,B,1122,897,16,225,,,638,0,,101,305972,0,,,303412,,85,53320,51647,775,0,41279,,,,7002,43987,,0,359292,775,,,,,,0,310546,0
12/1/20,RI,A+,1380,,7,,4670,4670,410,88,,41,475807,2646,,,1490762,,23,57906,57906,1183,0,,,,,71152,3777,1561914,11754,1561914,11754,,,,,533713,3829,,0
12/1/20,SC,A+,4404,4091,23,313,11910,11910,980,33,,201,2198114,16138,78915,,2133438,,84,218912,205004,1425,0,11862,25722,,,269680,115152,,0,2417026,17563,90777,225071,,,,0,2403118,17483
12/1/20,SD,A+,948,,2,,4572,4572,547,70,,106,249621,1233,,,,,59,80912,75391,448,0,,,,,,65876,,0,330533,1681,,,,,330533,1681,615534,5634
12/1/20,TN,A+,4638,4240,36,398,12209,12209,2632,113,,646,4202047,31104,,,4140172,,317,380186,349543,5693,0,,31666,,,411418,336131,,0,4582233,36797,,322042,,,,0,4551590,35935
12/1/20,TX,A,21549,,170,,,,9047,0,,2583,9961658,118895,,,,,,1296972,1184250,18540,0,61129,60962,,,1327560,976517,,0,11145908,135034,573566,738089,,,,0,11145908,135034
12/1/20,UT,A+,890,,19,,8279,8279,587,144,1498,205,1144247,4559,,,1638272,543,,198216,182773,2510,0,,17326,,16654,197322,136709,,0,1835594,11548,,232796,,105205,1327020,6356,1835594,11548
12/1/20,VA,A+,4093,3750,31,343,14725,14725,1757,106,,398,3128510,13437,,,,,173,240063,212916,2228,0,,,,,252516,24393,3341426,15099,3341426,15099,,,,,,0,,0
12/1/20,VI,D,23,23,0,,,,,0,,,27028,245,,,,,,1550,,6,0,,,,,,1493,,0,28578,251,,,,,,0,28658,260
12/1/20,VT,B,72,72,3,,,,32,0,,2,220785,1196,,,,,,4365,4248,69,0,,,,,,2564,,0,555633,2679,,,,,225033,1259,555633,2679
12/1/20,WA,B,2774,2774,71,,10895,10895,1003,136,,260,2753107,0,,,,,113,177054,171778,1314,0,,,,,,,2894367,0,2894367,0,,,,,,0,,0
12/1/20,WI,A+,3611,3420,117,191,17372,17372,1827,277,1824,415,2156410,6414,,,,,,416365,391313,4635,0,,,,,,319426,4453101,27071,4453101,27071,,,,,2547723,10492,,0
12/1/20,WV,B,758,720,23,38,,,595,0,,166,1100209,10100,,,,,81,48818,41561,976,0,,,,,,31139,,0,1149027,11076,21163,,,,,0,1141770,10814
12/1/20,WY,B,230,,15,,793,793,239,9,,,141466,0,,,387265,,,33805,29389,500,0,,,,,32316,26003,,0,419587,0,,,,,170519,0,419587,0
11/30/20,AK,A,121,121,0,,725,725,162,3,,,980073,4709,,,971946,,27,31323,,507,0,,,,,38426,7165,,0,1011396,5216,,,,,,0,1011396,5216
11/30/20,AL,A,3578,3246,1,332,25338,25338,1717,668,2237,,1376324,2554,,,,1288,,249524,208023,2295,0,,,,,,161946,,0,1584347,4634,,,71698,,1584347,4634,,0
11/30/20,AR,A+,2502,2295,32,207,8937,8937,1063,94,,407,1545401,6663,,,1545401,989,211,157359,138056,1112,0,,3300,,23474,,138696,,0,1683457,7629,,21856,,136774,,0,1683457,7629
11/30/20,AS,D,0,,0,,,,,0,,,1988,0,,,,,,0,0,0,0,,,,,,,,0,1988,0,,,,,,0,1988,0
11/30/20,AZ,A+,6639,6152,5,487,25786,25786,2513,218,,579,1936949,16630,,,,,352,326817,316740,822,0,,,,,,52438,,0,3803094,22500,364625,,,,2253689,17364,3803094,22500
11/30/20,CA,B,19141,,20,,,,8578,0,,1919,22812203,203636,,,,,,1212968,1212968,14034,0,,,,,,,,0,24025171,217670,,,,,,0,24025171,217670
11/30/20,CO,A,3037,2561,34,476,13488,13488,1940,60,,,1531344,12038,189136,,,,,232905,222703,4133,0,17152,,,,,12538,3218851,43725,3218851,43725,206784,,,,1754047,16095,,0
11/30/20,CT,C,5020,4025,59,995,12257,12257,1098,0,,,3144159,102123,,,,,,117295,109491,4714,0,,,,,,9800,,0,3261454,106837,,49816,,,,0,3253650,106821
11/30/20,DC,A+,680,,0,,,,158,0,,43,673704,4810,,,,,17,21552,,104,0,,,,,,15746,695256,4914,695256,4914,,,,,306447,884,,0
11/30/20,DE,A+,772,679,2,93,,,243,0,,33,388688,1555,,,,,,35654,34276,403,0,,,,,36473,17463,740434,10970,740434,10970,,,,,424342,1958,,0
11/30/20,FL,A,18834,,98,,55554,55554,4159,161,,,6256432,29041,578113,560932,9738224,,,983370,899032,6426,0,71851,,69600,,1275384,,12427765,71417,12427765,71417,650372,,630838,,7239802,35467,11065634,70057
11/30/20,GA,A+,9452,8778,10,674,34824,34824,2574,42,6497,,3892315,9989,,,,,,422133,422133,1532,0,35894,,,49430,395848,,,0,4314448,11521,363107,,,,,0,4314448,11521
11/30/20,GU,B,112,,0,,,,47,0,,9,77567,1134,,,,,3,6852,6722,34,0,12,127,,,,5817,,0,84419,1168,226,1349,,,,0,84289,1215
11/30/20,HI,B,244,,0,,1287,1287,60,0,,17,295153,0,,,,,14,18223,17925,85,0,,,,,17890,11958,669762,4525,669762,4525,,,,,308090,0,,0
11/30/20,IA,A+,2403,,36,,,,1162,0,,224,868406,1688,,70981,,,147,202410,202410,1143,0,,,4852,27038,,132271,,0,1070816,2831,,,75873,139206,1072933,2820,,0
11/30/20,ID,A,920,848,7,72,3978,3978,470,30,749,92,387606,1199,,,,,,100484,85431,824,0,,,,,,40461,,0,473037,1893,,31219,,,473037,1893,713302,2900
11/30/20,IL,A,12985,12278,103,707,,,5849,0,,1217,9771694,60790,,,,,715,726304,447491,6190,0,,,,,,,,0,10497998,66980,,,,,,0,10497998,66980
11/30/20,IN,A+,5723,5456,38,267,26018,26018,3401,386,4722,968,1865604,9988,,,,,389,338977,,5665,0,,,,,309723,197078,,0,4259964,37936,,,,,2204581,15653,4259964,37936
11/30/20,KS,A+,1560,,31,,5105,5105,854,87,1353,227,665438,6035,,,,395,92,157446,,4425,0,,,,,,3403,,0,822884,10460,,,,,822884,10460,,0
11/30/20,KY,B,1908,1846,12,62,10054,10054,1741,73,2462,421,2434696,30517,,,,,229,179041,148424,2116,0,,,,,,28281,,0,2583120,34592,95483,111859,,,,0,2583120,34592
11/30/20,LA,A,6420,6163,13,257,,,1241,0,,,3171305,844,,,,,125,232414,220421,169,0,,,,,,192488,,0,3403719,1013,,103527,,,,0,3391726,956
11/30/20,MA,A+,10748,10512,26,236,14139,14139,1174,0,,244,3127214,6491,,,,,126,226132,218329,1168,0,,,12130,,274046,155473,,0,8400584,29194,,,132492,262710,3345543,7657,8400584,29194
11/30/20,MD,A,4641,4486,16,155,21051,21051,1527,174,,344,2146539,10147,,143097,,,,198370,198370,1923,0,,,15413,,237188,8608,,0,4429749,27350,,,158510,,2344909,12070,4429749,27350
11/30/20,ME,A+,194,193,3,1,699,699,139,7,,48,864042,33979,12357,,861205,,22,11757,10487,249,0,399,677,,,14062,9098,,0,875799,34228,12768,19971,,,,0,875799,35820
11/30/20,MI,A+,9564,9134,97,430,,,4326,0,,851,6288394,92105,,,6288394,,531,388942,360449,10790,0,,,,,460338,165269,,0,6677336,102895,367228,,,,,0,6748732,106844
11/30/20,MN,A,3593,3521,15,72,16791,16791,1840,148,3779,392,2217580,11493,,,,,,318763,312093,5794,0,,,,,,272608,4156622,39881,4156622,39881,,104184,,,2529673,16983,,0
11/30/20,MO,A+,3829,,6,,,,2498,0,,636,1513931,4828,86851,71709,2738248,,339,299762,299762,3829,0,8156,18231,3618,,332130,,,0,3076377,17868,95212,120954,90142,71946,1813693,8657,3076377,17868
11/30/20,MP,D,2,2,0,,4,4,,0,,,16747,0,,,,,,106,106,2,0,,,,,,29,,0,16853,2,,,,,16851,0,23944,1311
11/30/20,MS,A+,3807,3313,1,494,7486,7486,1115,192,,238,982395,35123,,,,,135,153270,122237,1485,0,95,,,,,128746,,0,1135665,36608,51554,210647,,,,0,1104632,39690
11/30/20,MT,A,681,,10,,2622,2622,477,53,,84,593823,5401,,,,,46,62198,62198,397,0,,,,,,45486,,0,656021,5798,,,,,,0,656021,5798
11/30/20,NC,A+,5261,5104,21,157,,,1966,0,,457,4951772,27062,,,,,,364512,343518,2734,0,,,,,,315979,,0,5316284,29796,,115957,,,,0,5295290,29641
11/30/20,ND,B,933,,12,,2708,2708,333,41,425,38,270965,684,11048,,,,,80679,79191,595,0,1007,,,,,71848,1088089,7089,1088089,7089,12055,,,,350217,1278,1144256,7772
11/30/20,NE,A,989,,0,,4277,4277,896,31,,,613901,1372,,,1208672,,,126466,126466,1143,0,,,,,143941,63562,,0,1354171,5945,,,,,740724,2519,1354171,5945
11/30/20,NH,B,526,,0,,839,839,160,0,279,,400267,1771,,,,,,20994,20994,514,0,,,,3941,,15323,,0,817159,6496,34190,,33161,,421261,2285,817159,6496
11/30/20,NJ,A,16993,15164,15,1829,41213,41213,2961,0,,575,5749192,135883,,,,,332,337304,337304,3190,0,,,,,,43771,,0,6086496,139073,,,,,,0,6086496,142912
11/30/20,NM,A,1568,,28,,6782,6782,876,102,,,1461196,9442,,,,,,97095,97095,1678,0,,,,,,32569,,0,1558291,11120,,,,,,0,1558291,11120
11/30/20,NV,A,2144,,8,,,,1545,0,,307,827680,2911,,,,,190,152169,152169,1642,0,,,,,,,1638099,10793,1638099,10793,,,,,979849,4553,1154583,0
11/30/20,NY,B,26747,,57,,89995,89995,3532,0,,681,18773518,142155,,,,,325,647980,647980,6819,0,,,,,,85556,19421498,148974,19421498,148974,,,,,,0,,0
11/30/20,OH,A+,6429,6009,30,420,26864,26864,5060,357,4682,1180,5707534,38481,,,,,682,421063,398371,6631,0,,,,,,271326,,0,6128597,45112,,,,,,0,6105905,44723
11/30/20,OK,A+,1743,,7,,12258,12258,1653,37,,432,1873468,0,,,1873468,,,197745,197745,2200,0,5828,,,,195044,163727,,0,2071213,2200,95129,,,,,0,2071937,0
11/30/20,OR,A+,912,,7,,4343,4343,584,0,,117,968686,0,,,1871210,,50,75431,67515,1311,0,,,,,108570,5870,,0,1979780,12383,,,,,1028119,0,1979780,12383
11/30/20,PA,A+,10383,,32,,,,4631,0,,970,2828049,9172,,,,,499,361464,335911,4268,0,,,,,,216878,,0,3189513,13440,,,,,3163960,13164,5599993,84521
11/30/20,PR,B,1106,881,12,225,,,622,0,,99,305972,0,,,303412,,84,52545,50988,843,0,40897,,,,7002,43123,,0,358517,843,,,,,,0,310546,0
11/30/20,RI,A+,1373,,8,,4582,4582,365,0,,40,473161,2075,,,1480202,,19,56723,56723,651,0,,,,,69958,3737,1550160,7114,1550160,7114,,,,,529884,2726,,0
11/30/20,SC,A+,4381,4077,28,304,11877,11877,925,20,,237,2181976,11518,78861,,2117585,,112,217487,203659,1358,0,11851,25477,,,268050,114457,,0,2399463,12876,90712,222720,,,,0,2385635,12755
11/30/20,SD,A+,946,,3,,4502,4502,546,34,,100,248388,544,,,,,57,80464,74973,564,0,,,,,,62334,,0,328852,1108,,,,,328852,1108,609900,2893
11/30/20,TN,A+,4602,4206,48,396,12096,12096,2534,56,,640,4170943,48010,,,4109690,,309,374493,344712,7975,0,,30559,,,405965,328710,,0,4545436,55985,,310128,,,,0,4515655,55547
11/30/20,TX,A,21379,,22,,,,8900,0,,2536,9842763,34166,,,,,,1278432,1168111,11725,0,60825,59228,,,1309102,962639,,0,11010874,45004,571451,712553,,,,0,11010874,45004
11/30/20,UT,A+,871,,3,,8135,8135,573,59,1476,205,1139688,2913,,,1628693,533,,195706,180976,1897,0,,16585,,15947,195353,134296,,0,1824046,7014,,224312,,102415,1320664,4365,1824046,7014
11/30/20,VA,A+,4062,3723,4,339,14619,14619,1658,47,,376,3115073,15513,,,,,162,237835,211254,1893,0,,,,,250857,24199,3326327,16984,3326327,16984,,,,,,0,,0
11/30/20,VI,D,23,23,0,,,,,0,,,26783,0,,,,,,1544,,0,0,,,,,,1466,,0,28327,0,,,,,,0,28398,0
11/30/20,VT,B,69,69,2,,,,25,0,,5,219589,900,,,,,,4296,4185,71,0,,,,,,2523,,0,552954,1963,,,,,223774,971,552954,1963
11/30/20,WA,B,2703,2703,0,,10759,10759,989,96,,256,2753107,0,,,,,103,175740,170525,2179,0,,,,,,,2894367,0,2894367,0,,,,,,0,,0
11/30/20,WI,A+,3494,3313,7,181,17095,17095,1845,96,1808,395,2149996,6206,,,,,,411730,387235,2676,0,,,,,,315086,4426030,27880,4426030,27880,,,,,2537231,8740,,0
11/30/20,WV,B,735,699,6,36,,,597,0,,162,1090109,7880,,,,,76,47842,40847,845,0,,,,,,30320,,0,1137951,8725,21056,,,,,0,1130956,8518
11/30/20,WY,B,215,,0,,784,784,247,22,,,141466,2562,,,387265,,,33305,29053,816,0,,,,,32316,24478,,0,419587,26211,,,,,170519,4018,419587,26211
11/29/20,AK,A,121,121,0,,722,722,159,1,,,975364,6514,,,966992,,27,30816,,612,0,,,,,38165,7165,,0,1006180,7126,,,,,,0,1006180,7126
11/29/20,AL,A,3577,3245,5,332,24670,24670,1609,0,2234,,1373770,3978,,,,1287,,247229,205943,2236,0,,,,,,161946,,0,1579713,5811,,,71698,,1579713,5811,,0
11/29/20,AR,A+,2470,2265,21,205,8843,8843,1030,24,,390,1538738,9224,,,1538738,975,185,156247,137090,1221,0,,3300,,23208,,136872,,0,1675828,10243,,21856,,135709,,0,1675828,10243
11/29/20,AS,D,0,,0,,,,,0,,,1988,0,,,,,,0,0,0,0,,,,,,,,0,1988,0,,,,,,0,1988,0
11/29/20,AZ,A+,6634,6148,10,486,25568,25568,2458,220,,573,1920319,15300,,,,,356,325995,316006,3221,0,,,,,,51911,,0,3780594,23429,363824,,,,2236325,18441,3780594,23429
11/29/20,CA,B,19121,,32,,,,8198,0,,1823,22608567,218705,,,,,,1198934,1198934,15614,0,,,,,,,,0,23807501,234319,,,,,,0,23807501,234319
11/29/20,CO,A,3003,2530,20,473,13428,13428,1847,59,,,1519306,9047,188172,,,,,228772,218646,3489,0,16879,,,,,12345,3175126,31899,3175126,31899,206288,,,,1737952,12500,,0
11/29/20,CT,C,4961,3981,0,980,12257,12257,1017,0,,,3042036,0,,,,,,112581,104793,0,0,,,,,,9800,,0,3154617,0,,49816,,,,0,3146829,0
11/29/20,DC,A+,680,,2,,,,145,0,,42,668894,4864,,,,,21,21448,,140,0,,,,,,15671,690342,5004,690342,5004,,,,,305563,1530,,0
11/29/20,DE,A+,770,677,7,93,,,211,0,,31,387133,2559,,,,,,35251,33876,581,0,,,,,35710,17279,729464,9274,729464,9274,,,,,422384,3140,,0
11/29/20,FL,A,18736,,59,,55393,55393,4059,116,,,6227391,30102,578113,560932,9677126,,,976944,894389,7131,0,71851,,69600,,1266562,,12356348,85090,12356348,85090,650372,,630838,,7204335,37233,10995577,80168
11/29/20,GA,A+,9442,8778,18,664,34782,34782,2493,58,6493,,3882326,12238,,,,,,420601,420601,1665,0,35871,,,48915,394478,,,0,4302927,13903,362982,,,,,0,4302927,13903
11/29/20,GU,B,112,,0,,,,44,0,,8,76433,0,,,,,3,6818,6641,36,0,12,127,,,,5521,,0,83251,36,225,1264,,,,0,83074,0
11/29/20,HI,B,244,,4,,1287,1287,60,0,,17,295153,0,,,,,14,18138,17840,56,0,,,,,17802,11958,665237,5517,665237,5517,,,,,308090,0,,0
11/29/20,IA,A+,2367,,7,,,,1175,0,,235,866718,2720,,70683,,,151,201267,201267,1584,0,,,4843,26696,,131098,,0,1067985,4304,,,75566,138472,1070113,4335,,0
11/29/20,ID,A,913,843,4,70,3948,3948,470,70,742,92,386407,1248,,,,,,99660,84737,1160,0,,,,,,40120,,0,471144,2249,,31219,,,471144,2249,710402,3663
11/29/20,IL,A,12882,12193,44,689,,,5858,0,,1185,9710904,55562,,,,,723,720114,447491,7178,0,,,,,,,,0,10431018,62740,,,,,,0,10431018,62740
11/29/20,IN,A+,5685,5418,22,267,25632,25632,3392,303,4660,951,1855616,9873,,,,,355,333312,,4304,0,,,,,304037,191290,,0,4222028,38627,,,,,2188928,14177,4222028,38627
11/29/20,KS,A+,1529,,0,,5018,5018,802,0,1329,221,659403,0,,,,389,73,153021,,0,0,,,,,,3352,,0,812424,0,,,,,812424,0,,0
11/29/20,KY,B,1896,1834,11,62,9981,9981,1722,0,2451,408,2404179,0,,,,,220,176925,146693,2743,0,,,,,,27998,,0,2548528,0,95118,111032,,,,0,2548528,0
11/29/20,LA,A,6407,6152,16,255,,,1196,0,,,3170461,22320,,,,,125,232245,220309,1643,0,,,,,,192488,,0,3402706,23963,,103317,,,,0,3390770,23833
11/29/20,MA,A+,10722,10487,46,235,14139,14139,1081,0,,238,3120723,15758,,,,,110,224964,217163,2495,0,,,12130,,272685,155473,,0,8371390,48685,,,132492,262332,3337886,18259,8371390,48685
11/29/20,MD,A,4625,4470,23,155,20877,20877,1461,164,,359,2136392,13270,,143097,,,,196447,196447,1999,0,,,15413,,234821,8607,,0,4402399,39249,,,158510,,2332839,15269,4402399,39249
11/29/20,ME,A+,191,190,0,1,692,692,125,3,,49,830063,0,12276,,826935,,18,11508,10315,220,0,391,291,,,12547,8952,,0,841571,220,12679,8787,,,,0,839979,0
11/29/20,MI,A+,9467,9036,0,431,,,4097,0,,832,6196289,0,,,6196289,,472,378152,350021,0,0,,,,,445599,165269,,0,6574441,0,365318,,,,,0,6641888,0
11/29/20,MN,A,3578,3507,57,71,16643,16643,1785,220,3750,386,2206087,35557,,,,,,312969,306603,8946,0,,,,,,265223,4116741,89486,4116741,89486,,102683,,,2512690,44232,,0
11/29/20,MO,A+,3823,,6,,,,2654,0,,657,1509103,4310,86744,71709,2724531,,369,295933,295933,3193,0,8090,18015,3618,,328018,,,0,3058509,16361,95039,120293,89994,71433,1805036,7503,3058509,16361
11/29/20,MP,D,2,2,0,,4,4,,0,,,16747,0,,,,,,104,104,0,0,,,,,,29,,0,16851,0,,,,,16851,0,22633,0
11/29/20,MS,A+,3806,3313,27,493,7294,7294,1058,0,,245,947272,0,,,,,130,151785,121614,1845,0,95,,,,,121637,,0,1099057,1845,50014,172860,,,,0,1064942,0
11/29/20,MT,A,671,,2,,2569,2569,461,0,,88,588422,3874,,,,,48,61801,61801,956,0,,,,,,44100,,0,650223,4830,,,,,,0,650223,4830
11/29/20,NC,A+,5240,5085,21,155,,,1885,0,,454,4924710,37814,,,,,,361778,340939,3820,0,,,,,,293555,,0,5286488,41634,,115123,,,,0,5265649,41252
11/29/20,ND,B,921,,0,,2667,2667,337,18,417,39,270281,835,11048,,,,,80084,78596,725,0,1007,,,,,70901,1081000,8920,1081000,8920,12055,,,,348939,1562,1136484,9722
11/29/20,NE,A,989,,5,,4246,4246,911,30,,,612529,2115,,,1204041,,,125323,125323,1257,0,,,,,142643,62686,,0,1348226,8881,,,,,738205,3372,1348226,8881
11/29/20,NH,B,526,,3,,839,839,146,2,279,,398496,2340,,,,,,20480,20480,478,0,,,,3714,,14999,,0,810663,25100,34180,,33152,,418976,2818,810663,25100
11/29/20,NJ,A,16978,15149,13,1829,41213,41213,2877,95,,559,5613309,0,,,,,304,334114,334114,3839,0,,,,,,43504,,0,5947423,3839,,,,,,0,5943584,0
11/29/20,NM,A,1540,,13,,6680,6680,919,49,,,1451754,9534,,,,,,95417,95417,1435,0,,,,,,32050,,0,1547171,10969,,,,,,0,1547171,10969
11/29/20,NV,A,2136,,17,,,,1460,0,,317,824769,882,,,,,162,150527,150257,1298,0,,,,,,,1627306,4490,1627306,4490,,,,,975296,2180,1154583,0
11/29/20,NY,B,26690,,58,,89995,89995,3372,0,,667,18631363,150597,,,,,326,641161,641161,6723,0,,,,,,85287,19272524,157320,19272524,157320,,,,,,0,,0
11/29/20,OH,A+,6399,5979,21,420,26507,26507,4908,245,4644,1142,5669053,47047,,,,,643,414432,392129,7729,0,,,,,,266341,,0,6083485,54776,,,,,,0,6061182,54632
11/29/20,OK,A+,1736,,19,,12221,12221,1653,141,,432,1873468,0,,,1873468,,,195545,195545,1721,0,5828,,,,195044,161955,,0,2069013,1721,95129,,,,,0,2071937,0
11/29/20,OR,A+,905,,9,,4343,4343,569,0,,123,968686,8042,,,1860056,,50,74120,67515,1614,0,,,,,107341,5870,,0,1967397,12968,,,,,1028119,0,1967397,12968
11/29/20,PA,A+,10351,,76,,,,4405,0,,918,2818877,14413,,,,,474,357196,331919,5529,0,,,,,,214516,,0,3176073,19942,,,,,3150796,19591,5515472,0
11/29/20,PR,B,1094,869,11,225,,,606,0,,102,305972,0,,,303412,,87,51702,50197,121,0,40398,,,,7002,42993,,0,357674,121,,,,,,0,310546,0
11/29/20,RI,A+,1365,,2,,4582,4582,365,52,,40,471086,2675,,,1473814,,19,56072,56072,1055,0,,,,,69232,3737,1543046,12791,1543046,12791,,,,,527158,3730,,0
11/29/20,SC,A+,4353,4050,7,303,11857,11857,879,55,,236,2170458,15136,78771,,2106308,,117,216129,202422,1218,0,11831,25261,,,266572,113704,,0,2386587,16354,90602,220868,,,,0,2372880,16201
11/29/20,SD,A+,943,,1,,4468,4468,544,68,,91,247844,1567,,,,,51,79900,74518,801,0,,,,,,62027,,0,327744,2368,,,,,327744,2368,607007,5486
11/29/20,TN,A+,4554,4173,13,381,12040,12040,2408,35,,625,4122933,16078,,,4062405,,289,366518,337175,3052,0,,30084,,,397703,325993,,0,4489451,19130,,301754,,,,0,4460108,18742
11/29/20,TX,A,21357,,48,,,,8634,0,,2487,9808597,47028,,,,,,1266707,1157273,7050,0,60759,58415,,,1301267,954465,,0,10965870,53232,570888,706818,,,,0,10965870,53232
11/29/20,UT,A+,868,,5,,8076,8076,575,47,1474,207,1136775,3769,,,1623277,533,,193809,179524,1722,0,,16378,,15751,193755,132081,,0,1817032,8947,,223171,,101928,1316299,5286,1817032,8947
11/29/20,VA,A+,4058,3719,4,339,14572,14572,1628,56,,365,3099560,12521,,,,,155,235942,209783,2325,0,,,,,249282,24062,3309343,14135,3309343,14135,,,,,,0,,0
11/29/20,VI,D,23,23,0,,,,,0,,,26783,49,,,,,,1544,,6,0,,,,,,1466,,0,28327,55,,,,,,0,28398,53
11/29/20,VT,B,67,67,0,,,,21,0,,4,218689,1348,,,,,,4225,4114,70,0,,,,,,2494,,0,550991,3499,,,,,222803,1414,550991,3499
11/29/20,WA,B,2703,2703,0,,10663,10663,983,167,,236,2753107,0,,,,,94,173561,168419,2624,0,,,,,,,2894367,0,2894367,0,,,,,,0,,0
11/29/20,WI,A+,3487,3307,23,180,16999,16999,1824,117,1801,398,2143790,5680,,,,,,409054,384701,4055,0,,,,,,311438,4398150,25061,4398150,25061,,,,,2528491,9511,,0
11/29/20,WV,B,729,691,11,38,,,556,0,,165,1082229,13059,,,,,74,46997,40209,1152,0,,,,,,29898,,0,1129226,14211,20985,,,,,0,1122438,13754
11/29/20,WY,B,215,,0,,762,762,225,14,,,138904,0,,,357394,,,32489,28252,560,0,,,,,27640,23022,,0,393376,0,,,,,166501,0,393376,0
11/28/20,AK,A,121,121,2,,721,721,155,30,,,968850,7631,,,960276,,25,30204,,650,0,,,,,37764,7165,,0,999054,8281,,,,,,0,999054,8281
11/28/20,AL,A,3572,3240,0,332,24670,24670,1571,219,2231,,1369792,4552,,,,1286,,244993,204110,2119,0,,,,,,161946,,0,1573902,6189,,,71335,,1573902,6189,,0
11/28/20,AR,A+,2449,2249,13,200,8819,8819,1010,40,,399,1529514,8424,,,1529514,971,183,155026,136071,1349,0,,3300,,22878,,135614,,0,1665585,9591,,21856,,134910,,0,1665585,9591
11/28/20,AS,D,0,,0,,,,,0,,,1988,0,,,,,,0,0,0,0,,,,,,,,0,1988,0,,,,,,0,1988,0
11/28/20,AZ,A+,6624,6140,36,484,25348,25348,2383,52,,553,1905019,10368,,,,,343,322774,312865,4136,0,,,,,,51333,,0,3757165,27409,363071,,,,2217884,14367,3757165,27409
11/28/20,CA,B,19089,,56,,,,7684,0,,1763,22389862,245268,,,,,,1183320,1183320,11996,0,,,,,,,,0,23573182,257264,,,,,,0,23573182,257264
11/28/20,CO,A,2983,2511,6,472,13369,13369,1852,82,,,1510259,13805,188172,,,,,225283,215193,4330,0,16879,,,,,12153,3143227,51389,3143227,51389,205051,,,,1725452,18078,,0
11/28/20,CT,C,4961,3981,0,980,12257,12257,1017,0,,,3042036,0,,,,,,112581,104793,0,0,,,,,,9800,,0,3154617,0,,49816,,,,0,3146829,0
11/28/20,DC,A+,678,,1,,,,157,0,,41,664030,12528,,,,,16,21308,,371,0,,,,,,15603,685338,12899,685338,12899,,,,,304033,4071,,0
11/28/20,DE,A+,763,671,0,92,,,202,0,,29,384574,2685,,,,,,34670,33298,500,0,,,,,35184,17082,720190,10939,720190,10939,,,,,419244,3185,,0
11/28/20,FL,A,18677,,81,,55277,55277,3918,128,,,6197289,30204,578113,560932,9606840,,,969813,889553,6062,0,71851,,69600,,1256914,,12271258,79276,12271258,79276,650372,,630838,,7167102,36266,10915409,63897
11/28/20,GA,A+,9424,8775,44,649,34724,34724,2370,119,6485,,3870088,27978,,,,,,418936,418936,2633,0,35775,,,48628,392875,,,0,4289024,30611,362341,,,,,0,4289024,30611
11/28/20,GU,B,112,,0,,,,43,0,,9,76433,0,,,,,3,6782,6641,14,0,12,127,,,,5521,,0,83215,14,225,1264,,,,0,83074,0
11/28/20,HI,B,240,,0,,1287,1287,60,18,,17,295153,0,,,,,14,18082,17784,76,0,,,,,17744,11958,659720,4157,659720,4157,,,,,308090,0,,0
11/28/20,IA,A+,2360,,8,,,,1221,0,,244,863998,1742,,70406,,,146,199683,199683,1461,0,,,4830,26575,,130008,,0,1063681,3203,,,75276,138452,1065778,3195,,0
11/28/20,ID,A,909,839,14,70,3878,3878,470,61,727,92,385159,2776,,,,,,98500,83736,1997,0,,,,,,39900,,0,468895,4449,,31219,,,468895,4449,706739,8483
11/28/20,IL,A,12838,12137,152,701,,,5775,0,,1211,9655342,71182,,,,,686,712936,447491,7873,0,,,,,,,,0,10368278,79055,,,,,,0,10368278,79055
11/28/20,IN,A+,5663,5394,69,269,25329,25329,3381,389,4604,938,1845743,8170,,,,,356,329008,,4471,0,,,,,300487,189640,,0,4183401,34805,,,,,2174751,12641,4183401,34805
11/28/20,KS,A+,1529,,0,,5018,5018,802,0,1329,221,659403,0,,,,389,73,153021,,0,0,,,,,,3352,,0,812424,0,,,,,812424,0,,0
11/28/20,KY,B,1885,1825,14,60,9981,9981,1722,74,2451,408,2404179,17875,,,,,220,174182,144349,2427,0,,,,,,27998,,0,2548528,19970,95118,111032,,,,0,2548528,19970
11/28/20,LA,A,6391,6136,0,255,,,1074,0,,,3148141,0,,,,,125,230602,218796,0,0,,,,,,192488,,0,3378743,0,,102237,,,,0,3366937,0
11/28/20,MA,A+,10676,10441,41,235,14139,14139,1045,0,,225,3104965,15037,,,,,111,222469,214662,3217,0,,,12130,,269851,155473,,0,8322705,72269,,,132492,261693,3319627,17951,8322705,72269
11/28/20,MD,A,4602,4447,33,155,20713,20713,1446,201,,351,2123122,10435,,143097,,,,194448,194448,1590,0,,,15413,,232458,8599,,0,4363150,27708,,,158510,,2317570,12025,4363150,27708
11/28/20,ME,A+,191,190,1,1,689,689,125,2,,49,830063,0,12276,,826935,,18,11288,10125,23,0,391,291,,,12547,8822,,0,841351,23,12679,8787,,,,0,839979,0
11/28/20,MI,A+,9467,9036,110,431,,,4097,0,,832,6196289,52333,,,6196289,,472,378152,350021,8351,0,,,,,445599,165269,,0,6574441,60684,365318,,,,,0,6641888,59320
11/28/20,MN,A,3521,3453,45,68,16423,16423,1785,380,3715,386,2170530,39310,,,,,,304023,297928,9022,0,,,,,,257485,4027255,105119,4027255,105119,,94651,,,2468458,47874,,0
11/28/20,MO,A+,3817,,8,,,,2813,0,,665,1504793,3916,86553,71709,2711607,,367,292740,292740,2204,0,7993,17598,3618,,324613,,,0,3042148,14329,94751,119243,89751,70512,1797533,6120,3042148,14329
11/28/20,MP,D,2,2,0,,4,4,,0,,,16747,0,,,,,,104,104,0,0,,,,,,29,,0,16851,0,,,,,16851,0,22633,0
11/28/20,MS,A+,3779,3297,10,482,7294,7294,1058,0,,245,947272,0,,,,,130,149940,120902,1553,0,95,,,,,121637,,0,1097212,1553,50014,172860,,,,0,1064942,0
11/28/20,MT,A,669,,12,,2569,2569,461,43,,99,584548,1830,,,,,47,60845,60845,1049,0,,,,,,44100,,0,645393,2879,,,,,,0,645393,2879
11/28/20,NC,A+,5219,5068,9,151,,,1840,0,,450,4886896,48588,,,,,,357958,337501,3444,0,,,,,,293555,,0,5244854,52032,,113574,,,,0,5224397,51899
11/28/20,ND,B,921,,13,,2649,2649,345,29,416,43,269446,607,11048,,,,,79359,77875,795,0,1007,,,,,69669,1072080,6923,1072080,6923,12055,,,,347377,1306,1126762,7537
11/28/20,NE,A,984,,2,,4216,4216,931,24,,,610414,1725,,,1196600,,,124066,124066,1114,0,,,,,141216,61605,,0,1339345,6744,,,,,734833,2839,1339345,6744
11/28/20,NH,B,523,,6,,837,837,133,1,276,,396156,2179,,,,,,20002,20002,689,0,,,,3041,,14642,,0,785563,0,34017,,33136,,416158,2868,785563,0
11/28/20,NJ,A,16965,15136,23,1829,41118,41118,2830,136,,560,5613309,103875,,,,,305,330275,330275,3802,0,,,,,,43167,,0,5943584,107677,,,,,,0,5943584,116245
11/28/20,NM,A,1527,,23,,6631,6631,854,89,,,1442220,12325,,,,,,93982,93982,2130,0,,,,,,31482,,0,1536202,14455,,,,,,0,1536202,14455
11/28/20,NV,A,2119,,24,,,,1460,0,,317,823887,4459,,,,,162,149229,149229,2912,0,,,,,,,1622816,15811,1622816,15811,,,,,973116,7371,1154583,0
11/28/20,NY,B,26632,,44,,89995,89995,3287,0,,654,18480766,146292,,,,,331,634438,634438,6063,0,,,,,,84938,19115204,152355,19115204,152355,,,,,,0,,0
11/28/20,OH,A+,6378,5963,32,415,26262,26262,4740,302,4608,1120,5622006,102273,,,,,638,406703,384544,6895,0,,,,,,261353,,0,6028709,109168,,,,,,0,6006550,108735
11/28/20,OK,A+,1717,,13,,12080,12080,1653,182,,432,1873468,0,,,1873468,,,193824,193824,6257,0,5828,,,,195044,159894,,0,2067292,6257,95129,,,,,0,2071937,0
11/28/20,OR,A+,896,,11,,4343,4343,569,0,,123,960644,40,,,1848350,,50,72506,67515,1674,0,,,,,106079,5870,,0,1954429,18656,,,,,1028119,0,1954429,18656
11/28/20,PA,A+,10275,,41,,,,4253,0,,914,2804464,18389,,,,,465,351667,326741,8053,0,,,,,,214516,,0,3156131,26442,,,,,3131205,25891,5515472,56532
11/28/20,PR,B,1083,859,7,224,,,573,0,,92,305972,0,,,303412,,90,51581,50081,903,0,40367,,,,7002,42589,,0,357553,903,,,,,,0,310546,0
11/28/20,RI,A+,1363,,17,,4530,4530,349,122,,39,468411,1514,,,1462149,,19,55017,55017,1063,0,,,,,68106,3701,1530255,11234,1530255,11234,,,,,523428,2577,,0
11/28/20,SC,A+,4346,4043,0,303,11802,11802,879,8,,236,2155322,29405,78542,,2091449,,117,214911,201354,1791,0,11778,25133,,,265230,112978,,0,2370233,31196,90320,219009,,,,0,2356679,31224
11/28/20,SD,A+,942,,54,,4400,4400,539,47,,95,246277,1073,,,,,55,79099,73817,819,0,,,,,,61051,,0,325376,1892,,,,,325376,1892,601521,5612
11/28/20,TN,A+,4541,4163,15,378,12005,12005,2450,31,,633,4106855,36937,,,4046661,,286,363466,334511,6750,0,,29491,,,394705,323376,,0,4470321,43687,,291265,,,,0,4441366,42782
11/28/20,TX,A,21309,,102,,,,8597,0,,2427,9761569,67725,,,,,,1259657,1151069,4325,0,60487,57538,,,1291811,950586,,0,10912638,71749,569242,701538,,,,0,10912638,71749
11/28/20,UT,A+,863,,14,,8029,8029,581,81,1470,207,1133006,4695,,,1615959,533,,192087,178007,2043,0,,16081,,15463,192126,129652,,0,1808085,10682,,221197,,101071,1311013,6516,1808085,10682
11/28/20,VA,A+,4054,3715,10,339,14516,14516,1585,65,,370,3087039,22961,,,,,149,233617,208169,3173,0,,,,,247942,23957,3295208,25498,3295208,25498,,,,,,0,,0
11/28/20,VI,D,23,23,0,,,,,0,,,26734,219,,,,,,1538,,17,0,,,,,,1453,,0,28272,236,,,,,,0,28345,211
11/28/20,VT,B,67,67,0,,,,19,0,,2,217341,492,,,,,,4155,4048,40,0,,,,,,2474,,0,547492,1313,,,,,221389,528,547492,1313
11/28/20,WA,B,2703,2703,-1,,10496,10496,990,254,,207,2753107,0,,,,,83,170937,165906,530,0,,,,,,,2894367,0,2894367,0,,,,,,0,,0
11/28/20,WI,A+,3464,3285,30,179,16882,16882,1843,167,1797,400,2138110,4410,,,,,,404999,380870,5473,0,,,,,,306770,4373089,21209,4373089,21209,,,,,2518980,9443,,0
11/28/20,WV,B,718,682,6,36,,,540,0,,151,1069170,12162,,,,,63,45845,39514,799,0,,,,,,29396,,0,1115015,12961,20962,,,,,0,1108684,12847
11/28/20,WY,B,215,,0,,748,748,225,28,,,138904,0,,,357394,,,31929,27738,156,0,,,,,27640,22798,,0,393376,-136,,,,,166501,0,393376,-136
11/27/20,AK,A,119,119,0,,691,691,159,3,,,961219,20538,,,952768,,25,29554,,662,0,,,,,37016,7165,,0,990773,21200,,,,,,0,990773,21200
11/27/20,AL,A,3572,3240,0,332,24451,24451,1526,50,2228,,1365240,4053,,,,1284,,242874,202473,917,0,,,,,,161946,,0,1567713,4771,,,71131,,1567713,4771,,0
11/27/20,AR,A+,2436,2237,0,199,8779,8779,1011,68,,406,1521090,7888,,,1521090,966,192,153677,134904,1052,0,,3300,,22570,,134312,,0,1655994,8850,,21856,,133559,,0,1655994,8850
11/27/20,AS,D,0,,0,,,,,0,,,1988,0,,,,,,0,0,0,0,,,,,,,,0,1988,0,,,,,,0,1988,0
11/27/20,AZ,A+,6588,6106,20,482,25296,25296,2301,133,,532,1894651,20789,,,,,325,318638,308866,4312,0,,,,,,50892,,0,3729756,10480,362284,,,,2203517,24832,3729756,10480
11/27/20,CA,B,19033,,54,,,,7388,0,,1726,22144594,206538,,,,,,1171324,1171324,12635,0,,,,,,,,0,23315918,219173,,,,,,0,23315918,219173
11/27/20,CO,A,2977,2505,20,472,13287,13287,1797,39,,,1496454,13492,187345,,,,,220953,210920,4270,0,16707,,,,,11957,3091838,45689,3091838,45689,204052,,,,1707374,17717,,0
11/27/20,CT,C,4961,3981,35,980,12257,12257,1017,0,,,3042036,68075,,,,,,112581,104793,3429,0,,,,,,9800,,0,3154617,71504,,49816,,,,0,3146829,71327
11/27/20,DC,A+,677,,0,,,,149,0,,34,651502,9037,,,,,18,20937,,201,0,,,,,,15476,672439,9238,672439,9238,,,,,299962,2529,,0
11/27/20,DE,A+,763,671,2,92,,,187,0,,31,381889,3056,,,,,,34170,32800,591,0,,,,,34554,16874,709251,3664,709251,3664,,,,,416059,3647,,0
11/27/20,FL,A,18596,,114,,55149,55149,3748,336,,,6167085,85406,578113,560932,9551703,,,963751,884219,16795,0,71851,,69600,,1248442,,12191982,242690,12191982,242690,650372,,630838,,7130836,102201,10851512,211218
11/27/20,GA,A+,9380,8746,44,634,34605,34605,2295,18,6464,,3842110,29328,,,,,,416303,416303,2394,0,35569,,,48223,390028,,,0,4258413,31722,361442,,,,,0,4258413,31722
11/27/20,GU,B,112,,1,,,,45,0,,9,76433,429,,,,,3,6768,6641,20,0,12,127,,,,5521,,0,83201,449,225,1264,,,,0,83074,490
11/27/20,HI,B,240,,3,,1269,1269,60,0,,17,295153,0,,,,,12,18006,17708,125,0,,,,,17670,11958,655563,5663,655563,5663,,,,,308090,0,,0
11/27/20,IA,A+,2352,,40,,,,1226,0,,256,862256,1624,,70353,,,141,198222,198222,1136,0,,,4789,26034,,127348,,0,1060478,2760,,,75182,136538,1062583,2778,,0
11/27/20,ID,A,895,827,0,68,3817,3817,453,0,715,108,382383,0,,,,,,96503,82063,0,0,,,,,,39199,,0,464446,0,,31219,,,464446,0,698256,0
11/27/20,IL,A,12686,12029,90,657,,,5829,0,,1215,9584160,69556,,,,,698,705063,447491,7574,0,,,,,,,,0,10289223,77130,,,,,,0,10289223,77130
11/27/20,IN,A+,5594,5328,33,266,24940,24940,3287,366,4538,946,1837573,10740,,,,,338,324537,,5643,0,,,,,296828,187259,,0,4148596,48346,,,,,2162110,16383,4148596,48346
11/27/20,KS,A+,1529,,26,,5018,5018,802,97,1329,221,659403,8015,,,,389,73,153021,,5224,0,,,,,,3352,,0,812424,13239,,,,,812424,13239,,0
11/27/20,KY,B,1871,1817,36,54,9907,9907,1714,151,2445,390,2386304,43594,,,,,216,171755,142254,5616,0,,,,,,27866,,0,2528558,48461,95012,110567,,,,0,2528558,48461
11/27/20,LA,A,6391,6136,41,255,,,1074,0,,,3148141,63074,,,,,125,230602,218796,4964,0,,,,,,192488,,0,3378743,68038,,102237,,,,0,3366937,67633
11/27/20,MA,A+,10635,10401,31,234,14139,14139,986,322,,209,3089928,29113,,,,,109,219252,211748,4658,0,,,12130,,266566,155473,,0,8250436,119742,,,132492,257397,3301676,33577,8250436,119742
11/27/20,MD,A,4569,4414,22,155,20512,20512,1435,232,,343,2112687,16000,,143097,,,,192858,192858,2378,0,,,15413,,230545,8565,,0,4335442,47320,,,158510,,2305545,18378,4335442,47320
11/27/20,ME,A+,190,189,0,1,687,687,119,0,,51,830063,0,12276,,826935,,15,11265,10105,0,0,391,291,,,12547,8800,,0,841328,0,12679,8787,,,,0,839979,0
11/27/20,MI,A+,9357,8933,187,424,,,4097,0,,832,6143956,103826,,,6143956,,472,369801,341941,17368,0,,,,,438612,152267,,0,6513757,121194,362221,,,,,0,6582568,119731
11/27/20,MN,A,3476,3410,101,66,16043,16043,1785,277,3638,386,2131220,17333,,,,,,295001,289364,5698,0,,,,,,244982,3922136,49074,3922136,49074,,90388,,,2420584,22866,,0
11/27/20,MO,A+,3809,,1,,,,2743,0,,648,1500877,5423,86415,71709,2699643,,353,290536,290536,3273,0,7931,17293,3618,,322264,,,0,3027819,18205,94551,116480,89578,68967,1791413,8696,3027819,18205
11/27/20,MP,D,2,2,0,,4,4,,0,,,16747,0,,,,,,104,104,0,0,,,,,,29,,0,16851,0,,,,,16851,0,22633,0
11/27/20,MS,A+,3769,3292,6,477,7294,7294,1039,0,,245,947272,0,,,,,113,148387,120069,1005,0,95,,,,,121637,,0,1095659,1005,50014,172860,,,,0,1064942,0
11/27/20,MT,A,657,,-1,,2526,2526,452,-8,,97,582718,10473,,,,,45,59796,59796,114,0,,,,,,43290,,0,642514,10587,,,,,,0,642514,10587
11/27/20,NC,A+,5210,5059,72,151,,,1780,0,,437,4838308,100245,,,,,,354514,334190,8008,0,,,,,,293555,,0,5192822,108253,,111727,,,,0,5172498,107056
11/27/20,ND,B,908,,5,,2620,2620,347,12,408,39,268839,527,10979,,,,,78564,77125,751,0,970,,,,,68105,1065157,7143,1065157,7143,11949,,,,346071,1317,1119225,7788
11/27/20,NE,A,982,,4,,4192,4192,931,10,,,608689,5755,,,1191184,,,122952,122952,2876,0,,,,,139882,60654,,0,1332601,18785,,,,,731994,8631,1332601,18785
11/27/20,NH,B,517,,3,,836,836,131,3,276,,393977,1706,,,,,,19313,19313,537,0,,,,3041,,14226,,0,785563,0,34017,,33089,,413290,2243,785563,0
11/27/20,NJ,A,16942,15113,17,1829,40982,40982,2796,152,,559,5509434,0,,,,,279,326473,326473,4095,0,,,,,,42923,,0,5835907,4095,,,,,,0,5827339,0
11/27/20,NM,A,1504,,35,,6542,6542,874,48,,,1429895,14835,,,,,,91852,91852,2056,0,,,,,,31102,,0,1521747,16891,,,,,,0,1521747,16891
11/27/20,NV,A,2095,,2,,,,1440,0,,306,819428,5016,,,,,162,146317,146317,1536,0,,,,,,,1607005,14090,1607005,14090,,,,,965745,6552,1154583,0
11/27/20,NY,B,26588,,39,,89995,89995,3103,0,,636,18334474,211266,,,,,294,628375,628375,8176,0,,,,,,84723,18962849,219442,18962849,219442,,,,,,0,,0
11/27/20,OH,A+,6346,5932,72,414,25960,25960,4535,474,4571,1113,5519733,45588,,,,,635,399808,378082,17065,0,,,,,,254775,,0,5919541,62653,,,,,,0,5897815,62047
11/27/20,OK,A+,1704,,24,,11898,11898,1653,190,,432,1873468,0,,,1873468,,,187567,187567,3225,0,5828,,,,195044,152969,,0,2061035,3225,95129,,,,,0,2071937,0
11/27/20,OR,A+,885,,3,,4343,4343,569,81,,123,960604,-53,,,1831334,,50,70832,67515,826,0,,,,,104439,5870,,0,1935773,20307,,,,,1028119,2398,1935773,20307
11/27/20,PA,A+,10234,,21,,,,4114,0,,864,2786075,20846,,,,,445,343614,319239,7360,0,,,,,,209604,,0,3129689,28206,,,,,3105314,27686,5458940,127367
11/27/20,PR,B,1076,852,7,224,,,582,0,,103,305972,0,,,303412,,91,50678,49226,1452,0,40027,,,,7002,41768,,0,356650,1452,,,,,,0,310546,0
11/27/20,RI,A+,1346,,4,,4408,4408,319,0,,37,466897,1533,,,1451994,,23,53954,53954,463,0,,,,,67027,3619,1519021,6858,1519021,6858,,,,,520851,1996,,0
11/27/20,SC,A+,4346,4043,29,303,11794,11794,884,57,,236,2125917,28659,78143,,2062537,,119,213120,199538,2215,0,11625,24958,,,262918,112233,,0,2339037,30874,89768,216396,,,,0,2325455,30545
11/27/20,SD,A+,888,,39,,4353,4353,569,110,,104,245204,2992,,,,,63,78280,73096,2138,0,,,,,,61010,,0,323484,5130,,,,,323484,5130,595909,12965
11/27/20,TN,A+,4526,4150,7,376,11974,11974,2400,24,,600,4069918,30577,,,4010457,,271,356716,328666,4340,0,,28523,,,388127,318523,,0,4426634,34917,,278320,,,,0,4398584,34644
11/27/20,TX,A,21207,,51,,,,8518,0,,2449,9693844,9213,,,,,,1255332,1147045,3987,0,59679,56447,,,1280439,946663,,0,10840889,12642,563123,689889,,,,0,10840889,12642
11/27/20,UT,A+,849,,15,,7948,7948,586,163,1458,205,1128311,14340,,,1607270,532,,190044,176186,6142,0,,15777,,15169,190133,126690,,0,1797403,31637,,217320,,100144,1304497,20117,1797403,31637
11/27/20,VA,A+,4044,3704,15,340,14451,14451,1593,34,,373,3064078,31591,,,,,160,230444,205632,1544,0,,,,,245600,23858,3269710,32817,3269710,32817,,,,,,0,,0
11/27/20,VI,D,23,23,0,,,,,0,,,26515,0,,,,,,1521,,0,0,,,,,,1432,,0,28036,0,,,,,,0,28134,0
11/27/20,VT,B,67,67,3,,,,21,0,,2,216849,969,,,,,,4115,4012,98,0,,,,,,2439,,0,546179,13044,,,,,220861,1067,546179,13044
11/27/20,WA,B,2704,2704,0,,10242,10242,1002,0,,226,2753107,0,,,,,102,170407,165384,2936,0,,,,,,,2894367,0,2894367,0,,,,,,0,,0
11/27/20,WI,A+,3434,3257,19,177,16715,16715,1727,57,1788,363,2133700,8498,,,,,,399526,375837,1422,0,,,,,,301541,4351880,33665,4351880,33665,,,,,2509537,9798,,0
11/27/20,WV,B,712,678,0,34,,,528,0,,152,1057008,16089,,,,,63,45046,38829,866,0,,,,,,29008,,0,1102054,16955,20764,,,,,0,1095837,16771
11/27/20,WY,B,215,,0,,720,720,224,0,,,138904,7116,,,357394,,,31773,27597,1012,0,,,,,27640,21700,,0,393512,8472,,,,,166501,11366,393512,8472
11/26/20,AK,A,119,119,3,,688,688,145,25,,,940681,14744,,,933412,,22,28892,,553,0,,,,,35191,7165,,0,969573,15297,,,,,,0,969573,15297
11/26/20,AL,A,3572,3240,40,332,24401,24401,1434,25,2227,,1361187,7226,,,,1282,,241957,201755,2639,0,,,,,,161946,,0,1562942,9355,,,70846,,1562942,9355,,0
11/26/20,AR,A+,2436,2237,11,199,8711,8711,1003,0,,406,1513202,12945,,,1513202,960,169,152625,133942,2348,0,,3300,,22406,,132580,,0,1647144,14638,,21856,,132849,,0,1647144,14638
11/26/20,AS,D,0,,0,,,,,0,,,1988,0,,,,,,0,0,0,0,,,,,,,,0,1988,0,,,,,,0,1988,0
11/26/20,AZ,A+,6568,6086,44,482,25163,25163,2289,211,,523,1873862,18460,,,,,335,314326,304823,3476,0,,,,,,50352,,0,3719276,47663,361284,,,,2178685,21546,3719276,47663
11/26/20,CA,B,18979,,104,,,,7197,0,,1617,21938056,171754,,,,,,1158689,1158689,14640,0,,,,,,,,0,23096745,186394,,,,,,0,23096745,186394
11/26/20,CO,A,2957,2485,51,472,13248,13248,1777,204,,,1482962,21870,184336,,,,,216683,206695,6053,0,16010,,,,,11782,3046149,65750,3046149,65750,202075,,,,1689657,27654,,0
11/26/20,CT,C,4926,3957,0,969,12257,12257,968,0,,,2973961,0,,,,,,109152,101541,0,0,,,,,,9800,,0,3083113,0,,49816,,,,0,3075502,0
11/26/20,DC,A+,677,,0,,,,146,0,,30,642465,12746,,,,,14,20736,,220,0,,,,,,15401,663201,12966,663201,12966,,,,,297433,3136,,0
11/26/20,DE,A+,761,670,1,91,,,195,0,,30,378833,3174,,,,,,33579,32224,584,0,,,,,34268,16712,705587,5944,705587,5944,,,,,412412,3758,,0
11/26/20,FL,A,18482,,0,,54813,54813,3723,0,,,6081679,0,557126,541211,9364258,,,946956,871901,0,0,67208,,65507,,1225332,,11949292,0,11949292,0,624738,,607025,,7028635,0,10640294,0
11/26/20,GA,A+,9336,8716,39,620,34587,34587,2247,174,6463,,3812782,27855,,,,,,413909,413909,2907,0,35236,,,47608,387383,,,0,4226691,30762,359818,,,,,0,4226691,30762
11/26/20,GU,B,111,,2,,,,46,0,,9,76004,0,,,,,2,6748,6580,43,0,9,121,,,,4957,,0,82752,43,224,1226,,,,0,82584,0
11/26/20,HI,B,237,,2,,1269,1269,60,1,,17,295153,0,,,,,12,17881,17618,117,0,,,,,17581,11958,649900,9041,649900,9041,,,,,308090,0,,0
11/26/20,IA,A+,2312,,41,,,,1269,0,,271,860632,4387,,70138,,,142,197086,197086,2691,0,,,4757,25713,,124520,,0,1057718,7078,,,74935,135888,1059805,7111,,0
11/26/20,ID,A,895,827,21,68,3817,3817,453,55,715,108,382383,3071,,,,,,96503,82063,1773,0,,,,,,39199,,0,464446,4425,,31219,,,464446,4425,698256,6953
11/26/20,IL,A,12596,11963,156,633,,,6032,0,,1224,9514604,95534,,,,,724,697489,447491,12022,0,,,,,,,,0,10212093,107556,,,,,,0,10212093,107556
11/26/20,IN,A+,5561,5295,63,266,24574,24574,3384,357,4493,955,1826833,12959,,,,,338,318894,,6373,0,,,,,291641,182726,,0,4100250,62056,,,,,2145727,19332,4100250,62056
11/26/20,KS,A+,1503,,0,,4921,4921,1126,0,1316,272,651388,0,,,,385,102,147797,,0,0,,,,,,3299,,0,799185,0,,,,,799185,0,,0
11/26/20,KY,B,1835,1784,0,51,9756,9756,1734,0,2410,409,2342710,0,,,,,216,166139,137387,0,0,,,,,,27349,,0,2480097,0,94485,107911,,,,0,2480097,0
11/26/20,LA,A,6350,6097,0,253,,,1077,0,,,3085067,0,,,,,116,225638,214237,0,0,,,,,,192488,,0,3310705,0,,98370,,,,0,3299304,0
11/26/20,MA,A+,10604,10372,0,232,13817,13817,942,0,,208,3060815,0,,,,,108,214594,207284,0,0,,,12007,,261393,145682,,0,8130694,0,,,130696,254007,3268099,0,8130694,0
11/26/20,MD,A,4547,4392,29,155,20280,20280,1453,212,,339,2096687,14188,,143097,,,,190480,190480,2319,0,,,15413,,227713,8561,,0,4288122,41771,,,158510,,2287167,16507,4288122,41771
11/26/20,ME,A+,190,189,0,1,687,687,105,9,,46,830063,0,12276,,826935,,11,11265,10105,238,0,391,291,,,12547,8791,,0,841328,238,12679,8787,,,,0,839979,0
11/26/20,MI,A+,9170,8761,0,409,,,4063,0,,843,6040130,0,,,6040130,,464,352433,324779,0,0,,,,,422707,152267,,0,6392563,0,359142,,,,,0,6462837,0
11/26/20,MN,A,3375,3313,0,62,15766,15766,1812,0,3611,387,2113887,0,,,,,,289303,283831,0,0,,,,,,240720,3873062,0,3873062,0,,83887,,,2397718,0,,0
11/26/20,MO,A+,3808,,32,,,,2749,0,,653,1495454,7941,86099,71709,2684972,,325,287263,287263,4471,0,7800,16887,3618,,318769,,,0,3009614,26203,94104,111038,89199,66846,1782717,12412,3009614,26203
11/26/20,MP,D,2,2,0,,4,4,,0,,,16747,0,,,,,,104,104,0,0,,,,,,29,,0,16851,0,,,,,16851,0,22633,0
11/26/20,MS,A+,3763,3287,18,476,7294,7294,1039,0,,245,947272,0,,,,,113,147382,119483,1746,0,95,,,,,121637,,0,1094654,1746,50014,172860,,,,0,1064942,0
11/26/20,MT,A,658,,6,,2534,2534,455,60,,91,572245,2959,,,,,48,59682,59682,1117,0,,,,,,43077,,0,631927,4076,,,,,,0,631927,4076
11/26/20,NC,A+,5138,4993,0,145,,,1811,0,,431,4738063,0,,,,,,346506,327379,0,0,,,,,,293555,,0,5084569,0,,103064,,,,0,5065442,0
11/26/20,ND,B,903,,10,,2608,2608,321,21,407,33,268312,953,10671,,,,,77813,76377,1007,0,852,,,,,67200,1058014,8286,1058014,8286,11523,,,,344754,1919,1111437,9017
11/26/20,NE,A,978,,28,,4182,4182,930,56,,,602934,3848,,,1174805,,,120076,120076,2394,0,,,,,137480,59677,,0,1313816,21133,,,,,723363,6244,1313816,21133
11/26/20,NH,B,514,,0,,833,833,125,0,276,,392271,0,,,,,,18776,18776,0,0,,,,3041,,13969,,0,785563,0,34017,,33024,,411047,0,785563,0
11/26/20,NJ,A,16925,15096,39,1829,40830,40830,2831,124,,550,5509434,0,,,,,284,322378,322378,4473,0,,,,,,42489,,0,5831812,4473,,,,,,0,5827339,0
11/26/20,NM,A,1469,,18,,6494,6494,880,113,,,1415060,15322,,,,,,89796,89796,1694,0,,,,,,30777,,0,1504856,17016,,,,,,0,1504856,17016
11/26/20,NV,A,2093,,22,,,,1440,0,,306,814412,5935,,,,,162,144781,144781,2542,0,,,,,,,1592915,18658,1592915,18658,,,,,959193,8477,1154583,0
11/26/20,NY,B,26549,,67,,89995,89995,3056,0,,628,18123208,210788,,,,,286,620199,620199,6933,0,,,,,,84339,18743407,217721,18743407,217721,,,,,,0,,0
11/26/20,OH,A+,6274,5869,0,405,25486,25486,4541,0,4527,1077,5474145,0,,,,,615,382743,361623,0,0,,,,,,242146,,0,5856888,0,,,,,,0,5835768,0
11/26/20,OK,A+,1680,,0,,11708,11708,1653,0,,432,1873468,24905,,,1873468,,,184342,184342,0,0,5828,,,,195044,149345,,0,2057810,24905,95129,,,,,0,2071937,28445
11/26/20,OR,A+,882,,15,,4262,4262,532,0,,118,960657,188,,,1812868,,48,70006,65252,1503,0,,,,,102598,5870,,0,1915466,23681,,,,,1025721,0,1915466,23681
11/26/20,PA,A+,10213,,118,,,,4087,0,,877,2765229,22008,,,,,467,336254,312399,8425,0,,,,,,203253,,0,3101483,30433,,,,,3077628,29346,5331573,0
11/26/20,PR,B,1069,847,17,222,,,597,0,,98,305972,0,,,303412,,88,49226,47854,501,0,39409,,,,7002,40886,,0,355198,501,,,,,,0,310546,0
11/26/20,RI,A+,1342,,7,,4408,4408,319,82,,37,465364,2575,,,1445675,,23,53491,53491,1174,0,,,,,66488,3619,1512163,19968,1512163,19968,,,,,518855,3749,,0
11/26/20,SC,A+,4317,4015,0,302,11737,11737,940,0,,227,2097258,0,77529,,2034433,,108,210905,197652,0,0,11318,24415,,,260477,111013,,0,2308163,0,88847,207854,,,,0,2294910,0
11/26/20,SD,A+,849,,0,,4243,4243,570,0,,101,242212,0,,,,,49,76142,71170,0,0,,,,,,59981,,0,318354,0,,,,,318354,0,582944,0
11/26/20,TN,A+,4519,4144,53,375,11950,11950,2427,136,,592,4039341,32418,,,3980377,,281,352376,324599,4404,0,,28215,,,383563,312885,,0,4391717,36822,,275427,,,,0,4363940,36134
11/26/20,TX,A,21156,,206,,,,8706,0,,2444,9684631,102065,,,,,,1251345,1143616,14697,0,59031,56160,,,1278643,943457,,0,10828247,114701,560010,687314,,,,0,10828247,114701
11/26/20,UT,A+,834,,0,,7785,7785,591,0,1440,207,1113971,0,,,1581889,526,,183902,170409,0,0,,15322,,14743,183877,120890,,0,1765766,0,,207511,,96617,1284380,0,1765766,0
11/26/20,VA,A+,4029,3698,21,331,14417,14417,1601,105,,370,3032487,21047,,,,,152,228900,204406,2600,0,,,,,243145,23749,3236893,23027,3236893,23027,,,,,,0,,0
11/26/20,VI,D,23,23,0,,,,,0,,,26515,0,,,,,,1521,,0,0,,,,,,1432,,0,28036,0,,,,,,0,28134,0
11/26/20,VT,B,64,64,0,,,,24,0,,5,215880,1623,,,,,,4017,3914,79,0,,,,,,2374,,0,533135,0,,,,,219794,1696,533135,0
11/26/20,WA,B,2704,2704,14,,10242,10242,1007,76,,215,2753107,0,,,,,102,167471,162590,3157,0,,,,,,,2894367,0,2894367,0,,,,,,0,,0
11/26/20,WI,A+,3415,3240,72,175,16658,16658,1892,201,1788,441,2125202,8653,,,,,,398104,374537,5666,0,,,,,,296577,4318215,36568,4318215,36568,,,,,2499739,13748,,0
11/26/20,WV,B,712,678,17,34,,,534,0,,147,1040919,14626,,,,,60,44180,38147,1130,0,,,,,,28718,,0,1085099,15756,20671,,,,,0,1079066,15469
11/26/20,WY,B,215,,0,,720,720,226,0,,,131788,0,,,357394,,,30761,26677,0,0,,,,,27640,20113,,0,385040,0,,,,,155135,0,385040,0
11/25/20,AK,A,116,116,0,,663,663,145,32,,,925937,10205,,,919877,,22,28339,,670,0,,,,,33842,7165,,0,954276,10875,,,,,,0,954276,10875
11/25/20,AL,A,3532,3207,60,325,24376,24376,1483,216,2217,,1353961,6944,,,,1276,,239318,199626,2453,0,,,,,,161946,,0,1553587,8722,,,70609,,1553587,8722,,0
11/25/20,AR,A+,2425,2227,20,198,8711,8711,1028,91,,400,1500257,13180,,,1500257,960,191,150277,132249,1965,0,,3300,,21612,,130818,,0,1632506,14603,,21856,,127630,,0,1632506,14603
11/25/20,AS,D,0,,0,,,,,0,,,1988,0,,,,,,0,0,0,0,,,,,,,,0,1988,0,,,,,,0,1988,0
11/25/20,AZ,A+,6524,6044,9,480,24952,24952,2217,286,,531,1855402,13369,,,,,335,310850,301737,3982,0,,,,,,49810,,0,3671613,51057,359967,,,,2157139,17098,3671613,51057
11/25/20,CA,B,18875,,106,,,,7049,0,,1551,21766302,150638,,,,,,1144049,1144049,18350,0,,,,,,,,0,22910351,168988,,,,,,0,22910351,168988
11/25/20,CO,A,2906,2439,46,467,13044,13044,1794,208,,,1461092,12932,183560,,,,,210630,200911,4191,0,15819,,,,,11628,2980399,41136,2980399,41136,200346,,,,1662003,16894,,0
11/25/20,CT,C,4926,3957,45,969,12257,12257,968,0,,,2973961,29511,,,,,,109152,101541,1872,0,,,,,,9800,,0,3083113,31383,,49816,,,,0,3075502,31232
11/25/20,DC,A+,677,,4,,,,134,0,,36,629719,1206,,,,,19,20516,,107,0,,,,,,15281,650235,1313,650235,1313,,,,,294297,1465,,0
11/25/20,DE,A+,760,669,3,91,,,183,0,,28,375659,2116,,,,,,32995,31656,331,0,,,,,33941,16538,699643,6634,699643,6634,,,,,408654,2447,,0
11/25/20,FL,A,18482,,99,,54813,54813,3723,313,,,6081679,38084,557126,541211,9364258,,,946956,871901,8126,0,67208,,65507,,1225332,,11949292,106585,11949292,106585,624738,,607025,,7028635,46210,10640294,96122
11/25/20,GA,A+,9297,8694,76,603,34413,34413,2286,145,6434,,3784927,19628,,,,,,411002,411002,2358,0,35037,,,46907,384916,,,0,4195929,21986,358749,,,,,0,4195929,21986
11/25/20,GU,B,109,,2,,,,45,0,,11,76004,1059,,,,,4,6705,6580,50,0,9,121,,,,4957,,0,82709,1109,224,1226,,,,0,82584,1106
11/25/20,HI,B,235,,2,,1268,1268,67,9,,16,295153,0,,,,,11,17764,17501,108,0,,,,,17361,11958,640859,1134,640859,1134,,,,,308090,0,,0
11/25/20,IA,A+,2271,,45,,,,1305,0,,269,856245,2608,,69781,,,198,194395,194395,3243,0,,,4667,25214,,122059,,0,1050640,5851,,,74488,134681,1052694,5059,,0
11/25/20,ID,A,874,808,8,66,3762,3762,408,80,701,91,379312,1614,,,,,,94730,80709,1640,0,,,,,,38397,,0,460021,2913,,31219,,,460021,2913,691303,4918
11/25/20,IL,A,12440,11832,178,608,,,6133,0,,1208,9419070,102855,,,,,679,685467,447491,11378,0,,,,,,,,0,10104537,114233,,,,,,0,10104537,114233
11/25/20,IN,A+,5498,5232,63,266,24217,24217,3363,333,4421,956,1813874,12668,,,,,326,312521,,5983,0,,,,,285743,177972,,0,4038194,61511,,,,,2126395,18651,4038194,61511
11/25/20,KS,A+,1503,,47,,4921,4921,1126,144,1316,272,651388,9159,,,,385,102,147797,,5738,0,,,,,,3299,,0,799185,14897,,,,,799185,14897,,0
11/25/20,KY,B,1835,1784,26,51,9756,9756,1734,133,2410,409,2342710,7092,,,,,216,166139,137387,3301,0,,,,,,27349,,0,2480097,9740,94485,107911,,,,0,2480097,9740
11/25/20,LA,A,6350,6097,27,253,,,1077,0,,,3085067,13086,,,,,116,225638,214237,1235,0,,,,,,192488,,0,3310705,14321,,98370,,,,0,3299304,14109
11/25/20,MA,A+,10604,10372,53,232,13817,13817,942,0,,208,3060815,26441,,,,,108,214594,207284,3395,0,,,12007,,261393,145682,,0,8130694,129833,,,130696,254007,3268099,29665,8130694,129833
11/25/20,MD,A,4518,4363,37,155,20068,20068,1406,154,,308,2082499,15939,,143097,,,,188161,188161,2697,0,,,15413,,224826,8549,,0,4246351,45515,,,158510,,2270660,18636,4246351,45515
11/25/20,ME,A+,190,189,1,1,678,678,105,16,,46,830063,7308,12276,,826935,,11,11027,9916,228,0,391,291,,,12547,8592,,0,841090,7536,12679,8787,,,,0,839979,7526
11/25/20,MI,A+,9170,8761,76,409,,,4063,0,,843,6040130,53499,,,6040130,,464,352433,324779,4687,0,,,,,422707,152267,,0,6392563,58186,359142,,,,,0,6462837,61805
11/25/20,MN,A,3375,3313,72,62,15766,15766,1812,322,3611,387,2113887,26598,,,,,,289303,283831,6387,0,,,,,,240720,3873062,63086,3873062,63086,,83887,,,2397718,32775,,0
11/25/20,MO,A+,3776,,26,,,,2698,0,,653,1487513,6971,85668,71709,2663642,,320,282792,282792,4131,0,7628,16229,3618,,313937,,,0,2983411,22895,93500,106155,88680,63997,1770305,11102,2983411,22895
11/25/20,MP,D,2,2,0,,4,4,,0,,,16747,0,,,,,,104,104,0,0,,,,,,29,,0,16851,0,,,,,16851,0,22633,0
11/25/20,MS,A+,3745,3273,16,472,7294,7294,1039,0,,245,947272,0,,,,,113,145636,118597,1092,0,95,,,,,121637,,0,1092908,1092,50014,172860,,,,0,1064942,0
11/25/20,MT,A,652,,22,,2474,2474,462,54,,87,569286,3994,,,,,47,58565,58565,1061,0,,,,,,42012,,0,627851,5055,,,,,,0,627851,5055
11/25/20,NC,A+,5138,4993,64,145,,,1811,0,,431,4738063,51620,,,,,,346506,327379,4212,0,,,,,,293555,,0,5084569,55832,,103064,,,,0,5065442,55248
11/25/20,ND,B,893,,4,,2587,2587,321,59,406,33,267359,727,10671,,,,,76806,75426,1184,0,852,,,,,65976,1049728,8930,1049728,8930,11523,,,,342835,1802,1102420,9617
11/25/20,NE,A,950,,16,,4126,4126,936,77,,,599086,3036,,,1156248,,,117682,117682,1761,0,,,,,134930,59002,,0,1292683,14773,,,,,717119,4795,1292683,14773
11/25/20,NH,B,514,,1,,833,833,125,1,276,,392271,2985,,,,,,18776,18776,394,0,,,,3041,,13969,,0,785563,9965,34017,,33024,,411047,3379,785563,9965
11/25/20,NJ,A,16886,15057,67,1829,40706,40706,2902,234,,545,5509434,97718,,,,,281,317905,317905,4042,0,,,,,,42125,,0,5827339,101760,,,,,,0,5827339,101760
11/25/20,NM,A,1451,,23,,6381,6381,897,72,,,1399738,8701,,,,,,88102,88102,1855,0,,,,,,30170,,0,1487840,10556,,,,,,0,1487840,10556
11/25/20,NV,A,2071,,24,,,,1414,0,,312,808477,3831,,,,,169,142239,142239,3159,0,,,,,,,1574257,15631,1574257,15631,,,,,950716,6990,1154583,0
11/25/20,NY,B,26482,,41,,89995,89995,2982,0,,596,17912420,166820,,,,,277,613266,613266,6265,0,,,,,,84001,18525686,173085,18525686,173085,,,,,,0,,0
11/25/20,OH,A+,6274,5869,156,405,25486,25486,4541,417,4527,1077,5474145,41761,,,,,615,382743,361623,10835,0,,,,,,242146,,0,5856888,52596,,,,,,0,5835768,52080
11/25/20,OK,A+,1680,,16,,11708,11708,1604,263,,432,1848563,18164,,,1848563,,,184342,184342,3732,0,5828,,,,191157,149345,,0,2032905,21896,95129,,,,,0,2043492,20100
11/25/20,OR,A+,867,,20,,4262,4262,532,86,,118,960469,3220,,,1791382,,48,68503,65252,1170,0,,,,,100403,5870,,0,1891785,22577,,,,,1025721,4348,1891785,22577
11/25/20,PA,A+,10095,,144,,,,3990,0,,858,2743221,19853,,,,,441,327829,305061,6759,0,,,,,,203253,,0,3071050,26612,,,,,3048282,25846,5331573,60989
11/25/20,PR,B,1052,832,14,220,,,602,0,,105,305972,0,,,303412,,99,48725,47345,177,0,39266,,,,7002,40035,,0,354697,177,,,,,,0,310546,0
11/25/20,RI,A+,1335,,10,,4326,4326,357,74,,35,462789,-1430,,,1426986,,16,52317,52317,893,0,,,,,65209,3510,1492195,12350,1492195,12350,,,,,515106,-537,,0
11/25/20,SC,A+,4317,4015,4,302,11737,11737,940,82,,227,2097258,18996,77529,,2034433,,108,210905,197652,1675,0,11318,24415,,,260477,111013,,0,2308163,20671,88847,207854,,,,0,2294910,20318
11/25/20,SD,A+,849,,28,,4243,4243,570,50,,101,242212,1277,,,,,49,76142,71170,1283,0,,,,,,59981,,0,318354,2560,,,,,318354,2560,582944,7709
11/25/20,TN,A+,4466,4099,92,367,11814,11814,2413,97,,587,4006923,12315,,,3948402,,286,347972,320883,2118,0,,27559,,,379404,308566,,0,4354895,14433,,270011,,,,0,4327806,13836
11/25/20,TX,A,20950,,200,,,,8585,0,,2356,9582566,115125,,,,,,1236648,1130980,18811,0,58350,54860,,,1264769,935011,,0,10713546,130734,556284,670565,,,,0,10713546,130734
11/25/20,UT,A+,834,,26,,7785,7785,591,83,1440,207,1113971,4970,,,1581889,526,,183902,170409,1781,0,,15322,,14743,183877,120890,,0,1765766,12306,,207511,,96617,1284380,6638,1765766,12306
11/25/20,VA,A+,4008,3679,29,329,14312,14312,1549,100,,361,3011440,24457,,,,,153,226300,202426,2718,0,,,,,239167,23625,3213866,26599,3213866,26599,,,,,,0,,0
11/25/20,VI,D,23,23,0,,,,,0,,,26515,288,,,,,,1521,,14,0,,,,,,1432,,0,28036,302,,,,,,0,28134,311
11/25/20,VT,B,64,64,0,,,,24,0,,5,214257,1810,,,,,,3938,3841,93,0,,,,,,2374,,0,533135,5190,,,,,218098,1899,533135,5190
11/25/20,WA,B,2690,2690,35,,10166,10166,932,70,,214,2753107,0,,,,,101,164314,159612,3678,0,,,,,,,2894367,0,2894367,0,,,,,,0,,0
11/25/20,WI,A+,3343,3178,71,165,16457,16457,1892,248,1781,441,2116549,11793,,,,,,392438,369442,5997,0,,,,,,290969,4281647,46685,4281647,46685,,,,,2485991,17262,,0
11/25/20,WV,B,695,662,13,33,,,510,0,,144,1026293,14741,,,,,65,43050,37304,967,0,,,,,,28072,,0,1069343,15708,20482,,,,,0,1063597,15520
11/25/20,WY,B,215,,13,,720,720,226,19,,,131788,0,,,357394,,,30761,26677,802,0,,,,,27640,20113,,0,385040,29,,,,,155135,0,385040,29
11/24/20,AK,A,116,116,13,,631,631,144,14,,,915732,9801,,,909608,,21,27669,,584,0,,,,,33242,7165,,0,943401,10385,,,,,,0,943401,10385
11/24/20,AL,A,3472,3165,13,307,24160,24160,1428,218,2211,,1347017,9276,,,,1276,,236865,197848,2785,0,,,,,,90702,,0,1544865,11237,,,70247,,1544865,11237,,0
11/24/20,AR,A+,2405,2208,18,197,8620,8620,988,97,,387,1487077,11309,,,1487077,951,160,148312,130826,2122,0,,3300,,20993,,128831,,0,1617903,12730,,21856,,122446,,0,1617903,12730
11/24/20,AS,D,0,,0,,,,,0,,,1988,0,,,,,,0,0,0,0,,,,,,,,0,1988,0,,,,,,0,1988,0
11/24/20,AZ,A+,6515,6036,51,479,24666,24666,2084,205,,474,1842033,10734,,,,,310,306868,298008,4544,0,,,,,,49234,,0,3620556,57140,357863,,,,2140041,15168,3620556,57140
11/24/20,CA,B,18769,,43,,,,6641,0,,1514,21615664,268490,,,,,,1125699,1125699,15329,0,,,,,,,,0,22741363,283819,,,,,,0,22741363,283819
11/24/20,CO,A,2860,2396,50,464,12836,12836,1739,310,,,1448160,10232,183560,,,,,206439,196949,4150,0,15819,,,,,11430,2939263,37523,2939263,37523,199379,,,,1645109,14238,,0
11/24/20,CT,C,4881,3922,10,959,12257,12257,891,0,,,2944450,12701,,,,,,107280,99820,540,0,,,,,,9800,,0,3051730,13241,,26512,,,,0,3044270,13208
11/24/20,DC,A+,673,,1,,,,134,0,,36,628513,9342,,,,,13,20409,,119,0,,,,,,15085,648922,9461,648922,9461,,,,,292832,1804,,0
11/24/20,DE,A+,757,666,5,91,,,185,0,,28,373543,2913,,,,,,32664,31336,453,0,,,,,33562,16262,693009,5527,693009,5527,,,,,406207,3366,,0
11/24/20,FL,A,18383,,73,,54500,54500,3780,333,,,6043595,45821,557126,541211,9279441,,,938830,866301,8102,0,67208,,65507,,1214279,,11842707,101987,11842707,101987,624738,,607025,,6982425,53923,10544172,98985
11/24/20,GA,A+,9221,8648,6,573,34268,34268,2298,185,6414,,3765299,32010,,,,,,408644,408644,2424,0,34856,,,46088,383062,,,0,4173943,34434,357704,,,,,0,4173943,34434
11/24/20,GU,B,107,,1,,,,49,0,,9,74945,548,,,,,5,6655,6533,53,0,9,121,,,,4952,,0,81600,601,220,1213,,,,0,81478,600
11/24/20,HI,B,233,,0,,1259,1259,69,25,,17,295153,0,,,,,13,17656,17393,60,0,,,,,17350,11958,639725,3612,639725,3612,,,,,308090,0,,0
11/24/20,IA,A+,2226,,20,,,,1351,0,,275,853637,3120,,69526,,,155,191152,191152,1296,0,,,4611,24165,,119713,,0,1044789,4416,,,74177,130848,1047635,5207,,0
11/24/20,ID,A,866,800,17,66,3682,3682,408,72,689,91,377698,1989,,,,,,93090,79410,1437,0,,,,,,38397,,0,457108,3236,,31219,,,457108,3236,686385,7191
11/24/20,IL,A,12262,11677,150,585,,,6134,0,,1203,9316215,87854,,,,,668,674089,447491,9469,0,,,,,,,,0,9990304,97323,,,,,,0,9990304,97323
11/24/20,IN,A+,5435,5169,103,266,23884,23884,3279,358,4371,909,1801206,11391,,,,,325,306538,,5625,0,,,,,280434,173231,,0,3976683,37038,,,,,2107744,17016,3976683,37038
11/24/20,KS,A+,1456,,0,,4777,4777,896,0,1294,240,642229,0,,,,377,89,142059,,0,0,,,,,,3189,,0,784288,0,,,,,784288,0,,0
11/24/20,KY,B,1809,1764,17,45,9623,9623,1658,93,2384,390,2335618,26787,,,,,207,162838,134739,2606,0,,,,,,26951,,0,2470357,28727,94429,106842,,,,0,2470357,28727
11/24/20,LA,A,6323,6072,39,251,,,1052,0,,,3071981,30949,,,,,113,224403,213214,3243,0,,,,,,185960,,0,3296384,34192,,96600,,,,0,3285195,33069
11/24/20,MA,A+,10551,10319,20,232,13817,13817,954,0,,205,3034374,20409,,,,,99,211199,204060,2576,0,,,12007,,257495,145682,,0,8000861,80819,,,130696,250995,3238434,22634,8000861,80819
11/24/20,MD,A,4481,4325,33,156,19914,19914,1341,145,,314,2066560,11865,,140937,,,,185464,185464,1667,0,,,14868,,221744,8517,,0,4200836,29162,,,155805,,2252024,13532,4200836,29162
11/24/20,ME,A+,189,188,12,1,662,662,105,15,,43,822755,7950,12245,,819730,,9,10799,9698,255,0,389,200,,,12228,8232,,0,833554,8205,12646,4434,,,,0,832453,8177
11/24/20,MI,A+,9094,8688,154,406,,,4087,0,,865,5986631,64059,,,5986631,,445,347746,320506,6782,0,,,,,414401,152267,,0,6334377,70841,358188,,,,,0,6401032,73541
11/24/20,MN,A,3303,3243,38,60,15444,15444,1828,338,3540,379,2087289,18070,,,,,,282916,277654,6416,0,,,,,,233847,3809976,53199,3809976,53199,,81183,,,2364943,24167,,0
11/24/20,MO,A+,3750,,189,,,,2680,0,,664,1480542,5343,85352,71709,2645225,,307,278661,278661,3764,0,7498,15670,3618,,309518,,,0,2960516,18315,93054,103265,88296,62038,1759203,9107,2960516,18315
11/24/20,MP,D,2,2,0,,4,4,,0,,,16747,0,,,,,,104,104,0,0,,,,,,29,,0,16851,0,,,,,16851,0,22633,0
11/24/20,MS,A+,3729,3269,53,460,7294,7294,1041,0,,224,947272,0,,,,,107,144544,118063,665,0,95,,,,,121637,,0,1091816,665,50014,172860,,,,0,1064942,0
11/24/20,MT,A,630,,16,,2420,2420,467,43,,80,565292,3699,,,,,41,57504,57504,1123,0,,,,,,40686,,0,622796,4822,,,,,,0,622796,4822
11/24/20,NC,A+,5074,4939,35,135,,,1724,0,,412,4686443,41869,,,,,,342294,323751,3100,0,,,,,,293555,,0,5028737,44969,,95746,,,,0,5010194,44630
11/24/20,ND,B,889,,37,,2528,2528,377,47,394,36,266632,546,10671,,,,,75622,74325,1066,0,852,,,,,64611,1040798,7404,1040798,7404,11523,,,,341033,1550,1092803,7990
11/24/20,NE,A,934,,25,,4049,4049,971,86,,,596050,3353,,,1143389,,,115921,115921,1860,0,,,,,133020,58686,,0,1277910,15347,,,,,712324,5216,1277910,15347
11/24/20,NH,B,513,,1,,832,832,121,1,276,,389286,1101,,,,,,18382,18382,340,0,,,,2962,,13558,,0,775598,4807,33949,,32967,,407668,1441,775598,4807
11/24/20,NJ,A,16819,15007,47,1812,40472,40472,2785,250,,522,5411716,46038,,,,,265,313863,313863,4275,0,,,,,,41781,,0,5725579,50313,,,,,,0,5725579,50313
11/24/20,NM,A,1428,,28,,6309,6309,871,80,,,1391037,10733,,,,,,86247,86247,2099,0,,,,,,29568,,0,1477284,12832,,,,,,0,1477284,12832
11/24/20,NV,A,2047,,24,,,,1399,0,,296,804646,7285,,,,,161,139080,139080,2853,0,,,,,,,1558626,22550,1558626,22550,,,,,943726,10138,1154583,0
11/24/20,NY,B,26441,,51,,89995,89995,2856,0,,559,17745600,159880,,,,,263,607001,607001,4881,0,,,,,,83701,18352601,164761,18352601,164761,,,,,,0,,0
11/24/20,OH,A+,6118,5728,98,390,25069,25069,4449,364,4483,1046,5432384,111699,,,,,598,371908,351304,8604,0,,,,,,236618,,0,5804292,120303,,,,,,0,5783688,129983
11/24/20,OK,A+,1664,,15,,11445,11445,1566,77,,446,1830399,40754,,,1830999,,,180610,180610,2736,0,5828,,,,188655,145686,,0,2011009,43490,95129,,,,,0,2023392,48353
11/24/20,OR,A+,847,,21,,4176,4176,534,56,,116,957249,7300,,,1770571,,45,67333,64124,1000,0,,,,,98637,5870,,0,1869208,27029,,,,,1021373,8252,1869208,27029
11/24/20,PA,A+,9951,,81,,,,3897,0,,826,2723368,18198,,,,,405,321070,299068,6669,0,,,,,,202274,,0,3044438,24867,,,,,3022436,23899,5270584,54458
11/24/20,PR,B,1038,819,6,219,,,626,0,,111,305972,0,,,303412,,105,48548,47216,348,0,39234,,,,7002,39895,,0,354520,348,,,,,,0,310546,0
11/24/20,RI,A+,1325,,16,,4252,4252,323,75,,30,464219,3127,,,1415638,,16,51424,51424,851,0,,,,,64207,3469,1479845,11763,1479845,11763,,,,,515643,3978,,0
11/24/20,SC,A+,4313,4010,25,303,11655,11655,873,92,,211,2078262,18209,77361,,2015801,,83,209230,196330,1678,0,11213,23722,,,258791,109724,,0,2287492,19887,88574,199415,,,,0,2274592,19637
11/24/20,SD,A+,821,,2,,4193,4193,574,86,,104,240935,1486,,,,,50,74859,70172,1011,0,,,,,,57381,,0,315794,2497,,,,,315794,2497,575235,6534
11/24/20,TN,A+,4374,4018,73,356,11717,11717,2368,89,,609,3994608,4514,,,3936277,,273,345854,319362,1304,0,,26860,,,377693,303234,,0,4340462,5818,,266114,,,,0,4313970,5448
11/24/20,TX,A,20750,,162,,,,8495,0,,2331,9467441,133315,,,,,,1217837,1115371,16580,0,57944,53643,,,1250838,927331,,0,10582812,147707,553956,654298,,,,0,10582812,147707
11/24/20,UT,A+,808,,11,,7702,7702,565,100,1422,201,1109001,9077,,,1571483,519,,182121,168741,2701,0,,14575,,14039,181977,118773,,0,1753460,17636,,192109,,90193,1277742,11601,1753460,17636
11/24/20,VA,A+,3979,3660,37,319,14212,14212,1496,116,,354,2986983,24066,,,,,146,223582,200284,2544,0,,,,,239167,23498,3187267,26208,3187267,26208,,,,,,0,,0
11/24/20,VI,D,23,23,0,,,,,0,,,26227,252,,,,,,1507,,3,0,,,,,,1427,,0,27734,255,,,,,,0,27823,274
11/24/20,VT,B,64,64,1,,,,22,0,,5,212447,1246,,,,,,3845,3752,50,0,,,,,,2339,,0,527945,4718,,,,,216199,1296,527945,4718
11/24/20,WA,B,2655,2655,36,,10096,10096,894,331,,187,2753107,0,,,,,82,160636,156154,1405,0,,,,,,,2894367,0,2894367,0,,,,,,0,,0
11/24/20,WI,A+,3272,3115,114,157,16209,16209,1986,279,1767,436,2104756,10308,,,,,,386441,363973,6748,0,,,,,,284903,4234962,38892,4234962,38892,,,,,2468729,16510,,0
11/24/20,WV,B,682,649,15,33,,,463,0,,129,1011552,13820,,,,,51,42083,36525,969,0,,,,,,27461,,0,1053635,14789,20440,,,,,0,1048077,14567
11/24/20,WY,B,202,,0,,701,701,228,11,,,131788,0,,,357374,,,29959,25975,528,0,,,,,27637,17896,,0,385011,286,,,,,155135,0,385011,286
11/23/20,AK,A,103,103,0,,617,617,146,5,,,905931,6157,,,900198,,19,27085,,498,0,,,,,32270,7165,,0,933016,6655,,,,,,0,933016,6655
11/23/20,AL,A,3459,3155,2,304,23942,23942,1427,493,2201,,1337741,6940,,,,1268,,234080,195887,1574,0,,,,,,90702,,0,1533628,8242,,,70036,,1533628,8242,,0
11/23/20,AR,A+,2387,2191,30,196,8523,8523,974,51,,384,1475768,9314,,,1475768,945,164,146190,129405,1017,0,,3300,,20161,,127059,,0,1605173,10226,,21856,,118613,,0,1605173,10226
11/23/20,AS,D,0,,0,,,,,0,,,1988,0,,,,,,0,0,0,0,,,,,,,,0,1988,0,,,,,,0,1988,0
11/23/20,AZ,A+,6464,5992,0,472,24461,24461,2008,49,,469,1831299,17990,,,,,294,302324,293574,2659,0,,,,,,48807,,0,3563416,23236,357473,,,,2124873,20521,3563416,23236
11/23/20,CA,B,18726,,50,,,,6254,0,,1455,21347174,211898,,,,,,1110370,1110370,8337,0,,,,,,,,0,22457544,220235,,,,,,0,22457544,220235
11/23/20,CO,A,2810,2347,4,463,12526,12526,1711,42,,,1437928,15649,182357,,,,,202289,192943,3689,0,15579,,,,,11201,2901740,46130,2901740,46130,198604,,,,1630871,19307,,0
11/23/20,CT,C,4871,3915,43,956,12257,12257,875,0,,,2931749,104158,,,,,,106740,99313,5271,0,,,,,,9800,,0,3038489,109429,,26512,,,,0,3031062,109045
11/23/20,DC,A+,672,,2,,,,135,0,,34,619171,8790,,,,,13,20290,,139,0,,,,,,14935,639461,8929,639461,8929,,,,,291028,2704,,0
11/23/20,DE,A+,752,661,4,91,,,178,0,,30,370630,2002,,,,,,32211,30892,403,0,,,,,33232,16073,687482,7533,687482,7533,,,,,402841,2405,,0
11/23/20,FL,A,18310,,96,,54167,54167,3754,100,,,5997774,23987,557126,541211,9192009,,,930728,860860,6114,0,67208,,65507,,1202993,,11740720,79792,11740720,79792,624738,,607025,,6928502,30101,10445187,79817
11/23/20,GA,A+,9215,8644,17,571,34083,34083,2257,26,6377,,3733289,24920,,,,,,406220,406220,1809,0,34740,,,44836,380636,,,0,4139509,26729,357156,,,,,0,4139509,26729
11/23/20,GU,B,106,,0,,,,48,0,,8,74397,1061,,,,,4,6602,6481,53,0,9,121,,,,4846,,0,80999,1114,216,1187,,,,0,80878,1211
11/23/20,HI,B,233,,0,,1234,1234,72,0,,23,295153,0,,,,,10,17596,17333,113,0,,,,,17296,11958,636113,5756,636113,5756,,,,,308090,0,,0
11/23/20,IA,A+,2206,,14,,,,1333,0,,273,850517,4222,,69308,,,135,189856,189856,2351,0,,,4564,23323,,116837,,0,1040373,6573,,,73912,128726,1042428,6581,,0
11/23/20,ID,A,849,783,2,66,3610,3610,442,25,688,89,375709,1996,,,,,,91653,78163,819,0,,,,,,38025,,0,453872,2627,,31219,,,453872,2627,679194,3475
11/23/20,IL,A,12112,11552,61,560,,,6171,0,,1206,9228361,83240,,,,,635,664620,447491,8322,0,,,,,,,,0,9892981,91562,,,,,,0,9892981,91562
11/23/20,IN,A+,5332,5067,27,265,23526,23526,3219,317,4313,915,1789815,12482,,,,,317,300913,,5556,0,,,,,275890,169211,,0,3939645,42100,,,,,2090728,18038,3939645,42100
11/23/20,KS,A+,1456,,46,,4777,4777,896,95,1294,240,642229,12869,,,,377,89,142059,,7526,0,,,,,,3189,,0,784288,20395,,,,,784288,20395,,0
11/23/20,KY,B,1792,1747,5,45,9530,9530,1573,119,2360,391,2308831,29903,,,,,203,160232,132799,2132,0,,,,,,26611,,0,2441630,33759,94156,103414,,,,0,2441630,33759
11/23/20,LA,A,6284,6039,24,245,,,1012,0,,,3041032,9278,,,,,114,221160,211094,968,0,,,,,,185960,,0,3262192,10246,,89615,,,,0,3252126,10248
11/23/20,MA,A+,10531,10299,19,232,13817,13817,922,0,,204,3013965,13760,,,,,91,208623,201835,1773,0,,,12007,,254878,145682,,0,7920042,52280,,,130696,245501,3215800,15545,7920042,52280
11/23/20,MD,A,4448,4293,14,155,19769,19769,1276,133,,289,2054695,11445,,140937,,,,183797,183797,1658,0,,,14868,,219779,8511,,0,4171674,30947,,,155805,,2238492,13103,4171674,30947
11/23/20,ME,A+,177,176,1,1,647,647,103,5,,45,814805,29372,12233,,811757,,11,10544,9471,185,0,389,131,,,12032,7986,,0,825349,29557,12634,1695,,,,0,824276,29910
11/23/20,MI,A+,8940,8543,65,397,,,4047,0,,872,5922572,87340,,,5922572,,455,340964,314216,11943,0,,,,,404919,152267,,0,6263536,99283,356370,,,,,0,6327491,100523
11/23/20,MN,A,3265,3205,24,60,15106,15106,1778,177,3480,364,2069219,20622,,,,,,276500,271557,6343,0,,,,,,227311,3756777,56434,3756777,56434,,80527,,,2340776,26682,,0
11/23/20,MO,A+,3561,,2,,,,2805,0,,647,1475199,7006,85172,71709,2631038,,314,274897,274897,3370,0,7427,15185,3618,,305429,,,0,2942201,18772,92803,99985,88095,59836,1750096,10376,2942201,18772
11/23/20,MP,D,2,2,0,,4,4,,0,,,16747,280,,,,,,104,104,0,0,,,,,,29,,0,16851,280,,,,,16851,284,22633,0
11/23/20,MS,A+,3676,3233,0,443,7294,7294,1014,203,,213,947272,40281,,,,,102,143879,117670,699,0,95,,,,,121637,,0,1091151,40980,50014,172860,,,,0,1064942,45341
11/23/20,MT,B,614,,11,,2377,2377,467,27,,84,561593,4264,,,,,44,56381,56381,701,0,,,,,,39450,,0,617974,4965,,,,,,0,617974,4965
11/23/20,NC,A+,5039,4910,5,129,,,1601,0,,397,4644574,33735,,,,,,339194,320990,2419,0,,,,,,293555,,0,4983768,36154,,91610,,,,0,4965564,35962
11/23/20,ND,B,852,,6,,2481,2481,377,22,392,42,266086,882,10671,,,,,74556,73311,712,0,852,,,,,62697,1033394,6472,1033394,6472,11523,,,,339483,1598,1084813,7094
11/23/20,NE,A,909,,4,,3963,3963,976,19,,,592697,2037,,,1130083,,,114061,114061,1032,0,,,,,130994,58057,,0,1262563,6796,,,,,707108,3074,1262563,6796
11/23/20,NH,B,512,,0,,831,831,121,1,277,,388185,1459,,,,,,18042,18042,444,0,,,,2830,,13226,,0,770791,5872,33915,,32939,,406227,1903,770791,5872
11/23/20,NJ,A,16772,14960,11,1812,40222,40222,2693,123,,537,5365678,50536,,,,,240,309588,309588,3581,0,,,,,,41550,,0,5675266,54117,,,,,,0,5675266,54117
11/23/20,NM,A,1400,,17,,6229,6229,846,124,,,1380304,7203,,,,,,84148,84148,2252,0,,,,,,29183,,0,1464452,9455,,,,,,0,1464452,9455
11/23/20,NV,A,2023,,6,,,,1274,0,,278,797361,5435,,,,,163,136227,136227,2339,0,,,,,,,1536076,15531,1536076,15531,,,,,933588,7774,1154583,0
11/23/20,NY,B,26390,,33,,89995,89995,2724,0,,545,17585720,185583,,,,,234,602120,602120,5906,0,,,,,,83307,18187840,191489,18187840,191489,,,,,,0,,0
11/23/20,OH,A+,6020,5635,24,385,24705,24705,4358,282,4454,1079,5320685,0,,,,,573,363304,344054,11885,0,,,,,,230678,,0,5683989,11885,,,,,,0,5653705,0
11/23/20,OK,A+,1649,,15,,11368,11368,1505,35,,450,1789645,0,,,1789645,,,177874,177874,3544,0,5828,,,,180908,142381,,0,1967519,3544,95129,,,,,0,1975039,0
11/23/20,OR,A+,826,,6,,4120,4120,492,150,,119,949949,5505,,,1745661,,41,66333,63172,1163,0,,,,,96518,5870,,0,1842179,16127,,,,,1013121,22377,1842179,16127
11/23/20,PA,A+,9870,,28,,,,3459,0,,767,2705170,14185,,,,,380,314401,293367,4762,0,,,,,,198072,,0,3019571,18947,,,,,2998537,18614,5216126,173390
11/23/20,PR,B,1032,812,15,220,,,607,0,,100,305972,0,,,303412,,99,48200,46923,741,0,39130,,,,7002,39214,,0,354172,741,,,,,,0,310546,0
11/23/20,RI,A+,1309,,6,,4177,4177,285,0,,30,461092,1680,,,1404823,,14,50573,50573,429,0,,,,,63259,3436,1468082,7679,1468082,7679,,,,,511665,2109,,0
11/23/20,SC,A+,4288,3987,5,301,11563,11563,844,33,,216,2060053,19780,77189,,1998108,,92,207552,194902,1257,0,11126,23220,,,256847,108469,,0,2267605,21037,88315,193630,,,,0,2254955,20895
11/23/20,SD,A+,819,,0,,4107,4107,582,13,,101,239449,1296,,,,,47,73848,69217,783,0,,,,,,55679,,0,313297,2079,,,,,313297,2079,568701,4344
11/23/20,TN,A+,4301,3957,35,344,11628,11628,2317,58,,593,3990094,24883,,,3931809,,263,344550,318428,4074,0,,26380,,,376713,296592,,0,4334644,28957,,263282,,,,0,4308522,28457
11/23/20,TX,A,20588,,32,,,,8353,0,,2299,9334126,48470,,,,,,1201257,1100979,7641,0,57713,52412,,,1235153,917739,,0,10435105,55174,552103,634477,,,,0,10435105,55174
11/23/20,UT,A+,797,,4,,7602,7602,558,70,1400,199,1099924,4852,,,1556628,516,,179420,166217,2244,0,,13889,,13384,179196,117104,,0,1735824,10113,,182969,,86266,1266141,6377,1735824,10113
11/23/20,VA,A+,3942,3629,4,313,14096,14096,1512,50,,351,2962917,39522,,,,,152,221038,198142,3242,0,,,,,237216,23253,3161059,42165,3161059,42165,,,,,,0,,0
11/23/20,VI,D,23,23,0,,,,,0,,,25975,0,,,,,,1504,,0,0,,,,,,1407,,0,27479,0,,,,,,0,27549,0
11/23/20,VT,B,63,63,0,,,,19,0,,3,211201,1691,,,,,,3795,3702,68,0,,,,,,2300,,0,523227,6566,,,,,214903,1759,523227,6566
11/23/20,WA,B,2619,2619,0,,9765,9765,893,0,,165,2753107,0,,,,,86,159231,154801,1890,0,,,,,,,2894367,0,2894367,0,,,,,,0,,0
11/23/20,WI,A+,3158,3011,8,147,15930,15930,1999,107,1754,438,2094448,9196,,,,,,379693,357771,3455,0,,,,,,280358,4196070,33414,4196070,33414,,,,,2452219,12291,,0
11/23/20,WV,B,667,635,5,32,,,463,0,,136,997732,11241,,,,,60,41114,35778,636,0,,,,,,26769,,0,1038846,11877,20380,,,,,0,1033510,11727
11/23/20,WY,B,202,,26,,690,690,224,31,,,131788,0,,,357125,,,29431,25560,1262,0,,,,,27600,17452,,0,384725,2515,,,,,155135,0,384725,2515
11/22/20,AK,A,103,103,1,,612,612,133,0,,,899774,7073,,,893886,,17,26587,,543,0,,,,,31927,7165,,0,926361,7616,,,,,,0,926361,7616
11/22/20,AL,A,3457,3153,0,304,23449,23449,1332,0,2199,,1330801,5710,,,,1268,,232506,194585,1798,0,,,,,,90702,,0,1525386,7200,,,69857,,1525386,7200,,0
11/22/20,AR,A+,2357,2161,20,196,8472,8472,962,57,,371,1466454,12729,,,1466454,938,163,145173,128493,1352,0,,3300,,19952,,125153,,0,1594947,14006,,21856,,116897,,0,1594947,14006
11/22/20,AS,D,0,,0,,,,,0,,,1988,0,,,,,,0,0,0,0,,,,,,,,0,1988,0,,,,,,0,1988,0
11/22/20,AZ,A+,6464,5992,7,472,24412,24412,1932,231,,438,1813309,16546,,,,,256,299665,291043,4331,0,,,,,,48380,,0,3540180,30985,356561,,,,2104352,20709,3540180,30985
11/22/20,CA,B,18676,,33,,,,5918,0,,1390,21135276,251158,,,,,,1102033,1102033,14319,0,,,,,,,,0,22237309,265477,,,,,,0,22237309,265477
11/22/20,CO,A,2806,2343,19,463,12484,12484,1670,60,,,1422279,18264,182357,,,,,198600,189285,3921,0,15579,,,,,11014,2855610,47972,2855610,47972,197936,,,,1611564,22169,,0
11/22/20,CT,C,4828,3878,0,950,12257,12257,848,0,,,2827591,0,,,,,,101469,94426,0,0,,,,,,9800,,0,2929060,0,,26512,,,,0,2922017,0
11/22/20,DC,A+,670,,0,,,,136,0,,33,610381,11558,,,,,17,20151,,190,0,,,,,,14882,630532,11748,630532,11748,,,,,288324,-128,,0
11/22/20,DE,A+,748,657,2,91,,,177,0,,29,368628,3006,,,,,,31808,30492,487,0,,,,,32836,15890,679949,9593,679949,9593,,,,,400436,3493,,0
11/22/20,FL,A,18214,,62,,54067,54067,3613,138,,,5973787,41853,557126,541211,9120724,,,924614,856628,6374,0,67208,,65507,,1194646,,11660928,90769,11660928,90769,624738,,607025,,6898401,48227,10365370,82235
11/22/20,GA,A+,9198,8627,19,571,34057,34057,2193,34,6373,,3708369,24662,,,,,,404411,404411,1976,0,34527,,,44721,378620,,,0,4112780,26638,356199,,,,,0,4112780,26638
11/22/20,GU,A,106,,2,,,,50,0,,7,73336,0,,,,,3,6549,6331,73,0,9,121,,,,4430,,0,79885,73,216,1151,,,,0,79667,0
11/22/20,HI,B,233,,2,,1234,1234,72,0,,23,295153,0,,,,,10,17483,17220,122,0,,,,,17186,11958,630357,5342,630357,5342,,,,,308090,0,,0
11/22/20,IA,A+,2192,,32,,,,1340,0,,255,846295,4190,,69080,,,132,187505,187505,2537,0,,,4555,23009,,116308,,0,1033800,6727,,,73675,128007,1035847,6733,,0
11/22/20,ID,A,847,783,2,64,3585,3585,442,93,681,89,373713,2282,,,,,,90834,77532,1070,0,,,,,,37504,,0,451245,3244,,31219,,,451245,3244,675719,4535
11/22/20,IL,A,12051,11506,99,545,,,6072,0,,1179,9145121,82425,,,,,589,656298,447491,10012,0,,,,,,,,0,9801419,92437,,,,,,0,9801419,92437
11/22/20,IN,A+,5305,5040,59,265,23209,23209,3144,335,4284,878,1777333,13373,,,,,310,295357,,6174,0,,,,,271532,164992,,0,3897545,51165,,,,,2072690,19547,3897545,51165
11/22/20,KS,A+,1410,,0,,4682,4682,1048,0,1269,269,629360,0,,,,372,109,134533,,0,0,,,,,,3144,,0,763893,0,,,,,763893,0,,0
11/22/20,KY,B,1787,1742,4,45,9411,9411,1514,0,2342,370,2278928,0,,,,,202,158100,130899,2192,0,,,,,,26156,,0,2407871,0,93778,102900,,,,0,2407871,0
11/22/20,LA,A,6260,6015,27,245,,,967,0,,,3031754,39086,,,,,105,220192,210124,3483,0,,,,,,185960,,0,3251946,42569,,89446,,,,0,3241878,42171
11/22/20,MA,A+,10512,10281,24,231,13817,13817,893,0,,192,3000205,23189,,,,,88,206850,200050,2695,0,,,12007,,252791,145682,,0,7867762,110280,,,130696,244860,3200255,25910,7867762,110280
11/22/20,MD,A,4434,4279,19,155,19636,19636,1237,202,,268,2043250,16932,,140937,,,,182139,182139,2168,0,,,14868,,217845,8506,,0,4140727,49895,,,155805,,2225389,19100,4140727,49895
11/22/20,ME,A+,176,175,2,1,642,642,94,6,,42,785433,0,12162,,782572,,11,10359,9294,236,0,384,100,,,11319,7791,,0,795792,236,12558,1303,,,,0,794366,0
11/22/20,MI,A+,8875,8478,0,397,,,3887,0,,835,5835232,0,,,5835232,,403,329021,302705,0,0,,,,,391736,152267,,0,6164253,0,354957,,,,,0,6226968,0
11/22/20,MN,A,3241,3181,40,60,14929,14929,1784,184,3452,369,2048597,29191,,,,,,270157,265497,7205,0,,,,,,219720,3700343,60166,3700343,60166,,79491,,,2314094,36114,,0
11/22/20,MO,A+,3559,,4,,,,2817,0,,646,1468193,8288,84949,71709,2615902,,336,271527,271527,4215,0,7343,14973,3618,,301823,,,0,2923429,24361,92496,99059,87838,59084,1739720,12503,2923429,24361
11/22/20,MP,D,2,2,0,,4,4,,0,,,16467,0,,,,,,104,104,1,0,,,,,,29,,0,16571,1,,,,,16567,0,22633,-839
11/22/20,MS,A+,3676,3233,19,443,7091,7091,999,0,,223,906991,0,,,,,106,143180,117309,779,0,95,,,,,116683,,0,1050171,779,48342,145992,,,,0,1019601,0
11/22/20,MT,B,603,,3,,2350,2350,477,14,,,557329,3369,,,,,,55680,55680,1138,0,,,,,,39051,,0,613009,4507,,,,,,0,613009,4507
11/22/20,NC,A+,5034,4907,29,127,,,1571,0,,404,4610839,65024,,,,,,336775,318763,4514,0,,,,,,276132,,0,4947614,69538,,91610,,,,0,4929602,69172
11/22/20,ND,B,846,,6,,2459,2459,379,35,389,39,265204,1056,10560,,,,,73844,72605,1180,0,818,,,,,61599,1026922,9893,1026922,9893,11378,,,,337885,2197,1077719,10629
11/22/20,NE,A,905,,8,,3944,3944,963,29,,,590660,3481,,,1124456,,,113029,113029,1368,0,,,,,129834,16068,,0,1255767,12514,,,,,704034,4848,1255767,12514
11/22/20,NH,B,512,,4,,830,830,117,1,276,,386726,3474,,,,,,17598,17598,317,0,,,,2701,,12887,,0,764919,9416,33879,,32909,,404324,3791,764919,9416
11/22/20,NJ,A,16761,14949,15,1812,40099,40099,2568,106,,466,5315142,49839,,,,,237,306007,306007,3968,0,,,,,,41303,,0,5621149,53807,,,,,,0,5621149,53807
11/22/20,NM,A,1383,,33,,6105,6105,845,33,,,1373101,8420,,,,,,81896,81896,2456,0,,,,,,28857,,0,1454997,10876,,,,,,0,1454997,10876
11/22/20,NV,A,2017,,6,,,,1273,0,,266,791926,4280,,,,,152,133888,133888,2155,0,,,,,,,1520545,13481,1520545,13481,,,,,925814,6435,1154583,0
11/22/20,NY,B,26357,,31,,89995,89995,2562,0,,502,17400137,191218,,,,,234,596214,596214,5392,0,,,,,,83307,17996351,196610,17996351,196610,,,,,,0,,0
11/22/20,OH,A+,5996,5612,12,384,24423,24423,4181,205,4418,1013,5320685,54376,,,,,538,351419,333020,8133,0,,,,,,227276,,0,5672104,62509,,,,,,0,5653705,61785
11/22/20,OK,A+,1634,,10,,11333,11333,1505,149,,450,1789645,0,,,1789645,,,174330,174330,3406,0,5828,,,,180908,140312,,0,1963975,3406,95129,,,,,0,1975039,0
11/22/20,OR,A+,820,,1,,3970,3970,458,0,,99,944444,6865,,,1730812,,38,65170,59166,1502,0,,,,,95240,5870,,0,1826052,13396,,,,,990744,0,1826052,13396
11/22/20,PA,A+,9842,,41,,,,3379,0,,775,2690985,22309,,,,,371,309639,288938,7075,0,,,,,,193640,,0,3000624,29384,,,,,2979923,28769,5042736,0
11/22/20,PR,B,1017,798,5,219,,,606,0,,98,305972,0,,,303412,,96,47459,46235,1025,0,38689,,,,7002,39142,,0,353431,1025,,,,,,0,310546,0
11/22/20,RI,A+,1303,,3,,4177,4177,285,31,,30,459412,3156,,,1397663,,14,50144,50144,738,0,,,,,62740,3436,1460403,18053,1460403,18053,,,,,509556,3894,,0
11/22/20,SC,A+,4283,3982,9,301,11530,11530,809,35,,201,2040273,20039,76867,,1978630,,93,206295,193787,1277,0,10982,22979,,,255430,107683,,0,2246568,21316,87849,191023,,,,0,2234060,21181
11/22/20,SD,A+,819,,42,,4094,4094,577,42,,97,238153,1197,,,,,49,73065,68448,851,0,,,,,,55349,,0,311218,2048,,,,,311218,2048,564357,6367
11/22/20,TN,A+,4266,3929,55,337,11570,11570,2266,31,,570,3965211,32038,,,3907353,,264,340476,314854,4589,0,,25775,,,372712,294231,,0,4305687,36627,,252993,,,,0,4280065,36153
11/22/20,TX,A,20556,,89,,,,8174,0,,2215,9285656,66792,,,,,,1193616,1094275,9769,0,57040,51881,,,1228284,913796,,0,10379931,75543,548439,630204,,,,0,10379931,75543
11/22/20,UT,A+,793,,6,,7532,7532,579,74,1398,197,1095072,9269,,,1548180,516,,177176,164692,3197,0,,13641,,13144,177531,115904,,0,1725711,19107,,181197,,85181,1259764,12447,1725711,19107
11/22/20,VA,A+,3938,3628,0,310,14046,14046,1469,29,,320,2923395,46014,,,,,145,217796,195499,2117,0,,,,,234326,23133,3118894,47759,3118894,47759,,,,,,0,,0
11/22/20,VI,D,23,23,0,,,,,0,,,25975,199,,,,,,1504,,13,0,,,,,,1407,,0,27479,212,,,,,,0,27549,211
11/22/20,VT,B,63,63,0,,,,22,0,,3,209510,3419,,,,,,3727,3634,88,0,,,,,,2279,,0,516661,10118,,,,,213144,3506,516661,10118
11/22/20,WA,B,2619,2619,0,,9765,9765,887,48,,199,2753107,14756,,,,,86,157341,152996,3193,0,,,,,,,2894367,16473,2894367,16473,,,,,,0,,0
11/22/20,WI,A+,3150,3005,7,145,15823,15823,1988,89,1747,428,2085252,11392,,,,,,376238,354676,4019,0,,,,,,276574,4162656,40477,4162656,40477,,,,,2439928,14899,,0
11/22/20,WV,B,662,630,4,32,,,433,0,,133,986491,13046,,,,,59,40478,35292,880,0,,,,,,26476,,0,1026969,13926,20294,,,,,0,1021783,13747
11/22/20,WY,B,176,,0,,659,659,235,0,,,131788,0,,,354936,,,28169,24309,759,0,,,,,27274,16807,,0,382210,745,,,,,155135,0,382210,745
11/21/20,AK,A,102,102,1,,612,612,129,6,,,892701,13358,,,886676,,14,26044,,675,0,,,,,31523,7165,,0,918745,14033,,,,,,0,918745,14033
11/21/20,AL,A,3457,3153,6,304,23449,23449,1300,0,2197,,1325091,8287,,,,1268,,230708,193095,2335,0,,,,,,90702,,0,1518186,9974,,,69591,,1518186,9974,,0
11/21/20,AR,A+,2337,2141,16,196,8415,8415,922,62,,354,1453725,13635,,,1453725,934,154,143821,127216,1905,0,,3300,,19739,,123722,,0,1580941,15068,,21856,,116069,,0,1580941,15068
11/21/20,AS,D,0,,0,,,,,0,,,1988,0,,,,,,0,0,0,0,,,,,,,,0,1988,0,,,,,,0,1988,0
11/21/20,AZ,A+,6457,5985,30,472,24181,24181,1916,129,,435,1796763,16271,,,,,253,295334,286880,3638,0,,,,,,47890,,0,3509195,45002,355879,,,,2083643,19754,3509195,45002
11/21/20,CA,B,18643,,86,,,,5745,0,,1332,20884118,225839,,,,,,1087714,1087714,15442,0,,,,,,,,0,21971832,241281,,,,,,0,21971832,241281
11/21/20,CO,A,2787,2326,42,461,12424,12424,1703,258,,,1404015,19617,181571,,,,,194679,185380,6113,0,15445,,,,,10831,2807638,54920,2807638,54920,197016,,,,1589395,25657,,0
11/21/20,CT,C,4828,3878,0,950,12257,12257,848,0,,,2827591,0,,,,,,101469,94426,0,0,,,,,,9800,,0,2929060,0,,26512,,,,0,2922017,0
11/21/20,DC,A+,670,,1,,,,122,0,,31,598823,6427,,,,,17,19961,,153,0,,,,,,14821,618784,6580,618784,6580,,,,,288452,4949,,0
11/21/20,DE,A+,746,655,0,91,,,172,0,,29,365622,3156,,,,,,31321,30015,505,0,,,,,32381,15735,670356,10902,670356,10902,,,,,396943,3661,,0
11/21/20,FL,A,18152,,42,,53929,53929,3396,180,,,5931934,39309,557126,541211,9047644,,,918240,851556,8175,0,67208,,65507,,1185730,,11570159,113698,11570159,113698,624738,,607025,,6850174,47484,10283135,99099
11/21/20,GA,A+,9179,8624,37,555,34023,34023,2136,126,6366,,3683707,39991,,,,,,402435,402435,3025,0,34191,,,44369,376594,,,0,4086142,43016,354407,,,,,0,4086142,43016
11/21/20,GU,A,104,,1,,,,54,0,,11,73336,0,,,,,5,6476,6331,24,0,9,121,,,,4430,,0,79812,24,216,1151,,,,0,79667,0
11/21/20,HI,B,231,,7,,1234,1234,72,6,,23,295153,0,,,,,10,17361,17098,162,0,,,,,17067,11958,625015,6837,625015,6837,,,,,308090,0,,0
11/21/20,IA,A+,2160,,27,,,,1416,0,,273,842105,4421,,68752,,,137,184968,184968,3178,0,,,4530,22702,,115736,,0,1027073,7599,,,73322,127114,1029114,7622,,0
11/21/20,ID,A,845,780,10,65,3492,3492,404,89,673,89,371431,2289,,,,,,89764,76570,1786,0,,,,,,37232,,0,448001,3775,,31219,,,448001,3775,671184,55692
11/21/20,IL,A,11952,11430,157,522,,,6175,0,,1173,9062696,108393,,,,,595,646286,447491,11891,0,,,,,,,,0,9708982,120284,,,,,,0,9708982,120284
11/21/20,IN,A+,5246,4992,40,254,22874,22874,3168,362,4227,925,1763960,15333,,,,,291,289183,,6872,0,,,,,265477,163741,,0,3846380,60958,,,,,2053143,22205,3846380,60958
11/21/20,KS,A+,1410,,0,,4682,4682,1048,0,1269,269,629360,0,,,,372,109,134533,,0,0,,,,,,3144,,0,763893,0,,,,,763893,0,,0
11/21/20,KY,B,1783,1738,21,45,9411,9411,1514,125,2342,370,2278928,49278,,,,,202,155908,128943,3702,0,,,,,,26156,,0,2407871,52396,93778,102900,,,,0,2407871,52396
11/21/20,LA,A,6233,5985,0,248,,,972,0,,,2992668,0,,,,,101,216709,207039,0,0,,,,,,185960,,0,3209377,0,,86376,,,,0,3199707,0
11/21/20,MA,A+,10488,10257,19,231,13817,13817,891,0,,187,2977016,29568,,,,,85,204155,197329,3206,0,,,12007,,249489,145682,,0,7757482,109239,,,130696,244122,3174345,32559,7757482,109239
11/21/20,MD,A,4415,4261,17,154,19434,19434,1229,152,,278,2026318,17973,,140937,,,,179971,179971,2885,0,,,14868,,215371,8498,,0,4090832,51510,,,155805,,2206289,20858,4090832,51510
11/21/20,ME,A+,174,173,1,1,636,636,86,8,,41,785433,0,12162,,782572,,11,10123,9075,165,0,384,100,,,11319,7713,,0,795556,165,12558,1303,,,,0,794366,0
11/21/20,MI,A+,8875,8478,101,397,,,3887,0,,835,5835232,79727,,,5835232,,403,329021,302705,7840,0,,,,,391736,152267,,0,6164253,87567,354957,,,,,0,6226968,89883
11/21/20,MN,A,3201,3141,51,60,14745,14745,1784,283,3427,369,2019406,11828,,,,,,262952,258574,6252,0,,,,,,211513,3640177,51620,3640177,51620,,71933,,,2277980,17686,,0
11/21/20,MO,A+,3555,,18,,,,2851,0,,632,1459905,-2185,84577,71709,2596099,,336,267312,267312,4876,0,7191,14636,3618,,297321,,,0,2899068,9082,91971,97782,87395,58056,1727217,2691,2899068,9082
11/21/20,MP,D,2,2,0,,4,4,,0,,,16467,0,,,,,,103,103,0,0,,,,,,29,,0,16570,0,,,,,16567,0,23472,0
11/21/20,MS,A+,3657,3224,15,433,7091,7091,999,0,,223,906991,0,,,,,106,142401,116768,1972,0,95,,,,,116683,,0,1049392,1972,48342,145992,,,,0,1019601,0
11/21/20,MT,B,600,,33,,2336,2336,474,84,,,553960,5578,,,,,,54542,54542,1249,0,,,,,,38701,,0,608502,6827,,,,,,0,608502,6827
11/21/20,NC,A+,5005,4880,26,125,,,1590,0,,409,4545815,55632,,,,,,332261,314615,3415,0,,,,,,276132,,0,4878076,59047,,88848,,,,0,4860430,41401
11/21/20,ND,B,840,,0,,2424,2424,376,34,387,42,264148,836,10560,,,,,72664,71454,1572,0,818,,,,,60640,1017029,11760,1017029,11760,11378,,,,335688,2361,1067090,12954
11/21/20,NE,A,897,,43,,3915,3915,987,56,,,587179,4305,,,1113475,,,111661,111661,2381,0,,,,,128313,56605,,0,1243253,21988,,,,,699186,6692,1243253,21988
11/21/20,NH,B,508,,1,,829,829,116,2,276,,383252,243,,,,,,17281,17281,484,0,,,,2596,,12599,,0,755503,8447,33822,,32858,,400533,727,755503,8447
11/21/20,NJ,A,16746,14934,34,1812,39993,39993,2552,168,,486,5265303,44973,,,,,232,302039,302039,4669,0,,,,,,41006,,0,5567342,49642,,,,,,0,5567342,49642
11/21/20,NM,A,1350,,25,,6072,6072,825,61,,,1364681,8170,,,,,,79440,79440,2342,0,,,,,,28574,,0,1444121,10512,,,,,,0,1444121,10512
11/21/20,NV,A,2011,,29,,,,1273,0,,266,787646,10966,,,,,152,131733,131733,2019,0,,,,,,,1507064,28901,1507064,28901,,,,,919379,12985,1154583,0
11/21/20,NY,B,26326,,34,,89995,89995,2443,0,,467,17208919,201935,,,,,212,590822,590822,5972,0,,,,,,83031,17799741,207907,17799741,207907,,,,,,0,,0
11/21/20,OH,A+,5984,5602,29,382,24218,24218,3987,260,4394,966,5266309,57543,,,,,482,343286,325611,7863,0,,,,,,224068,,0,5609595,65406,,,,,,0,5591920,65003
11/21/20,OK,A+,1624,,21,,11184,11184,1505,164,,450,1789645,49720,,,1789645,,,170924,170924,3663,0,5828,,,,180908,137887,,0,1960569,53383,95129,,,,,0,1975039,57400
11/21/20,OR,A+,819,,7,,3970,3970,458,0,,99,937579,6001,,,1718496,,38,63668,59166,1493,0,,,,,94160,5870,,0,1812656,24168,,,,,990744,0,1812656,24168
11/21/20,PA,A+,9801,,112,,,,3294,0,,748,2668676,19806,,,,,367,302564,282478,6778,0,,,,,,193640,,0,2971240,26584,,,,,2951154,25829,5042736,0
11/21/20,PR,B,1012,793,21,219,,,621,0,,99,305972,0,,,303412,,99,46434,45268,1099,0,37873,,,,7002,38237,,0,352406,1099,,,,,,0,310546,0
11/21/20,RI,A+,1300,,6,,4146,4146,293,100,,28,456256,3325,,,1380451,,14,49406,49406,1405,0,,,,,61899,3402,1442350,26322,1442350,26322,,,,,505662,4730,,0
11/21/20,SC,A+,4274,3974,43,300,11495,11495,816,40,,188,2020234,30647,76564,,1958876,,90,205018,192645,1857,0,10833,22792,,,254003,106828,,0,2225252,32504,87397,188702,,,,0,2212879,32271
11/21/20,SD,A+,777,,36,,4052,4052,580,59,,94,236956,1157,,,,,49,72214,67715,1144,0,,,,,,54570,,0,309170,2301,,,,,309170,2301,557990,5840
11/21/20,TN,A+,4211,3880,9,331,11539,11539,2289,37,,564,3933173,24157,,,3875732,,263,335887,310739,4355,0,,25282,,,368180,291819,,0,4269060,28512,,247871,,,,0,4243912,28004
11/21/20,TX,A,20467,,171,,,,8245,0,,2195,9218864,108487,,,,,,1183847,1085524,14922,0,56537,51349,,,1219414,909137,,0,10304388,121313,545643,625778,,,,0,10304388,121313
11/21/20,UT,A+,787,,14,,7458,7458,571,108,1393,183,1085803,8712,,,1532507,513,,173979,161514,3395,0,,13469,,12986,174097,114058,,0,1706604,17815,,178501,,83987,1247317,11470,1706604,17815
11/21/20,VA,A+,3938,3628,26,310,14017,14017,1507,103,,331,2877381,33720,,,,,135,215679,193754,2348,0,,,,,230823,23053,3071135,35503,3071135,35503,,,,,,0,,0
11/21/20,VI,D,23,23,0,,,,,0,,,25776,167,,,,,,1491,,9,0,,,,,,1402,,0,27267,176,,,,,,0,27338,164
11/21/20,VT,B,63,63,1,,,,18,0,,2,206091,3192,,,,,,3639,3547,88,0,,,,,,2246,,0,506543,8637,,,,,209638,3276,506543,8637
11/21/20,WA,B,2619,2619,16,,9717,9717,876,64,,206,2738351,19288,,,,,87,154148,149920,3082,0,,,,,,,2877894,21420,2877894,21420,,,,,,0,,0
11/21/20,WI,A+,3143,3005,52,138,15734,15734,2076,208,1742,441,2073860,11669,,,,,,372219,351169,7029,0,,,,,,272180,4122179,39436,4122179,39436,,,,,2425029,17893,,0
11/21/20,WV,B,658,626,19,32,,,416,0,,121,973445,17553,,,,,54,39598,34591,1118,0,,,,,,26165,,0,1013043,18671,20254,,,,,0,1008036,18476
11/21/20,WY,B,176,,0,,659,659,219,6,,,131788,0,,,354330,,,27410,23567,281,0,,,,,27135,16530,,0,381465,796,,,,,155135,0,381465,796
11/20/20,AK,A,101,101,0,,606,606,127,13,,,879343,5453,,,874013,,15,25369,,460,0,,,,,30178,7165,,0,904712,5913,,,,,,0,904712,5913
11/20/20,AL,A,3451,3148,32,303,23449,23449,1329,154,2189,,1316804,9548,,,,1265,,228373,191408,2463,0,,,,,,90702,,0,1508212,11495,,,69249,,1508212,11495,,0
11/20/20,AR,A+,2321,2125,24,196,8353,8353,928,85,,359,1440090,11805,,,1440090,932,146,141916,125783,2061,0,,3300,,19098,,122219,,0,1565873,13423,,21856,,112784,,0,1565873,13423
11/20/20,AS,D,0,,0,,,,,0,,,1988,0,,,,,,0,0,0,0,,,,,,,,0,1988,0,,,,,,0,1988,0
11/20/20,AZ,A+,6427,5961,43,466,24052,24052,1835,181,,431,1780492,22422,,,,,244,291696,283397,4471,0,,,,,,47383,,0,3464193,48856,355101,,,,2063889,26601,3464193,48856
11/20/20,CA,B,18557,,91,,,,5497,0,,1332,20658279,165018,,,,,,1072272,1072272,13005,0,,,,,,,,0,21730551,178023,,,,,,0,21730551,178023
11/20/20,CO,A,2745,2291,15,454,12166,12166,1723,186,,,1384398,20692,180596,,,,,188566,179340,5765,0,15262,,,,,10618,2752718,57018,2752718,57018,195858,,,,1563738,26379,,0
11/20/20,CT,C,4828,3878,23,950,12257,12257,848,0,,,2827591,29692,,,,,,101469,94426,2088,0,,,,,,9800,,0,2929060,31780,,26512,,,,0,2922017,31493
11/20/20,DC,A+,669,,2,,,,126,0,,28,592396,4240,,,,,11,19808,,130,0,,,,,,14699,612204,4370,612204,4370,,,,,283503,1289,,0
11/20/20,DE,A+,746,655,4,91,,,170,0,,26,362466,3598,,,,,,30816,29511,663,0,,,,,31835,15534,659454,16112,659454,16112,,,,,393282,4261,,0
11/20/20,FL,A,18110,,80,,53749,53749,3439,230,,,5892625,38335,539858,524946,8959851,,,910065,845249,8831,0,64112,,62540,,1174714,,11456461,107865,11456461,107865,604369,,587789,,6802690,47166,10184036,88356
11/20/20,GA,A+,9142,8591,40,551,33897,33897,2139,119,6340,,3643716,29681,,,,,,399410,399410,2769,0,33719,,,41185,373623,,,0,4043126,32450,351953,,,,,0,4043126,32450
11/20/20,GU,A,103,,2,,,,56,0,,13,73336,364,,,,,6,6452,6331,36,0,9,121,,,,4430,,0,79788,400,216,1151,,,,0,79667,400
11/20/20,HI,B,224,,1,,1228,1228,77,9,,23,295153,0,,,,,10,17199,16936,118,0,,,,,16909,11958,618178,5563,618178,5563,,,,,308090,0,,0
11/20/20,IA,A+,2133,,27,,,,1447,0,,275,837684,4521,,68421,,,144,181790,181790,3477,0,,,4455,22164,,114338,,0,1019474,7998,,,72916,125266,1021492,8010,,0
11/20/20,ID,A,835,769,23,66,3403,3403,389,91,651,84,369142,2627,,,,,,87978,75084,1543,0,,,,,,36831,,0,444226,3871,,24306,,,444226,3871,615492,6980
11/20/20,IL,A,11795,11304,147,491,,,6111,0,,1196,8954303,103012,,,,,604,634395,447491,13012,0,,,,,,,,0,9588698,116024,,,,,,0,9588698,116024
11/20/20,IN,A+,5206,4952,63,254,22512,22512,3077,352,4182,898,1748627,14367,,,,,278,282311,,6808,0,,,,,259467,162324,,0,3785422,60088,,,,,2030938,21175,3785422,60088
11/20/20,KS,A+,1410,,84,,4682,4682,1048,121,1269,269,629360,9693,,,,372,109,134533,,5939,0,,,,,,3144,,0,763893,15632,,,,,763893,15632,,0
11/20/20,KY,B,1762,1720,20,42,9286,9286,1544,123,2320,366,2229650,22936,,,,,188,152206,125825,3816,0,,,,,,25728,,0,2355475,26080,93595,102117,,,,0,2355475,26080
11/20/20,LA,A,6233,5985,34,248,,,972,0,,,2992668,93007,,,,,101,216709,207039,4743,0,,,,,,185960,,0,3209377,97750,,86376,,,,0,3199707,97303
11/20/20,MA,A+,10469,10238,34,231,13817,13817,904,0,,179,2947448,22590,,,,,75,200949,194338,2399,0,,,12007,,245981,145682,,0,7648243,71269,,,130696,240068,3141786,24878,7648243,71269
11/20/20,MD,A,4398,4245,26,153,19282,19282,1207,148,,261,2008345,13570,,140937,,,,177086,177086,2353,0,,,14868,,212068,8474,,0,4039322,41252,,,155805,,2185431,15923,4039322,41252
11/20/20,ME,A+,173,172,2,1,628,628,90,15,,49,785433,6818,12162,,782572,,12,9958,8933,224,0,384,100,,,11319,7590,,0,795391,7042,12558,1303,,,,0,794366,7019
11/20/20,MI,A+,8774,8377,57,397,,,3887,0,,835,5755505,73619,,,5755505,,403,321181,295177,10140,0,,,,,381580,138862,,0,6076686,83759,353571,,,,,0,6137085,85362
11/20/20,MN,A,3150,3093,68,57,14462,14462,1784,291,3387,369,2007578,20668,,,,,,256700,252716,6794,0,,,,,,202432,3588557,53812,3588557,53812,,70895,,,2260294,27157,,0
11/20/20,MO,A+,3537,,30,,,,2734,0,,638,1462090,7203,84544,71709,2592316,,323,262436,262436,4614,0,7011,14107,3618,,292075,,,0,2889986,24813,91758,95126,87278,56545,1724526,11817,2889986,24813
11/20/20,MP,D,2,2,0,,4,4,,0,,,16467,0,,,,,,103,103,0,0,,,,,,29,,0,16570,0,,,,,16567,0,23472,0
11/20/20,MS,A+,3642,3215,23,427,7091,7091,965,0,,225,906991,0,,,,,99,140429,115817,1638,0,95,,,,,116683,,0,1047420,1638,48342,145992,,,,0,1019601,0
11/20/20,MT,B,567,,6,,2252,2252,506,31,,,548382,4371,,,,,,53293,53293,1475,0,,,,,,30557,,0,601675,5846,,,,,,0,601675,5846
11/20/20,NC,A+,4979,4854,43,125,,,1571,0,,415,4490183,29078,,,,,,328846,311772,3688,0,,,,,,276132,,0,4819029,32766,,84138,,,,0,4819029,49376
11/20/20,ND,B,840,,39,,2390,2390,395,52,385,45,263312,747,10560,,,,,71092,69931,1434,0,818,,,,,59283,1005269,9399,1005269,9399,11378,,,,333327,2158,1054136,10177
11/20/20,NE,A,854,,28,,3859,3859,983,133,,,582874,3703,,,1094117,,,109280,109280,2663,0,,,,,125705,55885,,0,1221265,18151,,,,,692494,6372,1221265,18151
11/20/20,NH,B,507,,1,,827,827,108,1,276,,383009,3803,,,,,,16797,16797,520,0,,,,2442,,12201,,0,747056,8994,33775,,32818,,399806,4323,747056,8994
11/20/20,NJ,A,16712,14900,23,1812,39825,39825,2505,177,,452,5220330,43744,,,,,233,297370,297370,3626,0,,,,,,40705,,0,5517700,47370,,,,,,0,5517700,51552
11/20/20,NM,A,1325,,23,,6011,6011,808,46,,,1356511,9830,,,,,,77098,77098,2982,0,,,,,,28130,,0,1433609,12812,,,,,,0,1433609,12812
11/20/20,NV,A,1982,,29,,,,1283,0,,271,776680,1382,,,,,151,129714,129714,1839,0,,,,,,,1478163,6399,1478163,6399,,,,,906394,3221,1154583,0
11/20/20,NY,B,26292,,35,,89995,89995,2348,0,,445,17006984,199998,,,,,205,584850,584850,5468,0,,,,,,82766,17591834,205466,17591834,205466,,,,,,0,,0
11/20/20,OH,A+,5955,5578,65,377,23958,23958,3936,398,4360,966,5208766,59646,,,,,488,335423,318151,8808,0,,,,,,220281,,0,5544189,68454,,,,,,0,5526917,67694
11/20/20,OK,A+,1603,,15,,11020,11020,1428,184,,421,1739925,13704,,,1739925,,,167261,167261,2921,0,5828,,,,173518,134934,,0,1907186,16625,95129,,,,,0,1917639,15419
11/20/20,OR,A+,812,,4,,3970,3970,458,35,,99,931578,7159,,,1696341,,38,62175,59166,1302,0,,,,,92147,5870,,0,1788488,24012,,,,,990744,8410,1788488,24012
11/20/20,PA,A+,9689,,108,,,,3162,0,,661,2648870,19343,,,,,351,295786,276455,6808,0,,,,,,192260,,0,2944656,26151,,,,,2925325,25475,5042736,60628
11/20/20,PR,B,991,775,9,216,,,614,0,,99,305972,0,,,303412,,98,45335,44277,904,0,37569,,,,7002,38238,,0,351307,904,,,,,,0,310546,0
11/20/20,RI,A+,1294,,6,,4046,4046,288,33,,24,452931,3093,,,1355657,,14,48001,48001,1050,0,,,,,60371,3314,1416028,14865,1416028,14865,,,,,500932,4143,,0
11/20/20,SC,A+,4231,3949,30,282,11455,11455,808,53,,203,1989587,28620,76067,,1928848,,106,203161,191021,2001,0,10574,22461,,,251760,105856,,0,2192748,30621,86641,183196,,,,0,2180608,30390
11/20/20,SD,A+,741,,36,,3993,3993,574,71,,107,235799,2272,,,,,56,71070,66704,1328,0,,,,,,51922,,0,306869,3600,,,,,306869,3600,552150,8373
11/20/20,TN,A+,4202,3872,74,330,11502,11502,2260,80,,589,3909016,18472,,,3852016,,269,331532,306892,3444,0,,24677,,,363892,287908,,0,4240548,21916,,242935,,,,0,4215908,21287
11/20/20,TX,A,20296,,183,,,,8164,0,,2214,9110377,107065,,,,,,1168925,1072698,13795,0,55555,50463,,,1206044,901943,,0,10183075,119077,539765,613980,,,,0,10183075,119077
11/20/20,UT,A+,773,,17,,7350,7350,554,135,1384,182,1077091,9757,,,1517664,509,,170584,158756,4588,0,,12983,,12515,171125,112356,,0,1688789,21529,,168904,,79187,1235847,13783,1688789,21529
11/20/20,VA,A+,3912,3605,16,307,13914,13914,1510,99,,318,2843661,26356,,,,,133,213331,191971,2544,0,,,,,228050,22946,3035632,28171,3035632,28171,,,,,,0,,0
11/20/20,VI,D,23,23,0,,,,,0,,,25609,138,,,,,,1482,,13,0,,,,,,1393,,0,27091,151,,,,,,0,27174,157
11/20/20,VT,B,62,62,1,,,,22,0,,1,202899,1180,,,,,,3551,3463,144,0,,,,,,2205,,0,497906,5041,,,,,206362,1319,497906,5041
11/20/20,WA,B,2603,2603,11,,9653,9653,844,31,,209,2719063,19015,,,,,94,151066,147044,3070,0,,,,,,,2856474,21002,2856474,21002,,,,,,0,,0
11/20/20,WI,A+,3091,2954,81,137,15526,15526,2076,190,1729,441,2062191,12665,,,,,,365190,344945,7077,0,,,,,,266280,4082743,50551,4082743,50551,,,,,2407136,19138,,0
11/20/20,WV,B,639,609,16,30,,,402,0,,120,955892,15752,,,,,51,38480,33668,1081,0,,,,,,25664,,0,994372,16833,20185,,,,,0,989560,16666
11/20/20,WY,B,176,,0,,653,653,219,24,,,131788,1658,,,353733,,,27129,23347,960,0,,,,,26936,16316,,0,380669,4546,,,,,155135,2516,380669,4546
11/19/20,AK,A,101,101,1,,593,593,139,9,,,873890,12751,,,868482,,14,24909,,490,0,,,,,29798,7165,,0,898799,13241,,,,,,0,898799,13241
11/19/20,AL,A,3419,3123,72,296,23295,23295,1315,207,2182,,1307256,13211,,,,1261,,225910,189461,2424,0,,,,,,90702,,0,1496717,15049,,,68847,,1496717,15049,,0
11/19/20,AR,A+,2297,2105,22,192,8268,8268,891,129,,353,1428285,12983,,,1428285,925,143,139855,124165,2238,0,,3300,,18437,,120545,,0,1552450,14667,,21856,,107231,,0,1552450,14667
11/19/20,AS,D,0,,0,,,,,0,,,1988,0,,,,,,0,0,0,0,,,,,,,,0,1988,0,,,,,,0,1988,0
11/19/20,AZ,A+,6384,5919,19,465,23871,23871,1796,398,,433,1758070,14417,,,,,227,287225,279218,4123,0,,,,,,46951,,0,3415337,49728,354092,,,,2037288,18293,3415337,49728
11/19/20,CA,B,18466,,106,,,,5319,0,,1253,20493261,122507,,,,,,1059267,1059267,11478,0,,,,,,,,0,21552528,133985,,,,,,0,21552528,133985
11/19/20,CO,A,2730,2277,79,453,11980,11980,1593,178,,,1363706,20132,179842,,,,,182801,173653,6107,0,15141,,,,,10392,2695700,55085,2695700,55085,194983,,,,1537359,26159,,0
11/19/20,CT,C,4805,3862,21,943,12257,12257,840,0,,,2797899,34243,,,,,,99381,92625,2353,0,,,,,,9800,,0,2897280,36596,,26512,,,,0,2890524,36339
11/19/20,DC,A+,667,,2,,,,127,0,,34,588156,6209,,,,,10,19678,,213,0,,,,,,14589,607834,6422,607834,6422,,,,,282214,1927,,0
11/19/20,DE,A+,742,652,0,90,,,165,0,,30,358868,1950,,,,,,30153,28860,398,0,,,,,31161,15435,643342,1216,643342,1216,,,,,389021,2348,,0
11/19/20,FL,A,18030,,81,,53519,53519,3380,236,,,5854290,41643,539858,524946,8883148,,,901234,838550,8882,0,64112,,62540,,1163367,,11348596,110691,11348596,110691,604369,,587789,,6755524,50525,10095680,88682
11/19/20,GA,A+,9102,8569,37,533,33778,33778,2142,111,6327,,3614035,32856,,,,,,396641,396641,2751,0,33421,,,40515,371101,,,0,4010676,35607,350070,,,,,0,4010676,35607
11/19/20,GU,A,101,,1,,,,57,0,,14,72972,258,,,,,8,6416,6295,70,0,8,111,,,,4423,,0,79388,328,212,1084,,,,0,79267,3861
11/19/20,HI,B,223,,0,,1219,1219,77,9,,23,295153,0,,,,,13,17081,16841,107,0,,,,,16812,11958,612615,5253,612615,5253,,,,,308090,0,,0
11/19/20,IA,A+,2106,,40,,,,1516,0,,286,833163,4016,,67998,,,135,178313,178313,3474,0,,,4407,21351,,112778,,0,1011476,7490,,,72445,122918,1013482,7657,,0
11/19/20,ID,A,812,746,14,66,3312,3312,389,58,635,84,366515,3247,,,,,,86435,73840,1310,0,,,,,,36339,,0,440355,4322,,24306,,,440355,4322,608512,6915
11/19/20,IL,A,11648,11178,180,470,,,6037,0,,1192,8851291,98835,,,,,587,621383,447491,14612,0,,,,,,,,0,9472674,113447,,,,,,0,9472674,113447
11/19/20,IN,A+,5143,4889,59,254,22160,22160,3063,423,4129,854,1734260,13026,,,,,269,275503,,7281,0,,,,,253606,159413,,0,3725334,57285,,,,,2009763,20307,3725334,57285
11/19/20,KS,A+,1326,,0,,4561,4561,1039,0,1241,253,619667,0,,,,364,95,128594,,0,0,,,,,,3067,,0,748261,0,,,,,748261,0,,0
11/19/20,KY,B,1742,1701,30,41,9163,9163,1550,111,2303,358,2206714,32682,,,,,199,148390,122681,3637,0,,,,,,25437,,0,2329395,35701,91036,99337,,,,0,2329395,35701
11/19/20,LA,A,6199,5951,15,248,,,929,0,,,2899661,23726,,,,,88,211966,202743,2052,0,,,,,,185960,,0,3111627,25778,,82227,,,,0,3102404,25487
11/19/20,MA,A+,10435,10204,28,231,13817,13817,917,229,,181,2924858,19418,,,,,75,198550,192050,2682,0,,,12007,,243281,145682,,0,7576974,92139,,,130696,237534,3116908,21950,7576974,92139
11/19/20,MD,A,4372,4220,21,152,19134,19134,1192,175,,260,1994775,17263,,140937,,,,174733,174733,2910,0,,,14868,,209359,8441,,0,3998070,43963,,,155805,,2169508,20173,3998070,43963
11/19/20,ME,A+,171,170,1,1,613,613,88,13,,35,778615,12765,12138,,775851,,12,9734,8732,215,0,384,93,,,11022,7403,,0,788349,12980,12534,1099,,,,0,787347,12938
11/19/20,MI,A+,8717,8324,144,393,,,3824,0,,843,5681886,62253,,,5681886,,400,311041,285398,7983,0,,,,,369837,138862,,0,5992927,70236,352058,,,,,0,6051723,71228
11/19/20,MN,A,3082,3029,72,53,14171,14171,1751,279,3346,367,1986910,21144,,,,,,249906,246227,7863,0,,,,,,198365,3534745,55821,3534745,55821,,66452,,,2233137,28725,,0
11/19/20,MO,A+,3507,,30,,,,2588,0,,608,1454887,5884,84180,71709,2572460,,310,257822,257822,4349,0,6903,13603,3618,,287179,,,0,2865173,20181,91286,92097,86885,54893,1712709,10233,2865173,20181
11/19/20,MP,D,2,2,0,,4,4,,0,,,16467,0,,,,,,103,103,0,0,,,,,,29,,0,16570,0,,,,,16567,0,23472,0
11/19/20,MS,A+,3619,3195,18,424,7091,7091,926,0,,222,906991,0,,,,,103,138791,114888,1395,0,95,,,,,116683,,0,1045782,1395,48342,145992,,,,0,1019601,0
11/19/20,MT,B,561,,0,,2221,2221,482,19,,,544011,3187,,,,,,51818,51818,1236,0,,,,,,30477,,0,595829,4423,,,,,,0,595829,4423
11/19/20,NC,A+,4936,4814,38,122,,,1538,0,,395,4461105,50796,,,,,,325158,308548,4296,0,,,,,,276132,,0,4786263,55092,,81125,,,,0,4769653,54560
11/19/20,ND,B,801,,10,,2338,2338,387,31,381,46,262565,885,10560,,,,,69658,68530,1450,0,818,,,,,57686,995870,9530,995870,9530,11378,,,,331169,2259,1043959,10367
11/19/20,NE,A,826,,10,,3726,3726,961,0,,,579171,3991,,,1078907,,,106617,106617,2812,0,,,,,122779,55037,,0,1203114,21919,,,,,686122,6809,1203114,21919
11/19/20,NH,B,506,,2,,826,826,98,4,276,,379206,3804,,,,,,16277,16277,528,0,,,,,,11765,,0,738062,8916,33709,,32761,,395483,4332,738062,8916
11/19/20,NJ,A,16689,14877,34,1812,39648,39648,2471,400,,456,5176586,0,,,,,216,293744,293744,4182,0,,,,,,40415,,0,5470330,4182,,,,,,0,5466148,0
11/19/20,NM,A,1302,,12,,5965,5965,774,90,,,1346681,7309,,,,,,74116,74116,3665,0,,,,,,27659,,0,1420797,10974,,,,,,0,1420797,10974
11/19/20,NV,A,1953,,6,,,,1288,0,,261,775298,4986,,,,,150,127875,127875,2416,0,,,,,,,1471764,17023,1471764,17023,,,,,903173,7402,1154583,0
11/19/20,NY,B,26257,,32,,89995,89995,2276,0,,437,16806986,189929,,,,,200,579382,579382,5310,0,,,,,,82507,17386368,195239,17386368,195239,,,,,,0,,0
11/19/20,OH,A+,5890,5522,63,368,23560,23560,3829,343,4318,943,5149120,97043,,,,,479,326615,310103,7787,0,,,,,,216619,,0,5475735,104830,,,,,,0,5459223,110759
11/19/20,OK,A+,1588,,18,,10836,10836,1381,149,,389,1726221,18705,,,1726221,,,164340,164340,2915,0,5545,,,,171369,132268,,0,1890561,21620,93221,,,,,0,1902220,21726
11/19/20,OR,A+,808,,20,,3935,3935,497,47,,107,924419,7238,,,1673967,,41,60873,57915,1204,0,,,,,90509,5870,,0,1764476,21039,,,,,982334,8410,1764476,21039
11/19/20,PA,A+,9581,,116,,,,2952,0,,659,2629527,20541,,,,,318,288978,270323,7126,0,,,,,,190725,,0,2918505,27667,,,,,2899850,26886,4982108,61339
11/19/20,PR,B,982,767,11,215,,,573,0,,92,305972,0,,,303412,,78,44431,43403,521,0,37240,,,,7002,37327,,0,350403,521,,,,,,0,310546,0
11/19/20,RI,A+,1288,,4,,4013,4013,298,60,,26,449838,2678,,,1341975,,13,46951,46951,1040,0,,,,,59188,3277,1401163,16598,1401163,16598,,,,,496789,3718,,0
11/19/20,SC,A+,4201,3924,19,277,11402,11402,815,53,,203,1960967,22125,75667,,1900672,,108,201160,189251,1713,0,10376,22053,,,249546,104997,,0,2162127,23838,86043,177011,,,,0,2150218,23602
11/19/20,SD,A+,705,,31,,3922,3922,578,58,,95,233527,1225,,,,,51,69742,65499,1071,0,,,,,,51153,,0,303269,2296,,,,,303269,2296,543777,6292
11/19/20,TN,A+,4128,3810,80,318,11422,11422,2236,80,,577,3890544,14761,,,3833872,,257,328088,304077,2887,0,,23992,,,360749,283785,,0,4218632,17648,,235024,,,,0,4194621,16937
11/19/20,TX,A,20113,,230,,,,7982,0,,2154,9003312,104810,,,,,,1155130,1060686,14269,0,54717,49558,,,1192594,896191,,0,10063998,117113,535321,597184,,,,0,10063998,117113
11/19/20,UT,A+,756,,16,,7215,7215,553,108,1363,195,1067334,10419,,,1500396,502,,165996,154730,3968,0,,12397,,11948,166864,110007,,0,1667260,21968,,159724,,74592,1222064,14462,1667260,21968
11/19/20,VA,A+,3896,3594,36,302,13815,13815,1569,108,,303,2817305,22728,,,,,123,210787,190156,1954,0,,,,,226178,22858,3007461,24031,3007461,24031,,,,,,0,,0
11/19/20,VI,D,23,23,0,,,,,0,,,25471,236,,,,,,1469,,6,0,,,,,,1388,,0,26940,242,,,,,,0,27017,260
11/19/20,VT,B,61,61,1,,,,18,0,,1,201719,2874,,,,,,3407,3324,152,0,,,,,,2157,,0,492865,10540,,,,,205043,3024,492865,10540
11/19/20,WA,B,2592,2592,21,,9622,9622,748,49,,191,2700048,21088,,,,,85,147996,144161,3216,0,,,,,,,2835472,22391,2835472,22391,,,,,,0,,0
11/19/20,WI,A+,3010,2876,85,134,15336,15336,2104,236,1715,427,2049526,12585,,,,,,358113,338472,7448,0,,,,,,259953,4032192,45778,4032192,45778,,,,,2387998,19220,,0
11/19/20,WV,B,623,594,11,29,,,415,0,,123,940140,16033,,,,,52,37399,32754,1122,0,,,,,,25133,,0,977539,17155,20121,,,,,0,972894,16966
11/19/20,WY,B,176,,21,,629,629,209,20,,,130130,2443,,,349802,,,26169,22489,894,0,,,,,26321,14904,,0,376123,6831,,,,,152619,3885,376123,6831
11/18/20,AK,A,100,100,0,,584,584,147,22,,,861139,6391,,,856173,,15,24419,,545,0,,,,,28879,7165,,0,885558,6936,,,,,,0,885558,6936
11/18/20,AL,A,3347,3073,46,274,23088,23088,1303,372,2165,,1294045,6373,,,,1249,,223486,187623,2638,0,,,,,,88038,,0,1481668,8122,,,68534,,1481668,8122,,0
11/18/20,AR,A+,2275,2085,30,190,8139,8139,893,89,,339,1415302,11176,,,1415302,916,142,137617,122481,1715,0,,3300,,17763,,118751,,0,1537783,12504,,21856,,103757,,0,1537783,12504
11/18/20,AS,D,0,,0,,,,,0,,,1988,0,,,,,,0,0,0,0,,,,,,,,0,1988,0,,,,,,0,1988,0
11/18/20,AZ,A+,6365,5902,53,463,23473,23473,1700,230,,396,1743653,11757,,,,,218,283102,275342,3206,0,,,,,,46521,,0,3365609,46783,353191,,,,2018995,14787,3365609,46783
11/18/20,CA,B,18360,,61,,,,5078,0,,1258,20370754,149656,,,,,,1047789,1047789,9811,0,,,,,,,,0,21418543,159467,,,,,,0,21418543,159467
11/18/20,CO,A,2651,2207,43,444,11802,11802,1593,194,,,1343574,15269,179183,,,,,176694,167626,4650,0,15004,,,,,10195,2640615,41034,2640615,41034,194187,,,,1511200,19819,,0
11/18/20,CT,C,4784,3849,13,935,12257,12257,816,0,,,2763656,32184,,,,,,97028,90529,2042,0,,,,,,9800,,0,2860684,34226,,26512,,,,0,2854185,34135
11/18/20,DC,A+,665,,5,,,,127,0,,35,581947,4514,,,,,10,19465,,156,0,,,,,,14477,601412,4670,601412,4670,,,,,280287,1501,,0
11/18/20,DE,A+,742,652,3,90,,,153,0,,29,356918,994,,,,,,29755,28473,203,0,,,,,31019,15301,642126,8113,642126,8113,,,,,386673,1197,,0
11/18/20,FL,A,17949,,88,,53283,53283,3352,317,,,5812647,33734,539858,524946,8806008,,,892352,832021,7727,0,64112,,62540,,1152080,,11237905,87065,11237905,87065,604369,,587789,,6704999,41461,10006998,78712
11/18/20,GA,A+,9065,8536,57,529,33667,33667,2091,228,6306,,3581179,18223,,,,,,393890,393980,2424,0,33136,,,39752,368548,,,0,3975069,20647,348580,,,,,0,3975069,20647
11/18/20,GU,A,100,,0,,,,58,0,,12,72714,0,,,,,6,6346,6225,112,0,8,111,,,,4341,,0,79060,112,212,884,,,,0,75406,0
11/18/20,HI,B,223,,1,,1210,1210,82,2,,19,295153,0,,,,,15,16974,16734,69,0,,,,,16721,11958,607362,4528,607362,4528,,,,,308090,0,,0
11/18/20,IA,A+,2066,,39,,,,1527,0,,283,829147,3658,,67589,,,134,174839,174839,3294,0,,,4356,20727,,111305,,0,1003986,6952,,,71985,120517,1005825,6968,,0
11/18/20,ID,A,798,733,35,65,3254,3254,376,52,632,79,363268,1405,,,,,,85125,72765,1781,0,,,,,,35948,,0,436033,2811,,24306,,,436033,2811,601597,5613
11/18/20,IL,A,11468,11014,151,454,,,5953,0,,1146,8752456,94647,,,,,547,606771,447491,8922,0,,,,,,,,0,9359227,103569,,,,,,0,9359227,103569
11/18/20,IN,A+,5084,4830,59,254,21737,21737,3040,348,4068,847,1721234,14353,,,,,262,268222,,6015,0,,,,,247870,156423,,0,3668049,55973,,,,,1989456,20368,3668049,55973
11/18/20,KS,A+,1326,,60,,4561,4561,1039,130,1241,253,619667,8652,,,,364,95,128594,,5853,0,,,,,,3067,,0,748261,14505,,,,,748261,14505,,0
11/18/20,KY,B,1712,1674,15,38,9052,9052,1553,104,2284,359,2174032,28873,,,,,176,144753,119662,2745,0,,,,,,25058,,0,2293694,30978,90785,97925,,,,0,2293694,30978
11/18/20,LA,A,6184,5939,28,245,,,886,0,,,2875935,15290,,,,,93,209914,200982,2229,0,,,,,,185960,,0,3085849,17519,,79753,,,,0,3076917,16613
11/18/20,MA,A+,10407,10177,47,230,13588,13588,885,0,,173,2905440,20318,,,,,72,195868,189518,2904,0,,,11910,,240381,137422,,0,7484835,97636,,,129352,234128,3094958,23062,7484835,97636
11/18/20,MD,A,4351,4201,16,150,18959,18959,1144,147,,270,1977512,11716,,140937,,,,171823,171823,2018,0,,,14868,,205861,8421,,0,3954107,31801,,,155805,,2149335,13734,3954107,31801
11/18/20,ME,A+,170,169,4,1,600,600,85,11,,30,765850,10295,12108,,763210,,10,9519,8559,156,0,381,88,,,10730,7229,,0,775369,10451,12501,930,,,,0,774409,10443
11/18/20,MI,A+,8573,8190,62,383,,,3792,0,,809,5619633,50686,,,5619633,,396,303058,277806,6218,0,,,,,360862,138862,,0,5922691,56904,350177,,,,,0,5980495,58769
11/18/20,MN,A,3010,2961,67,49,13892,13892,1706,298,3307,355,1965766,11522,,,,,,242043,238646,5094,0,,,,,,193869,3478924,33677,3478924,33677,,64747,,,2204412,16255,,0
11/18/20,MO,A+,3477,,24,,,,2453,0,,582,1449003,5340,83892,71709,2556990,,298,253473,253473,4587,0,6792,13199,3618,,282532,,,0,2844992,19151,90887,89153,86536,53646,1702476,9927,2844992,19151
11/18/20,MP,D,2,2,0,,4,4,,0,,,16467,0,,,,,,103,103,0,0,,,,,,29,,0,16570,0,,,,,16567,0,23472,0
11/18/20,MS,A+,3601,3180,20,421,7091,7091,948,0,,207,906991,0,,,,,96,137396,114043,1593,0,95,,,,,116683,,0,1044387,1593,48342,145992,,,,0,1019601,0
11/18/20,MT,B,561,,18,,2202,2202,463,41,,,540824,6394,,,,,,50582,50582,1184,0,,,,,,30400,,0,591406,7578,,,,,,0,591406,7578
11/18/20,NC,A+,4898,4780,46,118,,,1537,0,,386,4410309,30243,,,,,,320862,304784,3367,0,,,,,,276132,,0,4731171,33610,,74368,,,,0,4715093,33029
11/18/20,ND,B,791,,16,,2307,2307,384,46,378,44,261680,307,10529,,,,,68208,67150,1341,0,802,,,,,56468,986340,9534,986340,9534,11331,,,,328910,1570,1033592,10829
11/18/20,NE,A,816,,19,,3726,3726,978,75,,,575180,2642,,,1060089,,,103805,103805,2204,0,,,,,119710,54604,,0,1181195,14952,,,,,679313,4842,1181195,14952
11/18/20,NH,B,504,,2,,822,822,91,5,272,,375402,1805,,,,,,15749,15749,446,0,,,,,,11478,,0,729146,6099,33644,,32709,,391151,2251,729146,6099
11/18/20,NJ,A,16655,14843,37,1812,39248,39248,2446,53,,461,5176586,87414,,,,,223,289562,289562,4043,0,,,,,,40090,,0,5466148,91457,,,,,,0,5466148,91457
11/18/20,NM,A,1290,,26,,5875,5875,776,89,,,1339372,8592,,,,,,70451,70451,2892,0,,,,,,26835,,0,1409823,11484,,,,,,0,1409823,11484
11/18/20,NV,A+,1947,,3,,,,1246,0,,264,770312,1614,,,,,141,125459,125459,1665,0,,,,,,,1454741,6918,1454741,6918,,,,,895771,3279,1154583,0
11/18/20,NY,B,26225,,36,,89995,89995,2202,0,,423,16617057,149140,,,,,176,574072,574072,5294,0,,,,,,82022,17191129,154434,17191129,154434,,,,,,0,,0
11/18/20,OH,A+,5827,5462,55,365,23217,23217,3716,371,4280,923,5052077,0,,,,,472,318828,302516,6385,0,,,,,,212713,,0,5370905,6385,,,,,,0,5348464,0
11/18/20,OK,A+,1570,,26,,10687,10687,1434,206,,447,1707516,14905,,,1707516,,,161425,161425,3017,0,5545,,,,169267,130032,,0,1868941,17922,93221,,,,,0,1880494,21238
11/18/20,OR,A+,788,,10,,3888,3888,484,83,,103,917181,5929,,,1654174,,42,59669,56743,1099,0,,,,,89263,5870,,0,1743437,18803,,,,,973924,6986,1743437,18803
11/18/20,PA,A+,9465,,110,,,,2904,0,,628,2608986,20519,,,,,310,281852,263978,6339,0,,,,,,186022,,0,2890838,26858,,,,,2872964,26193,4920769,61580
11/18/20,PR,B,971,756,20,215,,,557,0,,86,305972,0,,,303412,,73,43910,43031,325,0,37140,,,,7002,36675,,0,349882,325,,,,,,0,310546,0
11/18/20,RI,A+,1284,,6,,3953,3953,284,59,,22,447160,3438,,,1326524,,13,45911,45911,1383,0,,,,,58041,3233,1384565,18973,1384565,18973,,,,,493071,4821,,0
11/18/20,SC,A+,4182,3906,26,276,11349,11349,830,54,,219,1938842,14419,75309,,1878902,,105,199447,187774,1547,0,10211,21630,,,247714,103996,,0,2138289,15966,85520,172583,,,,0,2126616,15665
11/18/20,SD,A+,674,,30,,3864,3864,593,95,,97,232302,1227,,,,,51,68671,64582,1387,0,,,,,,48757,,0,300973,2614,,,,,300973,2614,537485,6717
11/18/20,TN,A+,4048,3749,53,299,11342,11342,2209,87,,564,3875783,20361,,,3819358,,247,325201,301901,4472,0,,23184,,,358326,279931,,0,4200984,24833,,226619,,,,0,4177684,23974
11/18/20,TX,A,19883,,187,,,,7958,0,,2127,8898502,107505,,,,,,1140861,1048383,10987,0,54291,48664,,,1179363,889099,,0,9946885,116377,532113,585973,,,,0,9946885,116377
11/18/20,UT,A+,740,,8,,7107,7107,564,119,1350,201,1056915,7755,,,1482716,495,,162028,150687,3071,0,,12027,,11607,162576,108182,,0,1645292,16195,,152121,,71349,1207602,10237,1645292,16195
11/18/20,VA,A+,3860,3569,25,291,13707,13707,1469,99,,318,2794577,18707,,,,,126,208833,188853,2071,0,,,,,224321,22594,2983430,20273,2983430,20273,,,,,,0,,0
11/18/20,VI,D,23,23,0,,,,,0,,,25235,252,,,,,,1463,,13,0,,,,,,1388,,0,26698,265,,,,,,0,26757,248
11/18/20,VT,B,60,60,1,,,,18,0,,2,198845,559,,,,,,3255,3174,54,0,,,,,,2135,,0,482325,2620,,,,,202019,610,482325,2620
11/18/20,WA,B,2571,2571,23,,9573,9573,738,55,,208,2678960,14756,,,,,87,144780,141110,3454,0,,,,,,,2813081,17345,2813081,17345,,,,,,0,,0
11/18/20,WI,A+,2925,2793,58,132,15100,15100,2217,283,1706,428,2036941,12140,,,,,,350665,331837,8510,0,,,,,,254365,3986414,40138,3986414,40138,,,,,2368778,20129,,0
11/18/20,WV,B,612,585,14,27,,,429,0,,126,924107,11987,,,,,50,36277,31821,953,0,,,,,,24493,,0,960384,12940,19989,,,,,0,955928,12750
11/18/20,WY,B,155,,0,,609,609,210,20,,,127687,0,,,343730,,,25275,21750,822,0,,,,,25562,13752,,0,369292,5300,,,,,148734,0,369292,5300
11/17/20,AK,A,100,100,2,,562,562,136,3,,,854748,5641,,,849757,,11,23874,,634,0,,,,,28361,7165,,0,878622,6275,,,,,,0,878622,6275
11/17/20,AL,A,3301,3040,52,261,22716,22716,1289,0,2158,,1287672,5714,,,,1246,,220848,185874,1616,0,,,,,,88038,,0,1473546,6943,,,68223,,1473546,6943,,0
11/17/20,AR,A+,2245,2057,20,188,8050,8050,902,101,,346,1404126,7268,,,1404126,909,133,135902,121153,1554,0,,3300,,17252,,117068,,0,1525279,8413,,21856,,101145,,0,1525279,8413
11/17/20,AS,D,0,,0,,,,,0,,,1988,220,,,,,,0,0,0,0,,,,,,,,0,1988,220,,,,,,0,1988,220
11/17/20,AZ,A+,6312,5855,10,457,23243,23243,1624,121,,385,1731896,13572,,,,,191,279896,272312,2984,0,,,,,,46103,,0,3318826,43841,350899,,,,2004208,16427,3318826,43841
11/17/20,CA,B,18299,,36,,,,4885,0,,1206,20221098,181439,,,,,,1037978,1037978,8743,0,,,,,,,,0,21259076,190182,,,,,,0,21259076,190182
11/17/20,CO,,2608,2177,30,431,11608,11608,1543,405,,,1328305,14712,178706,,,,,172044,163076,4331,0,14896,,,,,10004,2599581,39485,2599581,39485,193602,,,,1491381,18924,,0
11/17/20,CT,C,4771,3839,12,932,12257,12257,777,0,,,2731472,31604,,,,,,94986,88578,1702,0,,,,,,9800,,0,2826458,33306,,26512,,,,0,2820050,32964
11/17/20,DC,A+,660,,0,,,,112,0,,36,577433,6145,,,,,11,19309,,245,0,,,,,,14336,596742,6390,596742,6390,,,,,278786,2002,,0
11/17/20,DE,A+,739,649,3,90,,,153,0,,32,355924,2215,,,,,,29552,28281,352,0,,,,,30580,15161,634013,5075,634013,5075,,,,,385476,2567,,0
11/17/20,FL,A,17861,,86,,52966,52966,3369,317,,,5778913,30776,539858,524946,8737315,,,884625,826574,7285,0,64112,,62540,,1142252,,11150840,77345,11150840,77345,604369,,587789,,6663538,38061,9928286,71072
11/17/20,GA,A+,9008,8496,41,512,33439,33439,2102,174,6259,,3562956,50178,,,,,,391466,391466,3536,0,33020,,,39105,366489,,,0,3954422,53714,347926,,,,,0,3954422,53714
11/17/20,GU,A,100,,2,,,,69,0,,16,72714,756,,,,,9,6234,6121,59,0,8,111,,,,4338,,0,78948,815,212,884,,,,0,75406,0
11/17/20,HI,B,222,,0,,1208,1208,83,14,,15,295153,0,,,,,10,16905,16665,52,0,,,,,16656,11958,602834,2840,602834,2840,,,,,308090,0,,0
11/17/20,IA,A+,2027,,36,,,,1510,0,,288,825489,1991,,67273,,,130,171545,171545,2192,0,,,4303,19863,,109978,,0,997034,4183,,,71616,117600,998857,4186,,0
11/17/20,ID,A,763,703,4,60,3202,3202,376,34,621,79,361863,1875,,,,,,83344,71359,1099,0,,,,,,35530,,0,433222,2799,,24306,,,433222,2799,595984,5752
11/17/20,IL,A,11317,10875,113,442,,,5887,0,,1158,8657809,81604,,,,,545,597849,447491,12601,0,,,,,,,,0,9255658,94205,,,,,,0,9255658,94205
11/17/20,IN,A+,5025,4770,89,255,21389,21389,2951,346,4017,796,1706881,11423,,,,,246,262207,,5463,0,,,,,242046,153381,,0,3612076,42121,,,,,1969088,16886,3612076,42121
11/17/20,KS,A+,1266,,0,,4431,4431,551,0,1205,163,611015,0,,,,355,58,122741,,0,0,,,,,,3006,,0,733756,0,,,,,733756,0,,0
11/17/20,KY,B,1697,1659,33,38,8948,8948,1521,74,2257,354,2145159,18597,,,,,178,142008,117557,2911,0,,,,,,24760,,0,2262716,20880,90628,91921,,,,0,2262716,20880
11/17/20,LA,A,6156,5916,17,240,,,874,0,,,2860645,28468,,,,,92,207685,199659,2626,0,,,,,,176107,,0,3068330,31094,,73595,,,,0,3060304,30660
11/17/20,MA,A+,10360,10130,20,230,13588,13588,835,0,,159,2885122,15480,,,,,73,192964,186774,2525,0,,,11910,,237174,137422,,0,7387199,65468,,,129352,229932,3071896,17743,7387199,65468
11/17/20,MD,A,4335,4186,26,149,18812,18812,1046,124,,255,1965796,10177,,138383,,,,169805,169805,2149,0,,,14367,,203530,8408,,0,3922306,27740,,,152750,,2135601,12326,3922306,27740
11/17/20,ME,A+,166,165,1,1,589,589,73,12,,29,755555,8500,12085,,753070,,8,9363,8411,246,0,380,82,,,10437,7025,,0,764918,8746,12477,600,,,,0,763966,8731
11/17/20,MI,A+,8511,8128,80,383,,,3752,0,,776,5568947,49431,,,5568947,,367,296840,272034,7886,0,,,,,352779,138862,,0,5865787,57317,349416,,,,,0,5921726,57670
11/17/20,MN,A,2943,2898,26,45,13594,13594,1669,343,3247,346,1954244,8977,,,,,,236949,233913,5931,0,,,,,,186680,3445247,31555,3445247,31555,,60931,,,2188157,14732,,0
11/17/20,MO,A+,3453,,67,,,,2454,0,,570,1443663,8260,83647,71709,2542780,,285,248886,248886,5717,0,6698,12523,3618,,277624,,,0,2825841,24094,90549,86097,86240,51988,1692549,13977,2825841,24094
11/17/20,MP,D,2,2,0,,4,4,,0,,,16467,0,,,,,,103,103,1,0,,,,,,29,,0,16570,1,,,,,16567,0,23472,839
11/17/20,MS,A+,3581,3168,36,413,7091,7091,868,0,,201,906991,0,,,,,93,135803,113195,905,0,95,,,,,116683,,0,1042794,905,48342,145992,,,,0,1019601,0
11/17/20,MT,B,543,,21,,2161,2161,456,95,,,534430,9123,,,,,,49398,49398,1371,0,,,,,,29105,,0,583828,10494,,,,,,0,583828,10494
11/17/20,NC,A+,4852,4738,38,114,,,1501,0,,370,4380066,34444,,,,,,317495,301998,3288,0,,,,,,276132,,0,4697561,37732,,70545,,,,0,4682064,37381
11/17/20,ND,B,775,,26,,2261,2261,399,66,374,48,261373,767,10477,,,,,66867,65880,1129,0,781,,,,,55176,976806,6122,976806,6122,11258,,,,327340,1849,1022763,6407
11/17/20,NE,A,797,,18,,3651,3651,938,76,,,572538,5719,,,1047604,,,101601,101601,3440,0,,,,,117264,54095,,0,1166243,28997,,,,,674471,9161,1166243,28997
11/17/20,NH,B,502,,2,,817,817,77,0,271,,373597,1018,,,,,,15303,15303,274,0,,,,,,11250,,0,723047,5158,33602,,32676,,388900,1292,723047,5158
11/17/20,NJ,A,16618,14817,38,1801,39195,39195,2320,89,,458,5089172,29376,,,,,155,285519,285519,4026,0,,,,,,39800,,0,5374691,33402,,,,,,0,5374691,35621
11/17/20,NM,,1264,,28,,5786,5786,754,102,,,1330780,10113,,,,,,67559,67559,2105,0,,,,,,26338,,0,1398339,12218,,,,,,0,1398339,12218
11/17/20,NV,A+,1944,,27,,,,1159,0,,237,768698,3636,,,,,136,123794,123794,1697,0,,,,,,,1447823,12032,1447823,12032,,,,,892492,5333,1154583,0
11/17/20,NY,B,26189,,30,,89995,89995,2124,0,,408,16467917,154764,,,,,176,568778,568778,5088,0,,,,,,82022,17036695,159852,17036695,159852,,,,,,0,,0
11/17/20,OH,A+,5772,5412,30,360,22846,22846,3648,368,4250,897,5052077,38602,,,,,441,312443,296387,7079,0,,,,,,208945,,0,5364520,45681,,,,,,0,5348464,45396
11/17/20,OK,A+,1544,,6,,10481,10481,1381,64,,390,1692611,39012,,,1692611,,,158408,158408,1551,0,5545,,,,166645,128057,,0,1851019,40563,93221,,,,,0,1859256,42566
11/17/20,OR,A+,778,,13,,3805,3805,445,51,,102,911252,5916,,,1636722,,40,58570,55686,924,0,,,,,87912,5870,,0,1724634,15277,,,,,966938,6807,1724634,15277
11/17/20,PA,A+,9355,,30,,,,2737,0,,579,2588467,14846,,,,,280,275513,258304,5900,0,,,,,,184593,,0,2863980,20746,,,,,2846771,20017,4859189,46596
11/17/20,PR,B,951,740,9,211,,,568,0,,85,305972,0,,,303412,,70,43585,42790,569,0,36810,,,,7002,36102,,0,349557,569,,,,,,0,310546,0
11/17/20,RI,A+,1278,,8,,3894,3894,265,37,,22,443722,2245,,,1309037,,10,44528,44528,605,0,,,,,56555,3195,1365592,9875,1365592,9875,,,,,488250,2850,,0
11/17/20,SC,A+,4156,3884,13,272,11295,11295,800,62,,224,1924423,15507,75134,,1864993,,106,197900,186528,1283,0,10146,21124,,,245958,103154,,0,2122323,16790,85280,167198,,,,0,2110951,16645
11/17/20,SD,A+,644,,0,,3769,3769,582,71,,95,231075,1206,,,,,47,67284,63491,1006,0,,,,,,48016,,0,298359,2212,,,,,298359,2212,530768,8325
11/17/20,TN,A+,3995,3705,72,290,11255,11255,2138,54,,558,3855422,12464,,,3799489,,247,320729,298288,1841,0,,22282,,,354221,276497,,0,4176151,14305,,218748,,,,0,4153710,14098
11/17/20,TX,A,19696,,117,,,,7841,0,,2127,8790997,105872,,,,,,1129874,1039511,13644,0,54046,47658,,,1166390,883223,,0,9830508,117494,530418,571848,,,,0,9830508,117494
11/17/20,UT,A+,732,,9,,6988,6988,537,129,1334,196,1049160,6382,,,1469146,494,,158957,148205,3178,0,,11466,,11079,159951,106601,,0,1629097,13784,,145406,,68235,1197365,8875,1629097,13784
11/17/20,VA,A+,3835,3557,29,278,13608,13608,1392,56,,272,2775870,23262,,,,,103,206762,187287,2125,0,,,,,223485,22466,2963157,25024,2963157,25024,,,,,,0,,0
11/17/20,VI,D,23,23,0,,,,,0,,,24983,348,,,,,,1450,,16,0,,,,,,1382,,0,26433,364,,,,,,0,26509,399
11/17/20,VT,B,59,59,0,,,,17,0,,1,198286,909,,,,,,3201,3123,106,0,,,,,,2107,,0,479705,2115,,,,,201409,1011,479705,2115
11/17/20,WA,B,2548,2548,29,,9518,9518,707,93,,167,2664204,16149,,,,,85,141326,137921,1169,0,,,,,,,2795736,17641,2795736,17641,,,,,,0,,0
11/17/20,WI,A+,2867,2741,103,126,14817,14817,2278,318,1688,456,2024801,15653,,,,,,342155,323848,7593,0,,,,,,248700,3946276,52750,3946276,52750,,,,,2348649,22743,,0
11/17/20,WV,B,598,571,13,27,,,400,0,,116,912120,7669,,,,,43,35324,31058,864,0,,,,,,24019,,0,947444,8533,19971,,,,,0,943178,8343
11/17/20,WY,B,155,,11,,589,589,204,13,,,127687,-2521,,,339171,,,24453,21047,1260,0,,,,,24821,13407,,0,363992,6972,,,,,148734,283,363992,6972
11/16/20,AK,A,98,98,0,,559,559,143,9,,,849107,4387,,,844052,,14,23240,,578,0,,,,,27793,7165,,0,872347,4965,,,,,,0,872347,4965
11/16/20,AL,A,3249,3001,1,248,22716,22716,1262,441,2153,,1281958,6043,,,,1244,,219232,184645,1410,0,,,,,,88038,,0,1466603,7197,,,68042,,1466603,7197,,0
11/16/20,AR,A+,2225,2038,42,187,7949,7949,861,73,,346,1396858,10147,,,1396858,902,123,134348,120008,1308,0,,3300,,16718,,115625,,0,1516866,11312,,21856,,97104,,0,1516866,11312
11/16/20,AS,D,0,,0,,,,,0,,,1768,0,,,,,,0,0,0,0,,,,,,,,0,1768,0,,,,,,0,1768,0
11/16/20,AZ,A+,6302,5846,0,456,23122,23122,1557,73,,374,1718324,11929,,,,,194,276912,269457,1476,0,,,,,,45737,,0,3274985,17004,350396,,,,1987781,13283,3274985,17004
11/16/20,CA,B,18263,,10,,,,4559,0,,1131,20039659,192219,,,,,,1029235,1029235,9890,0,,,,,,,,0,21068894,202109,,,,,,0,21068894,202109
11/16/20,CO,A,2578,2153,32,425,11203,11203,1424,79,,,1313593,14027,178395,,,,,167713,158864,4296,0,14841,,,,,9828,2560096,36344,2560096,36344,193236,,,,1472457,17633,,0
11/16/20,CT,C,4759,3827,22,932,12257,12257,757,0,,,2699868,81846,,,,,,93284,87218,4639,0,,,,,,9800,,0,2793152,86485,,26512,,,,0,2787086,86210
11/16/20,DC,A+,660,,0,,,,101,0,,33,571288,1645,,,,,18,19064,,87,0,,,,,,14271,590352,1732,590352,1732,,,,,276784,527,,0
11/16/20,DE,A+,736,646,0,90,,,141,0,,31,353709,2697,,,,,,29200,27931,397,0,,,,,30313,15007,628938,6597,628938,6597,,,,,382909,3094,,0
11/16/20,FL,A,17775,,41,,52649,52649,3243,120,,,5748137,21642,539858,524946,8676094,,,877340,821237,4530,0,64112,,62540,,1132662,,11073495,51327,11073495,51327,604369,,587789,,6625477,26172,9857214,50170
11/16/20,GA,A+,8967,8471,10,496,33265,33265,2070,24,6229,,3512778,12441,,,,,,387930,387930,981,0,32804,,,38306,362565,,,0,3900708,13422,346476,,,,,0,3900708,13422
11/16/20,GU,A,98,,4,,,,70,0,,18,71958,703,,,,,11,6175,6062,54,0,8,111,,,,3950,,0,78133,757,212,884,,,,0,75406,0
11/16/20,HI,B,222,,0,,1194,1194,78,0,,18,295153,0,,,,,10,16853,16613,94,0,,,,,16605,11958,599994,4879,599994,4879,,,,,308090,0,,0
11/16/20,IA,A+,1991,,6,,,,1392,0,,271,823498,2179,,66913,,,123,169353,169353,2071,0,,,4261,18979,,108187,,0,992851,4250,,,71214,114591,994671,4260,,0
11/16/20,ID,A,759,700,0,59,3168,3168,395,20,613,96,359988,1591,,,,,,82245,70435,928,0,,,,,,35215,,0,430423,2469,,24306,,,430423,2469,590232,3983
11/16/20,IL,A,11204,10779,42,425,,,5581,0,,1144,8576205,78980,,,,,514,585248,447491,11632,0,,,,,,,,0,9161453,90612,,,,,,0,9161453,90612
11/16/20,IN,A+,4936,4686,26,250,21043,21043,2768,339,3969,750,1695458,8766,,,,,232,256744,,5147,0,,,,,237802,150235,,0,3569955,33873,,,,,1952202,13913,3569955,33873
11/16/20,KS,A+,1266,,10,,4431,4431,551,104,1205,163,611015,19735,,,,355,58,122741,,7234,0,,,,,,3006,,0,733756,26969,,,,,733756,33251,,0
11/16/20,KY,B,1664,1627,3,37,8874,8874,1442,91,2236,360,2126562,45378,,,,,128,139097,115274,1511,0,,,,,,24568,,0,2241836,47738,90433,89326,,,,0,2241836,47738
11/16/20,LA,A,6139,5902,7,237,,,818,0,,,2832177,7094,,,,,81,205059,197467,546,0,,,,,,176107,,0,3037236,7640,,70833,,,,0,3029644,7637
11/16/20,MA,A+,10340,10110,11,230,13588,13588,781,0,,159,2869642,14993,,,,,74,190439,184511,2164,0,,,11910,,234611,137422,,0,7321731,53265,,,129352,225360,3054153,16960,7321731,53265
11/16/20,MD,A,4309,4160,7,149,18688,18688,985,112,,237,1955619,11083,,138383,,,,167656,167656,1726,0,,,14367,,201117,8380,,0,3894566,34833,,,152750,,2123275,12809,3894566,34833
11/16/20,ME,A+,165,164,0,1,577,577,69,3,,28,747055,21284,12063,,744607,,7,9117,8180,173,0,377,82,,,10179,6830,,0,756172,21457,12452,443,,,,0,755235,21716
11/16/20,MI,A+,8431,8049,55,382,,,3580,0,,749,5519516,102724,,,5519516,,343,288954,264576,13162,0,,,,,344540,138862,,0,5808470,115886,347813,,,,,0,5864056,117843
11/16/20,MN,A,2917,2873,12,44,13251,13251,1558,177,3203,324,1945267,17566,,,,,,231018,228158,7437,0,,,,,,179614,3413692,49157,3413692,49157,,59141,,,2173425,24764,,0
11/16/20,MO,A+,3386,,12,,,,2525,0,,559,1435403,5381,83510,71709,2524842,,275,243169,243169,3718,0,6614,12145,3618,,271543,,,0,2801747,16348,90326,80959,86062,50906,1678572,9099,2801747,16348
11/16/20,MP,D,2,2,0,,4,4,,0,,,16467,0,,,,,,102,102,2,0,,,,,,29,,0,16569,2,,,,,16567,0,22633,-839
11/16/20,MS,A+,3545,3138,2,407,7091,7091,807,177,,180,906991,33128,,,,,96,134898,112610,589,0,95,,,,,116683,,0,1041889,33717,48342,145992,,,,0,1019601,37205
11/16/20,MT,B,522,,2,,2066,2066,453,19,,,525307,-96,,,,,,48027,48027,869,0,,,,,,27496,,0,573334,773,,,,,,0,573334,773
11/16/20,NC,A+,4814,4704,8,110,,,1424,0,,360,4345622,25248,,,,,,314207,299061,1972,0,,,,,,276132,,0,4659829,27220,,67638,,,,0,4644683,27125
11/16/20,ND,B,749,,7,,2195,2195,400,17,369,39,260606,742,10477,,,,,65738,64793,1084,0,781,,,,,53242,970684,7759,970684,7759,11258,,,,325491,1831,1016356,8290
11/16/20,NE,A,779,,0,,3575,3575,914,24,,,566819,2410,,,1022658,,,98161,98161,1327,0,,,,,113226,53528,,0,1137246,7014,,,,,665310,3736,1137246,7014
11/16/20,NH,B,500,,1,,817,817,74,13,268,,372579,2498,,,,,,15029,15029,358,0,,,,,,11185,,0,717889,27530,33500,,32656,,387608,2856,717889,27530
11/16/20,NJ,A,16580,14779,14,1801,39106,39106,2115,88,,417,5059796,0,,,,,137,281493,281493,2219,0,,,,,,39643,,0,5341289,2219,,,,,,0,5339070,0
11/16/20,NM,A,1236,,21,,5684,5684,738,114,,,1320667,12001,,,,,,65454,65454,1253,0,,,,,,25411,,0,1386121,13254,,,,,,0,1386121,13254
11/16/20,NV,A+,1917,,8,,,,1157,0,,251,765062,2722,,,,,146,122097,122097,1914,0,,,,,,,1435791,9709,1435791,9709,,,,,887159,4636,1154583,0
11/16/20,NY,B,26159,,26,,89995,89995,1968,0,,391,16313153,121075,,,,,158,563690,563690,3490,0,,,,,,81908,16876843,124565,16876843,124565,,,,,,0,,0
11/16/20,OH,A+,5742,5387,20,355,22478,22478,3387,213,4223,850,5013475,49545,,,,,407,305364,289593,7268,0,,,,,,205198,,0,5318839,56813,,,,,,0,5303068,56588
11/16/20,OK,A+,1538,,10,,10417,10417,1247,45,,362,1653599,0,,,1653599,,,156857,156857,2729,0,5545,,,,159890,126162,,0,1810456,2729,93221,,,,,0,1816690,0
11/16/20,OR,A+,765,,4,,3754,3754,413,126,,93,905336,4237,,,1622568,,40,57646,54795,766,0,,,,,86789,5870,,0,1709357,12869,,,,,960131,19728,1709357,12869
11/16/20,PA,A+,9325,,13,,,,2575,0,,558,2573621,14125,,,,,269,269613,253133,4476,0,,,,,,183336,,0,2843234,18601,,,,,2826754,18277,4812593,165485
11/16/20,PR,B,942,731,7,211,,,533,0,,83,305972,0,,,303412,,66,43016,42279,537,0,36618,,,,7002,35461,,0,348988,537,,,,,,0,310546,0
11/16/20,RI,A+,1270,,5,,3857,3857,256,0,,21,441477,1336,,,1299879,,12,43923,43923,481,0,,,,,55838,3172,1355717,6195,1355717,6195,,,,,485400,1817,,0
11/16/20,SC,A+,4143,3873,31,270,11233,11233,769,22,,210,1908916,13834,74992,,1849769,,102,196617,185390,1110,0,10125,20732,,,244537,102038,,0,2105533,14944,85117,161448,,,,0,2094306,14864
11/16/20,SD,A+,644,,0,,3698,3698,560,54,,97,229869,1136,,,,,48,66278,62521,897,0,,,,,,47495,,0,296147,2033,,,,,296147,2033,522443,4285
11/16/20,TN,A+,3923,3645,30,278,11201,11201,1999,60,,541,3842958,53566,,,3787255,,237,318888,296654,7951,0,,21924,,,352357,271864,,0,4161846,61517,,217176,,,,0,4139612,60862
11/16/20,TX,A,19579,,20,,,,7468,0,,2047,8685125,31175,,,,,,1116230,1027889,7828,0,53738,46385,,,1152103,875521,,0,9713014,38343,528417,553433,,,,0,9713014,38343
11/16/20,UT,A+,723,,5,,6859,6859,519,90,1303,198,1042778,7318,,,1458004,487,,155779,145712,1971,0,,10890,,10527,157309,105481,,0,1615313,13520,,139150,,65768,1188490,9083,1615313,13520
11/16/20,VA,A+,3806,3533,6,273,13552,13552,1337,48,,263,2752608,15325,,,,,118,204637,185525,2677,0,,,,,221669,22362,2938133,17396,2938133,17396,,,,,,0,,0
11/16/20,VI,D,23,23,0,,,,,0,,,24635,0,,,,,,1434,,0,0,,,,,,1370,,0,26069,0,,,,,,0,26110,0
11/16/20,VT,B,59,59,0,,,,20,0,,1,197377,814,,,,,,3095,3021,124,0,,,,,,2050,,0,477590,2662,,,,,200398,936,477590,2662
11/16/20,WA,B,2519,2519,0,,9425,9425,681,144,,177,2648055,27004,,,,,84,140157,136771,1881,0,,,,,,,2778095,29313,2778095,29313,,,,,,0,,0
11/16/20,WI,A+,2764,2649,13,115,14499,14499,2278,118,1666,456,2009148,7909,,,,,,334562,316758,4638,0,,,,,,243841,3893526,28350,3893526,28350,,,,,2325906,12298,,0
11/16/20,WV,B,585,562,3,23,,,383,0,,108,904451,11231,,,,,41,34460,30384,801,0,,,,,,23498,,0,938911,12032,19955,,,,,0,934835,11915
11/16/20,WY,B,144,,0,,576,576,191,-4,,,130208,0,,,333117,,,23193,19885,699,0,,,,,23903,12902,,0,357020,9190,,,,,148451,0,357020,9190
11/15/20,AK,A,98,98,0,,550,550,141,7,,,844720,4476,,,839467,,7,22662,,642,0,,,,,27414,7164,,0,867382,5118,,,,,,0,867382,5118
11/15/20,AL,A,3248,3000,2,248,22275,22275,1195,0,2151,,1275915,4655,,,,1244,,217822,183491,1979,0,,,,,,88038,,0,1459406,6251,,,67964,,1459406,6251,,0
11/15/20,AR,A+,2183,2000,35,183,7876,7876,830,29,,317,1386711,19634,,,1386711,896,116,133040,118843,2722,0,,3300,,16445,,114312,,0,1505554,21690,,21856,,95814,,0,1505554,21690
11/15/20,AS,D,0,,0,,,,,0,,,1768,0,,,,,,0,0,0,0,,,,,,,,0,1768,0,,,,,,0,1768,0
11/15/20,AZ,A+,6302,5846,2,456,23049,23049,1506,112,,368,1706395,10789,,,,,183,275436,268103,2383,0,,,,,,45400,,0,3257981,22808,336491,,,,1974498,13084,3257981,22808
11/15/20,CA,B,18253,,35,,,,4454,0,,1094,19847440,184221,,,,,,1019345,1019345,10968,0,,,,,,,,0,20866785,195189,,,,,,0,20866785,195189
11/15/20,CO,A,2546,2137,21,409,11124,11124,1417,68,,,1299566,14476,177943,,,,,163417,155258,4183,0,14772,,,,,9657,2523752,38301,2523752,38301,192715,,,,1454824,18619,,0
11/15/20,CT,C,4737,3807,0,930,12257,12257,659,0,,,2618022,0,,,,,,88645,82854,0,0,,,,,,9800,,0,2706667,0,,26512,,,,0,2700876,0
11/15/20,DC,A+,660,,2,,,,104,0,,33,569643,5138,,,,,21,18977,,163,0,,,,,,14182,588620,5301,588620,5301,,,,,276257,1547,,0
11/15/20,DE,A+,736,646,0,90,,,81,0,,16,351012,2043,,,,,,28803,27547,408,0,,,,,29901,14867,622341,5894,622341,5894,,,,,379815,2451,,0
11/15/20,FL,A,17734,,30,,52529,52529,3118,88,,,5726495,34533,539858,524946,8631846,,,872810,817399,9820,0,64112,,62540,,1126898,,11022168,122779,11022168,122779,604369,,587789,,6599305,44353,9807044,106603
11/15/20,GA,A+,8957,8462,1,495,33241,33241,1978,25,6225,,3500337,19395,,,,,,386949,386949,1952,0,32669,,,38040,361610,,,0,3887286,21347,345943,,,,,0,3887286,21347
11/15/20,GU,A,94,,1,,,,75,0,,21,71255,463,,,,,12,6121,6010,156,0,8,111,,,,3942,,0,77376,619,212,884,,,,0,75406,0
11/15/20,HI,B,222,,0,,1194,1194,78,0,,16,295153,0,,,,,8,16759,16519,107,0,,,,,16464,11958,595115,5318,595115,5318,,,,,308090,0,,0
11/15/20,IA,A+,1985,,13,,,,1279,0,,247,821319,5161,,66638,,,115,167282,167282,3554,0,,,4244,17874,,107888,,0,988601,8715,,,70922,110636,990411,8702,,0
11/15/20,ID,A,759,700,7,59,3148,3148,395,46,610,96,358397,2332,,,,,,81317,69557,1519,0,,,,,,34826,,0,427954,3539,,24306,,,427954,3539,586249,5625
11/15/20,IL,A,11162,10742,74,420,,,5474,0,,1045,8497225,74200,,,,,490,573616,447491,10631,0,,,,,,,,0,9070841,84831,,,,,,0,9070841,84831
11/15/20,IN,A+,4910,4660,22,250,20704,20704,2628,321,3900,729,1686692,13628,,,,,224,251597,,6710,0,,,,,233727,146886,,0,3536082,53337,,,,,1938289,20338,3536082,53337
11/15/20,KS,A+,1256,,0,,4327,4327,811,0,1184,211,591280,0,,,,348,74,115507,,0,0,,,,,,2960,,0,706787,0,,,,,700505,0,,0
11/15/20,KY,B,1661,1624,3,37,8783,8783,1378,0,2222,308,2081184,0,,,,,167,137586,114044,1449,0,,,,,,24329,,0,2194098,0,90112,87694,,,,0,2194098,0
11/15/20,LA,A,6132,5895,11,237,,,753,0,,,2825083,34596,,,,,58,204513,196924,2532,0,,,,,,176107,,0,3029596,37128,,70720,,,,0,3022007,36835
11/15/20,MA,A+,10329,10098,36,231,13588,13588,737,0,,159,2854649,16064,,,,,70,188275,182544,2133,0,,,11910,,232360,137422,,0,7268466,71371,,,129352,222261,3037193,18140,7268466,71371
11/15/20,MD,A,4302,4153,9,149,18576,18576,938,118,,238,1944536,10457,,138383,,,,165930,165930,1840,0,,,14367,,199077,8374,,0,3859733,28574,,,152750,,2110466,12297,3859733,28574
11/15/20,ME,A+,165,164,2,1,574,574,67,2,,23,725771,0,12044,,723519,,7,8944,8006,153,0,373,57,,,9566,6681,,0,734715,153,12429,366,,,,0,733519,0
11/15/20,MI,A+,8376,7994,0,382,,,3241,0,,660,5416792,0,,,5416792,,272,275792,251813,0,0,,,,,329421,138862,,0,5692584,0,346627,,,,,0,5746213,0
11/15/20,MN,A,2905,2861,31,44,13074,13074,1424,159,3176,293,1927701,24650,,,,,,223581,220960,7553,0,,,,,,172873,3364535,62036,3364535,62036,,57147,,,2148661,32028,,0
11/15/20,MO,A+,3374,,1,,,,2462,0,,536,1430022,4714,83367,71709,2512471,,275,239451,239451,3729,0,6566,11943,3618,,267624,,,0,2785399,16314,90135,80370,85895,50415,1669473,8443,2785399,16314
11/15/20,MP,D,2,2,0,,4,4,,0,,,16467,0,,,,,,100,100,0,0,,,,,,29,,0,16567,0,,,,,16567,0,23472,0
11/15/20,MS,A+,3543,3137,3,406,6914,6914,756,0,,185,873863,0,,,,,96,134309,112266,969,0,95,,,,,111430,,0,1008172,969,47023,123242,,,,0,982396,0
11/15/20,MT,B,520,,6,,2047,2047,435,5,,,525403,1595,,,,,,47158,47158,1272,0,,,,,,27472,,0,572561,2867,,,,,,0,572561,2867
11/15/20,NC,A+,4806,4696,50,110,,,1395,0,,352,4320374,37967,,,,,,312235,297184,3117,0,,,,,,261719,,0,4632609,41084,,66867,,,,0,4617558,40823
11/15/20,ND,B,742,,10,,2178,2178,400,25,368,38,259864,508,10477,,,,,64654,63711,960,0,781,,,,,51936,962925,7450,962925,7450,11258,,,,323660,1432,1008066,8092
11/15/20,NE,A,779,,4,,3551,3551,889,29,,,564409,3372,,,1017117,,,96834,96834,1912,0,,,,,111754,52511,,0,1130232,12973,,,,,661574,5288,1130232,12973
11/15/20,NH,B,499,,0,,804,804,69,0,266,,370081,2980,,,,,,14671,14671,360,0,,,,,,10866,,0,690359,0,33433,,32647,,384752,3340,690359,0
11/15/20,NJ,A,16566,14765,18,1801,39018,39018,2004,82,,392,5059796,123805,,,,,135,279274,279274,4538,0,,,,,,39489,,0,5339070,128343,,,,,,0,5339070,128343
11/15/20,NM,A,1215,,7,,5570,5570,506,47,,,1308666,11385,,,,,,64201,64201,1030,0,,,,,,25089,,0,1372867,12415,,,,,,0,1372867,12415
11/15/20,NV,A+,1909,,1,,,,1025,0,,243,762340,3508,,,,,120,120183,120183,1177,0,,,,,,,1426082,12629,1426082,12629,,,,,882523,4685,1154583,0
11/15/20,NY,B,26133,,30,,89995,89995,1845,0,,378,16192078,129553,,,,,158,560200,560200,3649,0,,,,,,81788,16752278,133202,16752278,133202,,,,,,0,,0
11/15/20,OH,A+,5722,5373,8,349,22265,22265,3175,189,4204,755,4963930,59158,,,,,368,298096,282550,7853,0,,,,,,202937,,0,5262026,67011,,,,,,0,5246480,66818
11/15/20,OK,A+,1528,,12,,10372,10372,1247,101,,362,1653599,0,,,1653599,,,154128,154128,3923,0,5545,,,,159890,124793,,0,1807727,3923,93221,,,,,0,1816690,0
11/15/20,OR,A+,761,,2,,3628,3628,356,0,,70,901099,5552,,,1610638,,30,56880,52193,862,0,,,,,85850,5870,,0,1696488,13876,,,,,940403,0,1696488,13876
11/15/20,PA,A+,9312,,38,,,,2440,0,,531,2559496,21349,,,,,265,265137,248981,5199,0,,,,,,178070,,0,2824633,26548,,,,,2808477,26170,4647108,0
11/15/20,PR,B,935,725,14,210,,,515,0,,90,305972,0,,,303412,,66,42479,41798,707,0,36226,,,,7002,35472,,0,348451,707,,,,,,0,310546,0
11/15/20,RI,A+,1265,,8,,3857,3857,256,28,,21,440141,2427,,,1294226,,12,43442,43442,679,0,,,,,55296,3172,1349522,13763,1349522,13763,,,,,483583,3106,,0
11/15/20,SC,A+,4112,3846,2,266,11211,11211,752,29,,192,1895082,16956,74800,,1836132,,86,195507,184360,1493,0,10064,20592,,,243310,101388,,0,2090589,18449,84864,160440,,,,0,2079442,18373
11/15/20,SD,A+,644,,23,,3644,3644,553,46,,100,228733,1092,,,,,49,65381,61700,1199,0,,,,,,45377,,0,294114,2291,,,,,294114,2291,518158,5323
11/15/20,TN,A+,3893,3620,16,273,11141,11141,1972,25,,529,3789392,40211,,,3734417,,224,310937,289358,5817,0,,21236,,,344333,270091,,0,4100329,46028,,206697,,,,0,4078750,45396
11/15/20,TX,A,19559,,89,,,,7274,0,,2047,8653950,49000,,,,,,1108402,1020721,7923,0,53738,45833,,,1146144,871784,,0,9674671,55561,528417,549925,,,,0,9674671,55561
11/15/20,UT,A+,718,,8,,6769,6769,502,93,1298,186,1035460,5877,,,1446354,487,,153808,143947,2667,0,,10760,,10401,155439,104317,,0,1601793,13039,,138449,,65328,1179407,8508,1601793,13039
11/15/20,VA,A+,3800,3527,1,273,13504,13504,1284,24,,252,2737283,32765,,,,,120,201960,183454,1161,0,,,,,220239,22252,2920737,33735,2920737,33735,,,,,,0,,0
11/15/20,VI,D,23,23,0,,,,,0,,,24635,0,,,,,,1434,,0,0,,,,,,1370,,0,26069,0,,,,,,0,26110,0
11/15/20,VT,B,59,59,0,,,,20,0,,1,196563,666,,,,,,2971,2899,44,0,,,,,,2023,,0,474928,6894,,,,,199462,707,474928,6894
11/15/20,WA,B,2519,2519,0,,9281,9281,658,15,,156,2621051,24462,,,,,75,138276,134923,2610,0,,,,,,,2748782,26695,2748782,26695,,,,,,0,,0
11/15/20,WI,A+,2751,2637,12,114,14381,14381,2097,155,1665,446,2001239,11919,,,,,,329924,312369,6320,0,,,,,,240075,3865176,42769,3865176,42769,,,,,2313608,17977,,0
11/15/20,WV,B,582,560,8,22,,,365,0,,113,893220,10356,,,,,36,33659,29700,867,0,,,,,,23077,,0,926879,11223,19946,,,,,0,922920,11052
11/15/20,WY,B,144,,0,,580,580,189,0,,,130208,0,,,325126,,,22494,19298,613,0,,,,,22704,12453,,0,347830,1027,,,,,148451,0,347830,1027
11/14/20,AK,A,98,98,2,,543,543,125,1,,,840244,16864,,,834759,,11,22020,,734,0,,,,,27004,7162,,0,862264,17598,,,,,,0,862264,17598
11/14/20,AL,A,3246,2998,15,248,22275,22275,1120,0,2151,,1271260,10660,,,,1244,,215843,181895,2226,0,,,,,,88038,,0,1453155,12280,,,67747,,1453155,12280,,0
11/14/20,AR,A+,2148,1968,0,180,7847,7847,799,30,,291,1367077,0,,,1367077,894,114,130318,116787,0,0,,3300,,15578,,112383,,0,1483864,0,,21856,,92030,,0,1483864,0
11/14/20,AS,D,0,,0,,,,,0,,,1768,0,,,,,,0,0,0,0,,,,,,,,0,1768,0,,,,,,0,1768,0
11/14/20,AZ,A+,6300,5845,43,455,22937,22937,1470,117,,362,1695606,15344,,,,,189,273053,265808,3476,0,,,,,,45036,,0,3235173,34245,330139,,,,1961414,18698,3235173,34245
11/14/20,CA,B,18218,,81,,,,4212,0,,1024,19663219,183221,,,,,,1008377,1008377,9875,0,,,,,,,,0,20671596,193096,,,,,,0,20671596,193096
11/14/20,CO,A,2525,2116,21,409,11056,11056,1325,195,,,1285090,15227,177403,,,,,159234,151115,5196,0,14666,,,,,9528,2485451,41852,2485451,41852,192069,,,,1436205,20319,,0
11/14/20,CT,C,4737,3807,0,930,12257,12257,659,0,,,2618022,0,,,,,,88645,82854,0,0,,,,,,9800,,0,2706667,0,,26512,,,,0,2700876,0
11/14/20,DC,A+,658,,1,,,,113,0,,34,564505,5570,,,,,16,18814,,148,0,,,,,,14160,583319,5718,583319,5718,,,,,274710,1388,,0
11/14/20,DE,A+,736,646,2,90,,,132,0,,23,348969,1762,,,,,,28395,27143,379,0,,,,,29586,14727,616447,7673,616447,7673,,,,,377364,2141,,0
11/14/20,FL,A,17704,,45,,52441,52441,3151,278,,,5691962,27562,539858,524946,8538245,,,862990,811081,4405,0,64112,,62540,,1114105,,10899389,37613,10899389,37613,604369,,587789,,6554952,31967,9700441,35687
11/14/20,GA,A+,8956,8462,51,494,33216,33216,2050,127,6220,,3480942,24897,,,,,,384997,384997,2492,0,32485,,,37908,359580,,,0,3865939,27389,344853,,,,,0,3865939,27389
11/14/20,GU,A,93,,0,,,,76,0,,21,70792,424,,,,,10,5965,5854,41,0,8,111,,,,3942,,0,76757,465,212,884,,,,0,75406,0
11/14/20,HI,B,222,,0,,1194,1194,63,7,,14,295153,0,,,,,1,16652,16412,118,0,,,,,16349,11958,589797,4860,589797,4860,,,,,308090,0,,0
11/14/20,IA,A+,1972,,24,,,,1261,0,,246,816158,4149,,66587,,,107,163728,163728,4093,0,,,4229,17591,,107541,,0,979886,8242,,,70856,110178,981709,8287,,0
11/14/20,ID,A,752,695,3,57,3102,3102,395,41,602,96,356065,2362,,,,,,79798,68350,1519,0,,,,,,34482,,0,424415,3632,,24306,,,424415,3632,580624,5227
11/14/20,IL,A,11088,10670,197,418,,,5415,0,,1018,8423025,103342,,,,,499,562985,447491,11028,0,,,,,,,,0,8986010,114370,,,,,,0,8986010,114370
11/14/20,IN,A+,4888,4638,25,250,20383,20383,2634,295,3869,689,1673064,16559,,,,,227,244887,,8322,0,,,,,228434,146000,,0,3482745,68372,,,,,1917951,24881,3482745,68372
11/14/20,KS,A+,1256,,0,,4327,4327,811,0,1184,211,591280,0,,,,348,74,115507,,0,0,,,,,,2960,,0,706787,0,,,,,700505,0,,0
11/14/20,KY,B,1658,1621,11,37,8783,8783,1378,131,2222,308,2081184,17897,,,,,167,136137,112914,3293,0,,,,,,24329,,0,2194098,20574,90112,87694,,,,0,2194098,20574
11/14/20,LA,A,6121,5885,0,236,,,692,0,,,2790487,0,,,,,62,201981,194685,0,0,,,,,,176107,,0,2992468,0,,67211,,,,0,2985172,0
11/14/20,MA,A+,10293,10065,28,228,13588,13588,705,0,,151,2838585,24951,,,,,71,186142,180468,3047,0,,,11910,,229868,137422,,0,7197095,111066,,,129352,221431,3019053,27792,7197095,111066
11/14/20,MD,A,4293,4144,20,149,18458,18458,921,177,,218,1934079,11546,,138383,,,,164090,164090,2321,0,,,14367,,197046,8362,,0,3831159,37627,,,152750,,2098169,13867,3831159,37627
11/14/20,ME,A+,163,162,1,1,572,572,67,6,,23,725771,0,12044,,723519,,7,8791,7882,152,0,373,57,,,9566,6597,,0,734562,152,12429,366,,,,0,733519,0
11/14/20,MI,A+,8376,7994,68,382,,,3241,0,,660,5416792,62002,,,5416792,,272,275792,251813,7430,0,,,,,329421,138862,,0,5692584,69432,346627,,,,,0,5746213,72021
11/14/20,MN,A,2874,2836,35,38,12915,12915,1424,271,3155,293,1903051,14877,,,,,,216028,213582,8689,0,,,,,,167234,3302499,50948,3302499,50948,,53893,,,2116633,23371,,0
11/14/20,MO,A+,3373,,14,,,,2447,0,,507,1425308,6937,83123,71709,2500103,,272,235722,235722,6346,0,6476,11554,3618,,263711,,,0,2769085,26153,89801,78308,85602,49432,1661030,13283,2769085,26153
11/14/20,MP,D,2,2,0,,4,4,,0,,,16467,0,,,,,,100,100,0,0,,,,,,29,,0,16567,0,,,,,16567,0,23472,0
11/14/20,MS,A+,3540,3134,21,406,6914,6914,778,0,,185,873863,0,,,,,96,133340,111720,1370,0,95,,,,,111430,,0,1007203,1370,47023,123242,,,,0,982396,0
11/14/20,MT,B,514,,37,,2042,2042,435,486,,,523808,1508,,,,,,45886,45886,1642,0,,,,,,27472,,0,569694,3150,,,,,,0,569694,3150
11/14/20,NC,A+,4756,4651,36,105,,,1425,0,,347,4282407,50873,,,,,,309118,294328,3885,0,,,,,,261719,,0,4591525,54758,,65269,,,,0,4576735,54399
11/14/20,ND,B,732,,19,,2153,2153,425,33,367,47,259356,1220,10473,,,,,63694,62780,2329,0,777,,,,,50835,955475,13350,955475,13350,11250,,,,322228,3486,999974,14701
11/14/20,NE,A,775,,19,,3522,3522,918,62,,,561037,2931,,,1006218,,,94922,94922,2369,0,,,,,109695,51928,,0,1117259,14882,,,,,656286,5301,1117259,14882
11/14/20,NH,B,499,,1,,804,804,68,-7,266,,367101,2725,,,,,,14311,14311,382,0,,,,,,10842,,0,690359,0,33433,,32612,,381412,3107,690359,0
11/14/20,NJ,A,16548,14747,26,1801,38936,38936,2000,70,,370,4935991,37143,,,,,134,274736,274736,4353,0,,,,,,39253,,0,5210727,41496,,,,,,0,5210727,41496
11/14/20,NM,A,1208,,10,,5523,5523,480,51,,,1297281,11093,,,,,,63171,63171,1165,0,,,,,,24788,,0,1360452,12258,,,,,,0,1360452,12258
11/14/20,NV,A+,1908,,15,,,,1025,0,,243,758832,4564,,,,,120,119006,119006,2269,0,,,,,,,1413453,25167,1413453,25167,,,,,877838,6833,1154583,0
11/14/20,NY,B,26103,,24,,89995,89995,1788,0,,367,16062525,178774,,,,,146,556551,556551,5388,0,,,,,,81585,16619076,184162,16619076,184162,,,,,,0,,0
11/14/20,OH,A+,5714,5367,14,347,22076,22076,3104,220,4187,767,4904772,54519,,,,,356,290243,274890,7715,0,,,,,,200715,,0,5195015,62234,,,,,,0,5179662,62071
11/14/20,OK,A+,1516,,23,,10271,10271,1247,165,,362,1653599,9934,,,1653599,,,150205,150205,2847,0,5545,,,,159890,123333,,0,1803804,12781,93221,,,,,0,1816690,12980
11/14/20,OR,A+,759,,6,,3628,3628,356,0,,70,895547,7337,,,1597704,,30,56018,52193,1081,0,,,,,84908,5870,,0,1682612,20150,,,,,940403,0,1682612,20150
11/14/20,PA,A+,9274,,50,,,,2374,0,,518,2538147,14163,,,,,248,259938,244160,5551,0,,,,,,178070,,0,2798085,19714,,,,,2782307,19167,4647108,0
11/14/20,PR,B,921,711,7,210,,,539,0,,79,305972,0,,,303412,,62,41772,41174,653,0,35733,,,,7002,35074,,0,347744,653,,,,,,0,310546,0
11/14/20,RI,A+,1257,,3,,3829,3829,258,73,,23,437714,2313,,,1281215,,15,42763,42763,1234,0,,,,,54544,3147,1335759,20376,1335759,20376,,,,,480477,3547,,0
11/14/20,SC,A+,4110,3844,9,266,11182,11182,781,35,,183,1878126,39233,74614,,1819465,,93,194014,182943,1913,0,9988,20442,,,241604,100742,,0,2072140,41146,84602,158740,,,,0,2061069,40933
11/14/20,SD,A+,621,,53,,3598,3598,549,58,,92,227641,1307,,,,,45,64182,60600,1855,0,,,,,,44814,,0,291823,3162,,,,,291823,3162,512835,7111
11/14/20,TN,A+,3877,3604,25,273,11116,11116,2083,61,,533,3749181,30190,,,3694637,,225,305120,284173,4662,0,,20580,,,338717,268368,,0,4054301,34852,,195742,,,,0,4033354,34246
11/14/20,TX,A,19470,,150,,,,7151,0,,1976,8604950,87551,,,,,,1100479,1014160,11401,0,52886,45359,,,1138098,861205,,0,9619110,96728,523180,546645,,,,0,9619110,96728
11/14/20,UT,A+,710,,9,,6676,6676,507,85,1297,184,1029583,10641,,,1436084,486,,151141,141316,5352,0,,10529,,10176,152670,102514,,0,1588754,21407,,135509,,63351,1170899,14349,1588754,21407
11/14/20,VA,A+,3799,3526,14,273,13480,13480,1312,72,,261,2704518,21985,,,,,121,200799,182484,1537,0,,,,,217693,22192,2887002,22993,2887002,22993,,,,,,0,,0
11/14/20,VI,D,23,23,0,,,,,0,,,24635,558,,,,,,1434,,24,0,,,,,,1370,,0,26069,582,,,,,,0,26110,581
11/14/20,VT,B,59,59,0,,,,21,0,,2,195897,952,,,,,,2927,2858,98,0,,,,,,2000,,0,468034,6525,,,,,198755,1049,468034,6525
11/14/20,WA,B,2519,2519,12,,9266,9266,698,88,,154,2596589,25775,,,,,121,135666,132462,2910,0,,,,,,,2722087,27917,2722087,27917,,,,,,0,,0
11/14/20,WI,A+,2739,2625,56,114,14226,14226,2034,181,1652,435,1989320,13808,,,,,,323604,306311,5581,0,,,,,,235170,3822407,54210,3822407,54210,,,,,2295631,18954,,0
11/14/20,WV,B,574,554,9,20,,,344,0,,104,882864,12210,,,,,34,32792,29004,1153,0,,,,,,23077,,0,915656,13363,19880,,,,,0,911868,13138
11/14/20,WY,B,144,,17,,580,580,202,15,,,130208,0,,,324313,,,21881,18726,540,0,,,,,22490,12247,,0,346803,1121,,,,,148451,0,346803,1121
11/13/20,AK,A,96,96,0,,542,542,113,5,,,823380,-584,,,818384,,8,21286,,584,0,,,,,25793,7161,,0,844666,0,,,,,,0,844666,0
11/13/20,AL,A,3231,2989,18,242,22275,22275,1177,85,2148,,1260600,15365,,,,1243,,213617,180275,2980,0,,,,,,88038,,0,1440875,19285,,,67410,,1440875,19285,,0
11/13/20,AR,A+,2148,1968,4,180,7817,7817,826,102,,292,1367077,12158,,,1367077,891,114,130318,116787,2312,0,,3300,,15578,,112383,,0,1483864,13717,,21856,,92030,,0,1483864,13717
11/13/20,AS,D,0,,0,,,,,0,,,1768,0,,,,,,0,0,0,0,,,,,,,,0,1768,0,,,,,,0,1768,0
11/13/20,AZ,A+,6257,5806,17,451,22820,22820,1381,244,,335,1680262,16284,,,,,176,269577,262454,3015,0,,,,,,44675,,0,3200928,38870,328786,,,,1942716,19210,3200928,38870
11/13/20,CA,B,18137,,29,,,,4138,0,,1031,19479998,129535,,,,,,998502,998502,6893,0,,,,,,,,0,20478500,136428,,,,,,0,20478500,136428
11/13/20,CO,A,2504,2096,36,408,10861,10861,1315,264,,,1269863,17213,176656,,,,,154038,146023,6439,0,14549,,,,,9352,2443599,51797,2443599,51797,191205,,,,1415886,26752,,0
11/13/20,CT,C,4737,3807,11,930,12257,12257,659,0,,,2618022,40440,,,,,,88645,82854,2746,0,,,,,,9800,,0,2706667,43186,,26512,,,,0,2700876,43078
11/13/20,DC,A+,657,,0,,,,115,0,,34,558935,5912,,,,,19,18666,,159,0,,,,,,14160,577601,6071,577601,6071,,,,,273322,1381,,0
11/13/20,DE,A+,734,644,2,90,,,130,0,,22,347207,2519,,,,,,28016,26778,470,0,,,,,29166,14571,608774,4127,608774,4127,,,,,375223,2989,,0
11/13/20,FL,A,17659,,74,,52163,52163,3129,271,,,5664400,22512,531822,517552,8508101,,,858585,807971,6760,0,62323,,60854,,1108643,,10861776,78469,10861776,78469,594540,,578706,,6522985,29272,9664754,61456
11/13/20,GA,A+,8905,8418,24,487,33089,33089,2037,142,6211,,3456045,28822,,,,,,382505,382505,2315,0,32185,,,37365,357467,,,0,3838550,31137,343337,,,,,0,3838550,31137
11/13/20,GU,A,93,,2,,,,78,0,,18,70368,769,,,,,11,5924,5813,74,0,8,111,,,,3942,,0,76292,843,212,884,,,,0,75406,823
11/13/20,HI,B,222,,0,,1187,1187,69,9,,16,295153,0,,,,,1,16534,16302,97,0,,,,,16245,11958,584937,4862,584937,4862,,,,,308090,0,,0
11/13/20,IA,A+,1948,,18,,,,1227,0,,240,812009,2856,,66226,,,107,159635,159635,4032,0,,,4194,17031,,106529,,0,971644,6888,,,70460,108344,973422,6898,,0
11/13/20,ID,A,749,692,16,57,3061,3061,395,59,600,96,353703,2457,,,,,,78279,67080,1158,0,,,,,,34104,,0,420783,3337,,24306,,,420783,3337,575397,5063
11/13/20,IL,A,10891,10504,45,387,,,5362,0,,990,8319683,91125,,,,,488,551957,447491,15415,0,,,,,,,,0,8871640,106540,,,,,,0,8871640,106540
11/13/20,IN,A+,4863,4613,50,250,20088,20088,2548,515,3810,664,1656505,11153,,,,,216,236565,,5600,0,,,,,221056,144548,,0,3414373,44275,,,,,1893070,16753,3414373,44275
11/13/20,KS,A+,1256,,41,,4327,4327,811,75,1184,211,591280,0,,,,348,74,115507,,6282,0,,,,,,2960,,0,706787,6282,,,,,700505,0,,0
11/13/20,KY,B,1647,1611,25,36,8652,8652,1358,85,2200,307,2063287,25572,,,,,147,132844,110237,3164,0,,,,,,23872,,0,2173524,28064,89500,86761,,,,0,2173524,28064
11/13/20,LA,A,6121,5885,24,236,,,692,0,,,2790487,30530,,,,,62,201981,194685,3450,0,,,,,,176107,,0,2992468,33980,,67211,,,,0,2985172,33326
11/13/20,MA,A+,10265,10038,23,227,13588,13588,687,0,,153,2813634,19212,,,,,71,183095,177627,2906,0,,,11910,,226622,137422,,0,7086029,81305,,,129352,218466,2991261,21886,7086029,81305
11/13/20,MD,A,4273,4124,12,149,18281,18281,914,142,,208,1922533,10448,,138383,,,,161769,161769,1869,0,,,14367,,194537,8343,,0,3793532,32019,,,152750,,2084302,12317,3793532,32019
11/13/20,ME,A+,162,161,3,1,566,566,66,13,,18,725771,8606,12044,,723519,,6,8639,7748,244,0,373,57,,,9566,6428,,0,734410,8850,12429,366,,,,0,733519,8837
11/13/20,MI,A+,8308,7929,123,379,,,3241,0,,660,5354790,64181,,,5354790,,272,268362,244741,9179,0,,,,,319402,128981,,0,5623152,73360,344502,,,,,0,5674192,74496
11/13/20,MN,A,2839,2802,46,37,12644,12644,1424,201,3119,293,1888174,19255,,,,,,207339,205088,5544,0,,,,,,161756,3251551,48226,3251551,48226,,52885,,,2093262,24586,,0
11/13/20,MO,A+,3359,,20,,,,2328,0,,512,1418371,4178,82730,71709,2480694,,264,229376,229376,4005,0,6355,11101,3618,,257036,,,0,2742932,15996,89287,71928,85184,48068,1647747,8183,2742932,15996
11/13/20,MP,D,2,2,0,,4,4,,0,,,16467,0,,,,,,100,100,0,0,,,,,,29,,0,16567,0,,,,,16567,0,23472,0
11/13/20,MS,A+,3519,3122,5,397,6914,6914,767,0,,194,873863,0,,,,,92,131970,110930,1305,0,95,,,,,111430,,0,1005833,1305,47023,123242,,,,0,982396,0
11/13/20,MT,B,477,,5,,1556,1556,492,15,,,522300,7380,,,,,,44244,44244,1213,0,,,,,,25389,,0,566544,8593,,,,,,0,566544,8593
11/13/20,NC,A+,4720,4619,14,101,,,1423,0,,352,4231534,34214,,,,,,305233,290802,1779,0,,,,,,261719,,0,4536767,35993,,61929,,,,0,4522336,35812
11/13/20,ND,B,713,,10,,2120,2120,421,38,364,50,258136,915,10387,,,,,61365,60511,1490,0,749,,,,,49409,942125,11144,942125,11144,11136,,,,318742,2349,985273,11942
11/13/20,NE,A,756,,25,,3460,3460,905,-21,,,558106,3197,,,993920,,,92553,92553,2611,0,,,,,107120,51017,,0,1102377,16585,,,,,650985,5812,1102377,16585
11/13/20,NH,B,498,,3,,811,811,69,7,266,,364376,2798,,,,,,13929,13929,459,0,,,,,,10688,,0,690359,0,33433,,32562,,378305,3257,690359,0
11/13/20,NJ,A,16522,14721,27,1801,38866,38866,1909,105,,359,4898848,41236,,,,,129,270383,270383,3397,0,,,,,,39052,,0,5169231,44633,,,,,,0,5169231,44633
11/13/20,NM,A,1198,,22,,5472,5472,455,64,,,1286188,16561,,,,,,62006,62006,1230,0,,,,,,24449,,0,1348194,17791,,,,,,0,1348194,17791
11/13/20,NV,A+,1893,,13,,,,985,0,,247,754268,3785,,,,,119,116737,116737,1857,0,,,,,,,1388286,12617,1388286,12617,,,,,871005,5642,1154583,0
11/13/20,NY,B,26079,,24,,89995,89995,1737,0,,331,15883751,198320,,,,,137,551163,551163,5401,0,,,,,,81390,16434914,203721,16434914,203721,,,,,,0,,0
11/13/20,OH,A+,5700,5354,42,346,21856,21856,2981,298,4164,735,4850253,58213,,,,,347,282528,267338,8071,0,,,,,,197674,,0,5132781,66284,,,,,,0,5117591,66052
11/13/20,OK,A+,1493,,12,,10106,10106,1279,76,,350,1643665,37862,,,1643665,,,147358,147358,2667,0,5545,,,,156722,121774,,0,1791023,40529,93221,,,,,0,1803710,43965
11/13/20,OR,A+,753,,7,,3628,3628,356,44,,70,888210,6212,,,1579019,,30,54937,52193,1058,0,,,,,83443,5870,,0,1662462,20470,,,,,940403,7229,1662462,20470
11/13/20,PA,A+,9224,,30,,,,2314,0,,480,2523984,17335,,,,,226,254387,239156,5531,0,,,,,,178070,,0,2778371,22866,,,,,2763140,22366,4647108,55996
11/13/20,PR,B,914,704,5,210,,,559,0,,77,305972,0,,,303412,,59,41119,40574,667,0,35416,,,,7002,35284,,0,347091,667,,,,,,0,310546,0
11/13/20,RI,A+,1254,,4,,3756,3756,250,55,,27,435401,1751,,,1262119,,14,41529,41529,765,0,,,,,53264,3086,1315383,14097,1315383,14097,,,,,476930,2516,,0
11/13/20,SC,A+,4101,3835,17,266,11147,11147,775,63,,188,1838893,8438,74215,,1781234,,89,192101,181243,1611,0,9783,19980,,,238902,100074,,0,2030994,10049,83998,151564,,,,0,2020136,9849
11/13/20,SD,A+,568,,1,,3540,3540,556,85,,102,226334,962,,,,,48,62327,58920,1611,0,,,,,,43132,,0,288661,2573,,,,,288661,2573,505724,6584
11/13/20,TN,A+,3852,3583,64,269,11055,11055,2019,105,,527,3718991,19738,,,3664854,,218,300458,280117,3733,0,,19937,,,334254,265459,,0,4019449,23471,,189458,,,,0,3999108,22774
11/13/20,TX,A,19320,,173,,,,7083,0,,1959,8517399,83064,,,,,,1089078,1004983,13424,0,52329,44453,,,1126150,850648,,0,9522382,94206,519740,536610,,,,0,9522382,94206
11/13/20,UT,A+,701,,14,,6591,6591,492,104,1294,184,1018942,6865,,,1418600,485,,145789,137608,2150,0,,10054,,9716,148747,100892,,0,1567347,15697,,128895,,60156,1156550,9804,1567347,15697
11/13/20,VA,A+,3785,3513,27,272,13408,13408,1296,69,,258,2682533,9359,,,,,115,199262,181476,1235,0,,,,,215909,22095,2864009,10212,2864009,10212,,,,,,0,,0
11/13/20,VI,D,23,23,0,,,,,0,,,24077,0,,,,,,1410,,0,0,,,,,,1357,,0,25487,0,,,,,,0,25529,0
11/13/20,VT,B,59,59,0,,,,24,0,,3,194945,924,,,,,,2829,2761,102,0,,,,,,1977,,0,461509,5461,,,,,197706,1017,461509,5461
11/13/20,WA,B,2507,2507,25,,9178,9178,653,86,,147,2570814,46400,,,,,76,132756,129688,2163,0,,,,,,,2694170,49745,2694170,49745,,,,,,0,,0
11/13/20,WI,A+,2683,2573,62,110,14045,14045,2045,274,1637,435,1975512,10713,,,,,,318023,301165,8451,0,,,,,,229469,3768197,39614,3768197,39614,,,,,2276677,18510,,0
11/13/20,WV,B,565,545,10,20,,,339,0,,104,870654,13252,,,,,34,31639,28076,742,0,,,,,,22543,,0,902293,13994,19846,,,,,0,898730,13841
11/13/20,WY,B,127,,0,,565,565,195,7,,,130208,1400,,,323424,,,21341,18243,862,0,,,,,22258,12082,,0,345682,4629,,,,,148451,2201,345682,4629
11/12/20,AK,A,96,96,0,,537,537,113,9,,,823964,9595,,,818384,,8,20702,,481,0,,,,,25793,7161,,0,844666,10076,,,,,,0,844666,10076
11/12/20,AL,A,3213,2970,12,243,22190,22190,1233,304,2144,,1245235,0,,,,1240,,210637,178013,2000,0,,,,,,88038,,0,1421590,0,,,67066,,1421590,0,,0
11/12/20,AR,A+,2144,1964,18,180,7715,7715,805,80,,295,1354919,11868,,,1354919,887,116,128006,115228,1809,0,,3300,,14698,,111357,,0,1470147,13153,,21856,,87860,,0,1470147,13153
11/12/20,AS,D,0,,0,,,,,0,,,1768,0,,,,,,0,0,0,0,,,,,,,,0,1768,0,,,,,,0,1768,0
11/12/20,AZ,A+,6240,5793,12,447,22576,22576,1368,82,,331,1663978,13906,,,,,180,266562,259528,1399,0,,,,,,44363,,0,3162058,28355,327834,,,,1923506,15197,3162058,28355
11/12/20,CA,B,18108,,38,,,,4002,0,,1010,19350463,113052,,,,,,991609,991609,6927,0,,,,,,,,0,20342072,119979,,,,,,0,20342072,119979
11/12/20,CO,A,2468,2060,25,408,10597,10597,1322,59,,,1252650,0,175579,,,,,147599,139741,5197,0,14341,,,,,9148,2391802,44534,2391802,44534,189920,,,,1389134,1866,,0
11/12/20,CT,C,4726,3798,10,928,12257,12257,617,0,,,2577582,23118,,,,,,85899,80216,1158,0,,,,,,9800,,0,2663481,24276,,26512,,,,0,2657798,24001
11/12/20,DC,A+,657,,0,,,,109,0,,33,553023,4330,,,,,8,18507,,128,0,,,,,,14103,571530,4458,571530,4458,,,,,271941,1356,,0
11/12/20,DE,A+,732,642,8,90,,,126,0,,22,344688,1405,,,,,,27546,26320,204,0,,,,,28976,14487,604647,1319,604647,1319,,,,,372234,1609,,0
11/12/20,FL,A,17585,,73,,51892,51892,3062,161,,,5641888,21228,531822,517552,8455602,,,851825,803220,5504,0,62323,,60854,,1099871,,10783307,69004,10783307,69004,594540,,578706,,6493713,26732,9603298,52534
11/12/20,GA,A+,8881,8403,75,478,32947,32947,2045,141,6191,,3427223,18871,,,,,,380190,380190,2496,0,31909,,,36686,355154,,,0,3807413,21367,341681,,,,,0,3807413,21367
11/12/20,GU,A,91,,0,,,,83,0,,17,69599,805,,,,,11,5850,5740,95,0,8,110,,,,3865,,0,75449,900,212,864,,,,0,74583,1544
11/12/20,HI,B,222,,0,,1178,1178,73,0,,16,295153,0,,,,,1,16437,16205,117,0,,,,,16150,11958,580075,5223,580075,5223,,,,,308090,0,,0
11/12/20,IA,A+,1930,,31,,,,1208,0,,215,809153,2753,,66057,,,101,155603,155603,3650,0,,,4157,15636,,105384,,0,964756,6403,,,70254,103440,966524,6385,,0
11/12/20,ID,A,733,676,19,57,3002,3002,361,40,598,94,351246,2283,,,,,,77121,66200,1693,0,,,,,,33715,,0,417446,3608,,17332,,,417446,3608,570334,4663
11/12/20,IL,A,10846,10477,48,369,,,5258,0,,956,8228558,87915,,,,,438,536542,447491,12702,0,,,,,,,,0,8765100,100617,,,,,,0,8765100,100617
11/12/20,IN,A+,4813,4563,51,250,19573,19573,2569,289,3758,671,1645352,16026,,,,,220,230965,,6591,0,,,,,216436,142017,,0,3370098,62253,,,,,1876317,22617,3370098,62253
11/12/20,KS,A+,1215,,0,,4252,4252,810,0,1167,210,591280,-3142,,,,347,80,109225,,0,0,,,,,,2913,,0,700505,-3142,,,,,700505,-3142,,0
11/12/20,KY,B,1622,1589,18,33,8567,8567,1311,164,2187,299,2037715,36005,,,,,163,129680,107745,2336,0,,,,,,23629,,0,2145460,39901,89262,85130,,,,0,2145460,39901
11/12/20,LA,A,6097,5863,39,234,,,676,0,,,2759957,29736,,,,,59,198531,191889,3829,0,,,,,,176107,,0,2958488,33565,,,,,,0,2951846,31943
11/12/20,MA,A+,10242,10015,20,227,13588,13588,661,215,,151,2794422,19249,,,,,68,180189,174953,2648,0,,,11842,,223573,137422,,0,7004724,98075,,,128053,213220,2969375,21731,7004724,98075
11/12/20,MD,A,4261,4112,12,149,18139,18139,863,127,,199,1912085,9672,,138383,,,,159900,159900,1477,0,,,14367,,192393,8323,,0,3761513,31598,,,152750,,2071985,11149,3761513,31598
11/12/20,ME,A+,159,158,1,1,553,553,62,8,,16,717165,20794,12030,,714890,,6,8395,7517,193,0,372,58,,,9364,6292,,0,725560,20987,12414,296,,,,0,724682,21138
11/12/20,MI,A+,8185,7811,49,374,,,3209,0,,628,5290609,60005,,,5290609,,253,259183,236225,7311,0,,,,,309087,128981,,0,5549792,67316,343088,,,,,0,5599696,68512
11/12/20,MN,A,2793,2756,39,37,12443,12443,1329,292,3086,278,1868919,18173,,,,,,201795,199757,7225,0,,,,,,159467,3203325,53217,3203325,53217,,50555,,,2068676,25020,,0
11/12/20,MO,A+,3339,,16,,,,2248,0,,518,1414193,7042,82623,71709,2468905,,248,225371,225371,4603,0,6296,10518,3618,,252857,,,0,2726936,21731,89120,67779,85034,46276,1639564,11645,2726936,21731
11/12/20,MP,D,2,2,0,,4,4,,0,,,16467,0,,,,,,100,100,0,0,,,,,,29,,0,16567,0,,,,,16567,0,23472,0
11/12/20,MS,A+,3514,3118,17,396,6914,6914,774,0,,194,873863,0,,,,,86,130665,110244,1271,0,95,,,,,111430,,0,1004528,1271,47023,123242,,,,0,982396,0
11/12/20,MT,B,472,,0,,1541,1541,499,11,,,514920,9262,,,,,,43031,43031,961,0,,,,,,24804,,0,557951,10223,,,,,,0,557951,10223
11/12/20,NC,A+,4706,4606,8,100,,,1279,0,,325,4197320,37593,,,,,,303454,289204,2893,0,,,,,,261719,,0,4500774,40486,,59388,,,,0,4486524,40273
11/12/20,ND,B,703,,12,,2082,2082,399,115,361,53,257221,987,10387,,,,,59875,59079,1835,0,749,,,,,48055,930981,13030,930981,13030,11136,,,,316393,2787,973331,14490
11/12/20,NE,A,731,,1,,3481,3481,885,115,,,554909,3180,,,980211,,,89942,89942,2209,0,,,,,104283,50148,,0,1085792,14087,,,,,645173,5385,1085792,14087
11/12/20,NH,B,495,,3,,804,804,69,4,266,,361578,3896,,,,,,13470,13470,322,0,,,,,,10447,,0,690359,16372,33433,,32523,,375048,4447,690359,16372
11/12/20,NJ,A,16495,14694,19,1801,38761,38761,1827,161,,360,4857612,36314,,,,,117,266986,266986,3491,0,,,,,,38809,,0,5124598,39805,,,,,,0,5124598,39805
11/12/20,NM,A,1176,,18,,5408,5408,471,52,,,1269627,11413,,,,,,60776,60776,1742,0,,,,,,24291,,0,1330403,13155,,,,,,0,1330403,13155
11/12/20,NV,A+,1880,,3,,,,941,0,,229,750483,4575,,,,,115,114880,114880,1469,0,,,,,,,1375669,12785,1375669,12785,,,,,865363,6044,1154583,0
11/12/20,NY,B,26055,,29,,89995,89995,1677,0,,308,15685431,157830,,,,,136,545762,545762,4797,0,,,,,,81198,16231193,162627,16231193,162627,,,,,,0,,0
11/12/20,OH,A+,5658,5316,35,342,21558,21558,3024,268,4143,756,4792040,49613,,,,,332,274457,259499,7101,0,,,,,,194846,,0,5066497,56714,,,,,,0,5051539,56602
11/12/20,OK,A+,1481,,11,,10030,10030,1248,162,,340,1605803,0,,,1605803,,,144691,144691,2357,0,5285,,,,151156,120426,,0,1750494,2357,91240,,,,,0,1759745,0
11/12/20,OR,A+,746,,4,,3584,3584,342,31,,71,881998,6425,,,1559879,,27,53879,51176,1109,0,,,,,82113,5870,,0,1641992,16325,,,,,933174,7476,1641992,16325
11/12/20,PA,A+,9194,,49,,,,2196,0,,438,2506649,17888,,,,,207,248856,234125,5488,0,,,,,,176687,,0,2755505,23376,,,,,2740774,22731,4591112,55569
11/12/20,PR,B,909,700,8,209,,,566,0,,76,305972,0,,,303412,,59,40452,39968,1332,0,35210,,,,7002,34679,,0,346424,1332,,,,,,0,310546,0
11/12/20,RI,A+,1250,,7,,3701,3701,232,45,,28,433650,2142,,,1248876,,17,40764,40764,988,0,,,,,52410,3052,1301286,20141,1301286,20141,,,,,474414,3130,,0
11/12/20,SC,A+,4084,3817,8,267,11084,11084,810,60,,196,1830455,18741,74045,,1772990,,91,190490,179832,1495,0,9731,19620,,,237297,99368,,0,2020945,20236,83776,149728,,,,0,2010287,20049
11/12/20,SD,A+,567,,0,,3455,3455,551,66,,97,225372,948,,,,,49,60716,57438,2020,0,,,,,,41427,,0,286088,2968,,,,,286088,2968,499140,6869
11/12/20,TN,A+,3788,3531,27,257,10950,10950,1973,55,,528,3699253,18611,,,3645425,,224,296725,277081,3344,0,,19188,,,330909,262527,,0,3995978,21955,,181346,,,,0,3976334,21184
11/12/20,TX,A,19147,,143,,,,6925,0,,1879,8434335,88357,,,,,,1075654,993841,10589,0,51772,43455,,,1115259,838950,,0,9428176,96818,515698,523543,,,,0,9428176,96818
11/12/20,UT,A+,687,,9,,6487,6487,484,92,1277,191,1012077,7784,,,1406001,480,,143639,134669,3919,0,,9674,,9344,145649,98897,,0,1551650,16670,,124502,,57803,1146746,10802,1551650,16670
11/12/20,VA,A+,3758,3490,17,268,13339,13339,1313,66,,246,2673174,11053,,,,,110,198027,180623,1521,0,,,,,214915,22002,2853797,11990,2853797,11990,,,,,,0,,0
11/12/20,VI,D,23,23,0,,,,,0,,,24077,0,,,,,,1410,,0,0,,,,,,1357,,0,25487,0,,,,,,0,25529,0
11/12/20,VT,B,59,59,0,,,,22,0,,5,194021,1231,,,,,,2727,2668,125,0,,,,,,1958,,0,456048,6242,,,,,196689,1350,456048,6242
11/12/20,WA,B,2482,2482,0,,9092,9092,628,0,,115,2524414,0,,,,,58,130593,127648,2384,0,,,,,,,2644425,0,2644425,0,,,,,,0,,0
11/12/20,WI,A+,2621,2515,67,106,13771,13771,2077,264,1625,424,1964799,14931,,,,,,309572,293388,8223,0,,,,,,223937,3728583,49459,3728583,49459,,,,,2258167,22408,,0
11/12/20,WV,B,555,535,2,20,,,306,0,,93,857402,12486,,,,,34,30897,27487,696,0,,,,,,22115,,0,888299,13182,19767,,,,,0,884889,13022
11/12/20,WY,B,127,,0,,558,558,192,13,,,128808,1569,,,319496,,,20479,17442,1105,0,,,,,21557,11585,,0,341053,6252,,,,,146250,2493,341053,6252
11/11/20,AK,A,96,96,4,,528,528,117,8,,,814369,5963,,,809341,,7,20221,,487,0,,,,,24766,7160,,0,834590,6450,,,,,,0,834590,6450
11/11/20,AL,A,3201,2958,81,243,21886,21886,1210,0,2142,,1245235,14083,,,,1239,,208637,176355,2070,0,,,,,,84471,,0,1421590,15451,,,66749,,1421590,15451,,0
11/11/20,AR,A+,2126,1947,14,179,7635,7635,801,56,,304,1343051,11043,,,1343051,882,116,126197,113943,1962,0,,3300,,14095,,110365,,0,1456994,12250,,21856,,85009,,0,1456994,12250
11/11/20,AS,D,0,,0,,,,,0,,,1768,0,,,,,,0,0,0,0,,,,,,,,0,1768,0,,,,,,0,1768,0
11/11/20,AZ,A+,6228,5786,36,442,22494,22494,1360,66,,309,1650072,7775,,,,,156,265163,258237,2030,0,,,,,,43990,,0,3133703,38838,326811,,,,1908309,9695,3133703,38838
11/11/20,CA,B,18070,,69,,,,3987,0,,1006,19237411,119988,,,,,,984682,984682,7464,0,,,,,,,,0,20222093,127452,,,,,,0,20222093,127452
11/11/20,CO,A,2443,2039,16,404,10538,10538,1304,275,,,1252650,16291,175579,,,,,142402,134618,3975,0,14341,,,,,8980,2347268,40486,2347268,40486,189920,,,,1387268,20241,,0
11/11/20,CT,C,4716,3791,9,925,12257,12257,584,0,,,2554464,35189,,,,,,84741,79333,1754,0,,,,,,9800,,0,2639205,36943,,26512,,,,0,2633797,36814
11/11/20,DC,A+,657,,0,,,,112,0,,30,548693,5033,,,,,17,18379,,206,0,,,,,,14036,567072,5239,567072,5239,,,,,270585,1747,,0
11/11/20,DE,A+,724,637,2,87,,,126,0,,25,343283,1264,,,,,,27342,26121,230,0,,,,,28875,14380,603328,4285,603328,4285,,,,,370625,1494,,0
11/11/20,FL,A,17512,,52,,51731,51731,3056,252,,,5620660,27071,531822,517552,8409994,,,846321,799004,5669,0,62323,,60854,,1093112,,10714303,67377,10714303,67377,594540,,578706,,6466981,32740,9550764,57657
11/11/20,GA,A+,8806,8333,76,473,32806,32806,2002,175,6171,,3408352,11882,,,,,,377694,377694,1640,0,31711,,,36200,353053,,,0,3786046,13522,340578,,,,,0,3786046,13522
11/11/20,GU,A+,91,,0,,,,80,0,,20,68794,589,,,,,11,5755,5653,101,0,7,102,,,,3667,,0,74549,690,210,818,,,,0,73039,0
11/11/20,HI,B,222,,1,,1178,1178,77,31,,16,295153,0,,,,,1,16320,16088,78,0,,,,,16028,11958,574852,4844,574852,4844,,,,,308090,0,,0
11/11/20,IA,A+,1899,,25,,,,1190,0,,210,806400,3865,,65712,,,101,151953,151953,4297,0,,,4110,14888,,104226,,0,958353,8162,,,69862,101190,960139,8154,,0
11/11/20,ID,A,714,660,16,54,2962,2962,288,36,593,72,348963,2379,,,,,,75428,64875,1201,0,,,,,,33330,,0,413838,3343,,17332,,,413838,3343,565671,4732
11/11/20,IL,A,10798,10434,153,364,,,5042,0,,951,8140643,80807,,,,,404,523840,447491,12657,0,,,,,,,,0,8664483,93464,,,,,,0,8664483,93464
11/11/20,IN,A+,4762,4512,31,250,19284,19284,2544,261,3703,649,1629326,11034,,,,,196,224374,,5036,0,,,,,211162,139444,,0,3307845,38192,,,,,1853700,16070,3307845,38192
11/11/20,KS,A+,1215,,34,,4252,4252,810,114,1167,210,594422,7993,,,,347,80,109225,,5672,0,,,,,,2913,,0,703647,13665,,,,,703647,13665,,0
11/11/20,KY,B,1604,1574,14,30,8403,8403,1189,0,2146,286,2001710,0,,,,,,127344,105907,2698,0,,,,,,23165,,0,2105559,0,87849,76184,,,,0,2105559,0
11/11/20,LA,A,6058,5829,0,229,,,684,0,,,2730221,0,,,,,66,194702,189682,0,0,,,,,,172210,,0,2924923,0,,,,,,0,2919903,0
11/11/20,MA,A+,10222,9994,38,228,13373,13373,659,0,,152,2775173,17957,,,,,72,177541,172471,2660,0,,,11842,,220852,131646,,0,6906649,80321,,,128053,210771,2947644,20452,6906649,80321
11/11/20,MD,A,4249,4100,16,149,18012,18012,805,98,,193,1902413,11275,,138383,,,,158423,158423,1714,0,,,14367,,190702,8313,,0,3729915,27257,,,152750,,2060836,12989,3729915,27257
11/11/20,ME,A+,158,157,2,1,545,545,49,7,,14,696371,0,11908,,694310,,5,8202,7300,142,0,372,31,,,8827,6226,,0,704573,142,12292,221,,,,0,703544,0
11/11/20,MI,A+,8136,7766,42,370,,,3093,0,,604,5230604,48231,,,5230604,,263,251872,229285,6620,0,,,,,300580,128981,,0,5482476,54851,341946,,,,,0,5531184,56015
11/11/20,MN,A,2754,2720,56,34,12151,12151,1299,218,3032,282,1850746,6542,,,,,,194570,192910,4889,0,,,,,,157164,3150108,14112,3150108,14112,,44734,,,2043656,11338,,0
11/11/20,MO,A+,3323,,24,,,,2157,0,,486,1407151,24678,82353,71709,2452034,,257,220768,220768,4071,0,6208,10151,3618,,248056,,,0,2705205,59784,88762,65144,84721,45359,1627919,28749,2705205,59784
11/11/20,MP,D,2,2,0,,4,4,,0,,,16467,0,,,,,,100,100,0,0,,,,,,29,,0,16567,0,,,,,16567,0,23472,0
11/11/20,MS,A+,3497,3108,17,389,6914,6914,756,0,,191,873863,0,,,,,78,129394,109679,1256,0,95,,,,,111430,,0,1003257,1256,47023,123242,,,,0,982396,0
11/11/20,MT,B,472,,10,,1530,1530,500,20,,,505658,2243,,,,,,42070,42070,919,0,,,,,,24594,,0,547728,3162,,,,,,0,547728,3162
11/11/20,NC,A+,4698,4598,38,100,,,1246,0,,301,4159727,27257,,,,,,300561,286524,3119,0,,,,,,261719,,0,4460288,30376,,55930,,,,0,4446251,29886
11/11/20,ND,B,691,,42,,1967,1967,411,61,351,51,256234,694,10387,,,,,58040,57285,1096,0,749,,,,,45031,917951,10579,917951,10579,11136,,,,313606,2608,958841,6140
11/11/20,NE,A,730,,20,,3366,3366,860,45,,,551729,3564,,,968534,,,87733,87733,2182,0,,,,,101873,49761,,0,1071705,22627,,,,,639788,5748,1071705,22627
11/11/20,NH,B,492,,3,,800,800,69,4,263,,357682,2516,,,,,,13148,13148,229,0,,,,,,10262,,0,673987,0,33352,,32489,,370601,2516,673987,0
11/11/20,NJ,A,16476,14676,15,1800,38600,38600,1801,147,,334,4821298,40664,,,,,104,263495,263495,3065,0,,,,,,38586,,0,5084793,43729,,,,,,0,5084793,47506
11/11/20,NM,A,1158,,14,,5356,5356,481,91,,,1258214,33810,,,,,,59034,59034,1487,0,,,,,,23981,,0,1317248,35297,,,,,,0,1317248,35297
11/11/20,NV,A+,1877,,18,,,,950,0,,233,745908,3678,,,,,107,113411,113411,1107,0,,,,,,,1362884,10138,1362884,10138,,,,,859319,4785,1154583,0
11/11/20,NY,B,26026,,21,,89995,89995,1628,0,,304,15527601,159480,,,,,135,540965,540965,4820,0,,,,,,81020,16068566,164300,16068566,164300,,,,,,0,,0
11/11/20,OH,A+,5623,5285,76,338,21290,21290,2880,253,4122,716,4742427,39680,,,,,328,267356,252510,5874,0,,,,,,191950,,0,5009783,45554,,,,,,0,4994937,44930
11/11/20,OK,A+,1470,,19,,9868,9868,1248,186,,340,1605803,12762,,,1605803,,,142334,142334,2177,0,5285,,,,151156,119144,,0,1748137,14939,91240,,,,,0,1759745,13104
11/11/20,OR,A+,742,,5,,3553,3553,345,42,,77,875573,6266,,,1544831,,27,52770,50125,861,0,,,,,80836,5870,,0,1625667,17661,,,,,925698,7097,1625667,17661
11/11/20,PA,A+,9145,,59,,,,2080,0,,417,2488761,17976,,,,,193,243368,229282,4711,0,,,,,,172791,,0,2732129,22687,,,,,2718043,22108,4535543,47469
11/11/20,PR,B,901,693,12,208,,,556,0,,72,305972,0,,,303412,,58,39120,38799,264,0,34424,,,,7002,34032,,0,345092,264,,,,,,0,310546,0
11/11/20,RI,A+,1243,,6,,3656,3656,220,35,,25,431508,2429,,,1229792,,17,39776,39776,978,0,,,,,51353,3020,1281145,13870,1281145,13870,,,,,471284,3407,,0
11/11/20,SC,A+,4076,3809,14,267,11024,11024,780,58,,198,1811714,10940,73829,,1754669,,97,188995,178524,1257,0,9650,19332,,,235569,98621,,0,2000709,12197,83479,146367,,,,0,1990238,11949
11/11/20,SD,A+,567,,27,,3389,3389,543,112,,92,224424,1059,,,,,50,58696,55705,1362,0,,,,,,40668,,0,283120,2421,,,,,283120,2421,492271,6331
11/11/20,TN,A+,3761,3514,89,247,10895,10895,1904,82,,505,3680642,26587,,,3627092,,229,293381,274508,3632,0,,18425,,,328058,259438,,0,3974023,30219,,171628,,,,0,3955150,29690
11/11/20,TX,A,19004,,141,,,,6779,0,,1879,8345978,98832,,,,,,1065065,985380,13166,0,51717,42308,,,1103208,831800,,0,9331358,110242,514912,512685,,,,0,9331358,110242
11/11/20,UT,A+,678,,6,,6395,6395,466,111,1277,182,1004293,6050,,,1392458,479,,139720,131651,2335,0,,9118,,8800,142522,97269,,0,1534980,12971,,119260,,54679,1135944,7666,1534980,12971
11/11/20,VA,A+,3741,3474,15,267,13273,13273,1265,90,,250,2662121,19894,,,,,106,196506,179686,1594,0,,,,,213917,21863,2841807,21148,2841807,21148,,,,,,0,,0
11/11/20,VI,D,23,23,0,,,,,0,,,24077,0,,,,,,1410,,0,0,,,,,,1357,,0,25487,0,,,,,,0,25529,0
11/11/20,VT,B,59,59,0,,,,18,0,,6,192790,772,,,,,,2602,2549,89,0,,,,,,1947,,0,449806,2225,,,,,195339,854,449806,2225
11/11/20,WA,B,2482,2482,22,,9092,9092,589,61,,107,2524414,15469,,,,,58,128209,125396,2713,0,,,,,,,2644425,16910,2644425,16910,,,,,,0,,0
11/11/20,WI,A+,2554,2457,72,97,13507,13507,2102,277,1617,441,1949868,10424,,,,,,301349,285891,7537,0,,,,,,219304,3679124,34257,3679124,34257,,,,,2235759,17472,,0
11/11/20,WV,B,553,532,7,21,,,277,0,,85,844916,10189,,,,,28,30201,26951,885,0,,,,,,21877,,0,875117,11074,19707,,,,,0,871867,10829
11/11/20,WY,B,127,,0,,545,545,178,3,,,127239,91,,,314073,,,19374,16518,132,0,,,,,20728,11234,,0,334801,4903,,,,,143757,1298,334801,4903
11/10/20,AK,A,92,92,8,,520,520,120,6,,,808406,59605,,,803424,,10,19734,,538,0,,,,,24234,7161,,0,828140,60143,,,,,,0,828140,60143
11/10/20,AL,A,3120,2890,36,230,21886,21886,1206,592,2128,,1231152,-1823,,,,1231,,206567,174987,1710,0,,,,,,84471,,0,1406139,-690,,,66544,,1406139,-690,,0
11/10/20,AR,A+,2112,1934,4,178,7579,7579,809,83,,310,1332008,7353,,,1332008,876,126,124235,112736,1424,0,,3300,,13296,,109235,,0,1444744,8328,,21856,,81751,,0,1444744,8328
11/10/20,AS,D,0,,0,,,,,0,,,1768,0,,,,,,0,0,0,0,,,,,,,,0,1768,0,,,,,,0,1768,0
11/10/20,AZ,A+,6192,5757,28,435,22428,22428,1289,217,,294,1642297,12091,,,,,148,263133,256317,3434,0,,,,,,43682,,0,3094865,36237,326290,,,,1898614,15407,3094865,36237
11/10/20,CA,B,18001,,24,,,,3799,0,,984,19117423,170795,,,,,,977218,977218,5367,0,,,,,,,,0,20094641,176162,,,,,,0,20094641,176162
11/10/20,CO,A,2427,2024,19,403,10263,10263,1270,213,,,1236359,11701,175251,,,,,138427,130668,3890,0,14272,,,,,8846,2306782,32354,2306782,32354,189523,,,,1367027,15532,,0
11/10/20,CT,B,4707,3785,9,922,12257,12257,548,0,,,2519275,21160,,,,,,82987,77708,1524,0,,,,,,9800,,0,2602262,22684,,26512,,,,0,2596983,22612
11/10/20,DC,A+,657,,2,,,,109,0,,27,543660,2933,,,,,15,18173,,86,0,,,,,,13977,561833,3019,561833,3019,,,,,268838,1030,,0
11/10/20,DE,A+,722,635,3,87,,,127,0,,29,342019,1347,,,,,,27112,25898,204,0,,,,,28648,14276,599043,5244,599043,5244,,,,,369131,1551,,0
11/10/20,FL,A,17460,,69,,51479,51479,3034,283,,,5593589,19829,531822,517552,8359722,,,840652,794860,4282,0,62323,,60854,,1085885,,10646926,46452,10646926,46452,594540,,578706,,6434241,24111,9493107,39288
11/10/20,GA,A+,8730,8264,53,466,32631,32631,1938,148,6138,,3396470,20757,,,,,,376054,376054,1873,0,31536,,,35598,351881,,,0,3772524,22630,339698,,,,,0,3772524,22630
11/10/20,GU,A,91,,1,,,,77,0,,19,68205,724,,,,,12,5654,5552,181,0,7,102,,,,3667,,0,73859,905,210,818,,,,0,73039,852
11/10/20,HI,B,221,,0,,1147,1147,72,-14,,22,295153,0,,,,,4,16242,16010,63,0,,,,,15956,11958,570008,3014,570008,3014,,,,,308090,0,,0
11/10/20,IA,A+,1874,,25,,,,1135,0,,196,802535,1836,,65401,,,89,147656,147656,2734,0,,,4095,14124,,102981,,0,950191,4570,,,69536,98882,951985,4608,,0
11/10/20,ID,A,698,646,12,52,2926,2926,288,37,585,72,346584,1041,,,,,,74227,63911,1266,0,,,,,,33032,,0,410495,2187,,17332,,,410495,2187,560939,5119
11/10/20,IL,A,10645,10289,82,356,,,4742,0,,911,8059836,89332,,,,,399,511183,447491,12623,0,,,,,,,,0,8571019,101955,,,,,,0,8571019,101955
11/10/20,IN,A+,4731,4481,67,250,19023,19023,2336,285,3656,599,1618292,9772,,,,,183,219338,,4829,0,,,,,207297,136988,,0,3269653,30619,,,,,1837630,14601,3269653,30619
11/10/20,KS,A+,1181,,0,,4138,4138,500,0,1135,140,586429,0,,,,339,55,103553,,0,0,,,,,,2842,,0,689982,0,,,,,689982,0,,0
11/10/20,KY,B,1590,1562,14,28,8403,8403,1189,129,2146,286,2001710,18208,,,,,,124646,103849,2079,0,,,,,,23165,,0,2105559,19684,87849,76184,,,,0,2105559,19684
11/10/20,LA,A,6058,5829,10,229,,,684,0,,,2730221,25130,,,,,66,194702,189682,1330,0,,,,,,172210,,0,2924923,26460,,,,,,0,2919903,26460
11/10/20,MA,A+,10184,9957,21,227,13373,13373,618,0,,150,2757216,13697,,,,,68,174881,169976,2154,0,,,11842,,217992,131646,,0,6826328,58341,,,128053,207947,2927192,15744,6826328,58341
11/10/20,MD,A,4233,4084,12,149,17914,17914,761,81,,176,1891138,8864,,136605,,,,156709,156709,1338,0,,,14048,,188516,8305,,0,3702658,24549,,,150653,,2047847,10202,3702658,24549
11/10/20,ME,A+,156,155,3,1,538,538,49,6,,14,696371,5856,11908,,694310,,5,8060,7173,172,0,372,31,,,8827,6100,,0,704431,6028,12292,221,,,,0,703544,5999
11/10/20,MI,A+,8094,7724,86,370,,,2959,0,,595,5182373,52371,,,5182373,,257,245252,223277,6944,0,,,,,292796,128981,,0,5427625,59315,339921,,,,,0,5475169,61281
11/10/20,MN,A,2698,2668,23,30,11933,11933,1224,262,2996,249,1844204,10137,,,,,,189681,188114,4893,0,,,,,,153347,3135996,32562,3135996,32562,,43876,,,2032318,14967,,0
11/10/20,MO,A+,3299,,146,,,,2055,0,,457,1382473,-12961,82166,71709,2396543,,237,216697,216697,4256,0,6124,9810,3618,,243790,,,0,2645421,-24034,88491,63465,84479,44376,1599170,-8705,2645421,-24034
11/10/20,MP,D,2,2,0,,4,4,,0,,,16467,474,,,,,,100,100,0,0,,,,,,29,,0,16567,474,,,,,16567,482,23472,839
11/10/20,MS,A+,3480,3095,37,385,6914,6914,737,0,,199,873863,0,,,,,83,128138,109087,933,0,95,,,,,111430,,0,1002001,933,47023,123242,,,,0,982396,0
11/10/20,MT,B,462,,5,,1510,1510,487,18,,,503415,2555,,,,,,41151,41151,1098,0,,,,,,23873,,0,544566,3653,,,,,,0,544566,3653
11/10/20,NC,A+,4660,4562,45,98,,,1230,0,,325,4132470,27714,,,,,,297442,283895,2582,0,,,,,,261719,,0,4429912,30296,,52915,,,,0,4416365,29930
11/10/20,ND,B,649,,0,,1906,1906,383,0,345,48,255540,0,10350,,,,,56944,56247,947,0,734,,,,,43949,907372,0,907372,0,11084,,,,310998,0,952701,5330
11/10/20,NE,A,710,,7,,3321,3321,820,32,,,548165,1997,,,948316,,,85551,85551,1582,0,,,,,99481,49314,,0,1049078,9380,,,,,634040,3581,1049078,9380
11/10/20,NH,B,489,,0,,796,796,64,2,263,,355166,4321,,,,,,12919,12919,220,0,,,,,,10233,,0,673987,8200,33352,,32444,,368085,4541,673987,8200
11/10/20,NJ,A,16461,14661,21,1800,38453,38453,1645,117,,327,4780634,0,,,,,98,260430,260430,3777,0,,,,,,38407,,0,5041064,3777,,,,,,0,5037287,0
11/10/20,NM,A,1144,,14,,5265,5265,425,61,,,1224404,11170,,,,,,57547,57547,1258,0,,,,,,23736,,0,1281951,12428,,,,,,0,1281951,12428
11/10/20,NV,A+,1859,,7,,,,898,0,,231,742230,2271,,,,,101,112304,112304,1322,0,,,,,,,1352746,8438,1352746,8438,,,,,854534,3593,1154583,0
11/10/20,NY,B,26005,,32,,89995,89995,1548,0,,296,15368121,124071,,,,,128,536145,536145,3965,0,,,,,,80854,15904266,128036,15904266,128036,,,,,,0,,0
11/10/20,OH,A+,5547,5212,23,335,21037,21037,2747,386,4086,656,4702747,39595,,,,,327,261482,247260,6508,0,,,,,,189079,,0,4964229,46103,,,,,,0,4950007,45760
11/10/20,OK,A+,1451,,7,,9682,9682,1102,61,,334,1593041,21720,,,1593041,,,140157,140157,1702,0,5285,,,,150778,118074,,0,1733198,23422,91240,,,,,0,1746641,26571
11/10/20,OR,A+,737,,3,,3511,3511,337,48,,78,869307,5785,,,1528151,,25,51909,49294,754,0,,,,,79855,5870,,0,1608006,13463,,,,,918601,6515,1608006,13463
11/10/20,PA,A+,9086,,62,,,,1938,0,,393,2470785,14929,,,,,189,238657,225150,4361,0,,,,,,171833,,0,2709442,19290,,,,,2695935,18642,4488074,42305
11/10/20,PR,B,889,682,7,207,,,538,0,,75,305972,0,,,303412,,52,38856,38681,275,0,34388,,,,7002,33368,,0,344828,275,,,,,,0,310546,0
11/10/20,RI,A+,1237,,4,,3621,3621,218,37,,26,429079,2057,,,1216964,,18,38798,38798,789,0,,,,,50311,2989,1267275,9636,1267275,9636,,,,,467877,2846,,0
11/10/20,SC,A+,4062,3795,21,267,10966,10966,784,82,,197,1800774,19940,73707,,1744162,,104,187738,177515,1347,0,9523,18900,,,234127,97765,,0,1988512,21287,83290,141266,,,,0,1978289,21082
11/10/20,SD,A,540,,3,,3277,3277,607,50,,,223365,873,,,,,,57334,54503,1023,0,,,,,,40199,,0,280699,1896,,,,,280699,1896,485940,6243
11/10/20,TN,A+,3672,3440,62,232,10813,10813,1815,81,,502,3654055,13594,,,3600868,,223,289749,271405,1979,0,,17847,,,324592,256143,,0,3943804,15573,,169043,,,,0,3925460,15252
11/10/20,TX,A,18863,,94,,,,6170,0,,1828,8247146,104900,,,,,,1051899,973970,12935,0,51519,41134,,,1090190,826116,,0,9221116,115851,513192,499322,,,,0,9221116,115851
11/10/20,UT,A+,672,,11,,6284,6284,453,122,1267,185,998243,7708,,,1381178,476,,137385,130035,2517,0,,8625,,8321,140831,95975,,0,1522009,16429,,114637,,52471,1128278,10460,1522009,16429
11/10/20,VA,A+,3726,3460,13,266,13183,13183,1174,67,,224,2642227,16617,,,,,88,194912,178432,1435,0,,,,,212446,21716,2820659,17809,2820659,17809,,,,,,0,,0
11/10/20,VI,D,23,23,0,,,,,0,,,24077,65,,,,,,1410,,5,0,,,,,,1357,,0,25487,70,,,,,,0,25529,78
11/10/20,VT,B,59,59,0,,,,15,0,,4,192018,641,,,,,,2513,2467,52,0,,,,,,1936,,0,447581,1254,,,,,194485,688,447581,1254
11/10/20,WA,B,2460,2460,21,,9031,9031,537,228,,110,2508945,14078,,,,,62,125496,122814,777,0,,,,,,,2627515,15317,2627515,15317,,,,,,0,,0
11/10/20,WI,A+,2482,2395,72,87,13230,13230,2070,291,1590,418,1939444,12926,,,,,,293812,278843,7432,0,,,,,,214469,3644867,47573,3644867,47573,,,,,2218287,19999,,0
11/10/20,WV,B,546,525,16,21,,,280,0,,85,834727,6447,,,,,29,29316,26311,511,0,,,,,,21499,,0,864043,6958,19612,,,,,0,861038,6748
11/10/20,WY,B,127,,13,,542,542,178,22,,,127148,0,,,309852,,,19242,16442,1232,0,,,,,20046,11098,,0,329898,7086,,,,,142459,0,329898,7086
11/9/20,AK,A,84,84,0,,514,514,119,5,,,748801,-12641,,,745182,,9,19196,,464,0,,,,,22430,7161,,0,767997,-12177,,,,,,0,767997,-12177
11/9/20,AL,A,3084,2865,0,219,21294,21294,1174,0,2122,,1232975,3158,,,,1226,,204857,173854,1170,0,,,,,,84471,,0,1406829,4138,,,66370,,1406829,4138,,0
11/9/20,AR,A+,2108,1930,23,178,7496,7496,786,62,,289,1324655,7716,,,1324655,869,116,122811,111761,945,0,,3300,,12780,,108201,,0,1436416,8545,,21856,,77969,,0,1436416,8545
11/9/20,AS,D,0,,0,,,,,0,,,1768,0,,,,,,0,0,0,0,,,,,,,,0,1768,0,,,,,,0,1768,0
11/9/20,AZ,A+,6164,5745,0,419,22211,22211,1232,9,,292,1630206,10142,,,,,142,259699,253001,435,0,,,,,,43460,,0,3058628,14835,325589,,,,1883207,10547,3058628,14835
11/9/20,CA,B,17977,,14,,,,3668,0,,941,18946628,186639,,,,,,971851,971851,7212,0,,,,,,,,0,19918479,193851,,,,,,0,19918479,193851
11/9/20,CO,A,2408,2007,14,401,10050,10050,1174,33,,,1224658,13686,174883,,,,,134537,126837,3553,0,14228,,,,,8738,2274428,29043,2274428,29043,189111,,,,1351495,17172,,0
11/9/20,CT,B,4698,3779,27,919,12257,12257,496,0,,,2498115,86636,,,,,,81463,76256,3338,0,,,,,,9800,,0,2579578,89974,,26512,,,,0,2574371,89686
11/9/20,DC,A+,655,,1,,,,104,0,,29,540727,3279,,,,,17,18087,,86,0,,,,,,13919,558814,3365,558814,3365,,,,,267808,964,,0
11/9/20,DE,A+,719,632,1,87,,,119,0,,27,340672,1996,,,,,,26908,25697,305,0,,,,,28417,14158,593799,6237,593799,6237,,,,,367580,2301,,0
11/9/20,FL,A,17391,,58,,51196,51196,2902,103,,,5573760,16454,531822,517552,8325942,,,836370,791595,3845,0,62323,,60854,,1080510,,10600474,44970,10600474,44970,594540,,578706,,6410130,20299,9453819,40593
11/9/20,GA,A+,8677,8223,29,454,32483,32483,1916,15,6097,,3375713,14831,,,,,,374181,374181,1103,0,31406,,,33152,350067,,,0,3749894,15934,339014,,,,,0,3749894,15934
11/9/20,GU,A,90,,1,,,,75,0,,18,67481,718,,,,,13,5473,5375,240,0,7,98,,,,3654,,0,72954,958,209,765,,,,0,72187,1784
11/9/20,HI,B,221,,1,,1161,1161,75,4,,13,295153,0,,,,,8,16179,15947,128,0,,,,,15885,11958,566994,4724,566994,4724,,,,,308090,0,,0
11/9/20,IA,A+,1849,,7,,,,1034,0,,184,800699,5401,,65201,,,82,144922,144922,4381,0,,,4059,12965,,101158,,0,945621,9782,,,69300,95944,947377,9834,,0
11/9/20,ID,A,686,636,3,50,2889,2889,320,19,580,90,345543,2134,,,,,,72961,62765,649,0,,,,,,32702,,0,408308,2739,,17332,,,408308,2739,555820,3961
11/9/20,IL,A,10563,10210,25,353,,,4409,0,,857,7970504,54187,,,,,376,498560,447491,10573,0,,,,,,,,0,8469064,64760,,,,,,0,8469064,64760
11/9/20,IN,A+,4664,4418,35,246,18738,18738,2174,233,3623,547,1608520,8954,,,,,180,214509,,4135,0,,,,,203042,134598,,0,3239034,28368,,,,,1823029,13089,3239034,28368
11/9/20,KS,A+,1181,,15,,4138,4138,500,71,1135,140,586429,7742,,,,339,55,103553,,5920,0,,,,,,2842,,0,689982,13662,,,,,689982,13662,,0
11/9/20,KY,B,1576,1549,11,27,8274,8274,1133,430,2113,300,1983502,36353,,,,,,122567,102373,1729,0,,,,,,22942,,0,2085875,38911,87690,74520,,,,0,2085875,38911
11/9/20,LA,A,6048,5819,12,229,,,652,0,,,2705091,5115,,,,,71,193372,188352,391,0,,,,,,172210,,0,2898463,5506,,,,,,0,2893443,5506
11/9/20,MA,A+,10163,9936,14,227,13373,13373,588,0,,143,2743519,12998,,,,,66,172727,167929,1328,0,,,11842,,215662,131646,,0,6767987,47461,,,128053,205541,2911448,14182,6767987,47461
11/9/20,MD,A,4221,4072,9,149,17833,17833,707,103,,168,1882274,9978,,136605,,,,155371,155371,1375,0,,,14048,,187035,8297,,0,3678109,23650,,,150653,,2037645,11353,3678109,23650
11/9/20,ME,A+,153,152,1,1,532,532,49,7,,14,690515,21894,11890,,688493,,5,7888,7030,195,0,370,31,,,8649,6036,,0,698403,22089,12272,115,,,,0,697545,22359
11/9/20,MI,A+,8008,7640,63,368,,,2815,0,,544,5130002,145044,,,5130002,,239,238308,216804,9305,0,,,,,283886,128981,,0,5368310,154349,339100,,,,,0,5413888,87225
11/9/20,MN,A,2675,2645,19,30,11671,11671,1084,144,2948,224,1834067,10347,,,,,,184788,183284,3926,0,,,,,,149766,3103434,25468,3103434,25468,,43836,,,2017351,14106,,0
11/9/20,MO,A+,3153,,0,,,,2016,0,,467,1395434,5016,83781,71709,2425114,,238,212441,212441,3244,0,6079,9542,3618,,239290,,,0,2669455,14764,90061,64258,85902,44787,1607875,8260,2669455,14764
11/9/20,MP,D,2,2,0,,4,4,,0,,,15993,0,,,,,,100,100,2,0,,,,,,29,,0,16093,2,,,,,16085,0,22633,0
11/9/20,MS,A+,3443,3072,0,371,6914,6914,718,186,,190,873863,36655,,,,,76,127205,108533,516,0,95,,,,,111430,,0,1001068,37171,47023,123242,,,,0,982396,39818
11/9/20,MT,B,457,,1,,1492,1492,470,15,,,500860,13948,,,,,,40053,40053,374,0,,,,,,23825,,0,540913,14322,,,,,,0,540913,14322
11/9/20,NC,A+,4615,4521,8,94,,,1169,0,,323,4104756,33034,,,,,,294860,281679,1521,0,,,,,,261719,,0,4399616,34555,,51349,,,,0,4386435,34500
11/9/20,ND,B,649,,5,,1906,1906,383,25,345,48,255540,347,10350,,,,,55997,55359,1153,0,734,,,,,43949,907372,6924,907372,6924,11084,,,,310998,1500,947371,7482
11/9/20,NE,A,703,,0,,3289,3289,794,9,,,546168,2276,,,940672,,,83969,83969,1574,0,,,,,97746,48689,,0,1039698,7423,,,,,630459,3853,1039698,7423
11/9/20,NH,B,489,,0,,794,794,56,0,262,,350845,505,,,,,,12699,12699,211,0,,,,,,10153,,0,665787,2707,33302,,32406,,363544,716,665787,2707
11/9/20,NJ,A,16440,14640,11,1800,38336,38336,1537,36,,309,4780634,69586,,,,,94,256653,256653,2058,0,,,,,,38322,,0,5037287,71644,,,,,,0,5037287,73657
11/9/20,NM,B,1130,,12,,5204,5204,423,82,,,1213234,5633,,,,,,56289,56289,1408,0,,,,,,23457,,0,1269523,7041,,,,,,0,1269523,7041
11/9/20,NV,A+,1852,,1,,,,891,0,,254,739959,3733,,,,,100,110982,110982,960,0,,,,,,,1344308,8676,1344308,8676,,,,,850941,4693,1154583,0
11/9/20,NY,B,25973,,26,,89995,89995,1444,0,,282,15244050,108272,,,,,125,532180,532180,3144,0,,,,,,80764,15776230,111416,15776230,111416,,,,,,0,,0
11/9/20,OH,A+,5524,5193,7,331,20651,20651,2533,154,4047,628,4663152,44960,,,,,312,254974,241095,4706,0,,,,,,186254,,0,4918126,49666,,,,,,0,4904247,49526
11/9/20,OK,A+,1444,,6,,9621,9621,1045,51,,312,1571321,0,,,1571321,,,138455,138455,2197,0,5285,,,,145687,116882,,0,1709776,2197,91240,,,,,0,1720070,0
11/9/20,OR,A+,734,,4,,3463,3463,318,85,,64,863522,4669,,,1515482,,26,51155,48564,707,0,,,,,79061,5870,,0,1594543,11315,,,,,912086,16972,1594543,11315
11/9/20,PA,A+,9024,,4,,,,1827,0,,353,2455856,14221,,,,,179,234296,221437,3402,0,,,,,,171036,,0,2690152,17623,,,,,2677293,17216,4445769,80791
11/9/20,PR,B,882,675,10,207,,,544,0,,70,305972,0,,,303412,,59,38581,38474,481,0,34279,,,,7002,33354,,0,344553,481,,,,,,0,310546,0
11/9/20,RI,A+,1233,,1,,3584,3584,212,0,,27,427022,1181,,,1208143,,17,38009,38009,266,0,,,,,49496,2958,1257639,3975,1257639,3975,,,,,465031,1447,,0
11/9/20,SC,A+,4041,3778,5,263,10884,10884,746,30,,194,1780834,7420,73458,,1725001,,101,186391,176373,703,0,9523,18544,,,232206,96909,,0,1967225,8123,82981,136772,,,,0,1957207,8063
11/9/20,SD,A,537,,1,,3227,3227,566,43,,,222492,861,,,,,,56311,53486,907,0,,,,,,39508,,0,278803,1768,,,,,278803,1768,479697,4387
11/9/20,TN,A+,3610,3388,15,222,10732,10732,1705,54,,492,3640461,49173,,,3587508,,221,287770,269747,5919,0,,17479,,,322700,252515,,0,3928231,55092,,167719,,,,0,3910208,54580
11/9/20,TX,A,18769,,26,,,,6103,0,,1816,8142246,27871,,,,,,1038964,963019,4849,0,51213,39598,,,1075300,820156,,0,9105265,34656,511176,483220,,,,0,9105265,34656
11/9/20,UT,A+,661,,2,,6162,6162,460,78,1240,185,990535,6424,,,1367630,473,,134868,127283,2247,0,,8074,,7792,137950,94929,,0,1505580,12787,,110249,,50105,1117818,8412,1505580,12787
11/9/20,VA,A+,3713,3447,6,266,13116,13116,1127,52,,214,2625610,14723,,,,,98,193477,177240,1302,0,,,,,211092,21618,2802850,15744,2802850,15744,,,,,,0,,0
11/9/20,VI,D,23,23,0,,,,,0,,,24012,0,,,,,,1405,,0,0,,,,,,1345,,0,25417,0,,,,,,0,25451,0
11/9/20,VT,B,59,59,0,,,,11,0,,4,191377,409,,,,,,2461,2420,25,0,,,,,,1931,,0,446327,7499,,,,,193797,432,446327,7499
11/9/20,WA,B,2439,2439,0,,8803,8803,526,8,,105,2494867,18112,,,,,55,124719,122047,1407,0,,,,,,,2612198,19432,2612198,19432,,,,,,0,,0
11/9/20,WI,A+,2410,2329,18,81,12939,12939,2003,100,1575,396,1926518,9717,,,,,,286380,271770,4470,0,,,,,,210318,3597294,32557,3597294,32557,,,,,2198288,14077,,0
11/9/20,WV,B,530,513,28,17,,,290,0,,85,828280,7223,,,,,30,28805,26010,401,0,,,,,,21301,,0,857085,7624,19526,,,,,0,854290,7518
11/9/20,WY,B,114,,0,,520,520,172,15,,,127148,3379,,,303632,,,18010,15311,700,0,,,,,19180,10699,,0,322812,7958,,,,,142459,4819,322812,7958
11/8/20,AK,A+,84,84,0,,509,509,119,10,,,761442,-1031,,,760511,,7,18732,,511,0,,,,,19277,7161,,0,780174,-520,,,,,,0,780174,-520
11/8/20,AL,A,3084,2865,2,219,21294,21294,1060,0,2121,,1229817,5222,,,,1225,,203687,172874,1205,0,,,,,,84471,,0,1402691,6323,,,66292,,1402691,6323,,0
11/8/20,AR,A+,2085,1907,17,178,7434,7434,633,19,,235,1316939,8462,,,1316939,866,105,121866,110932,1038,0,,3300,,12597,,107287,,0,1427871,9378,,21856,,76925,,0,1427871,9378
11/8/20,AS,D,0,,0,,,,,0,,,1768,0,,,,,,0,0,0,0,,,,,,,,0,1768,0,,,,,,0,1768,0
11/8/20,AZ,A+,6164,5745,17,419,22202,22202,1185,32,,272,1620064,12023,,,,,148,259264,252596,1880,0,,,,,,43232,,0,3043793,19277,325006,,,,1872660,13825,3043793,19277
11/8/20,CA,B,17963,,24,,,,3554,0,,910,18759989,151795,,,,,,964639,964639,7682,0,,,,,,,,0,19724628,159477,,,,,,0,19724628,159477
11/8/20,CO,A,2394,1994,5,400,10017,10017,1134,20,,,1210972,10965,174720,,,,,130984,123351,3017,0,14201,,,,,8667,2245385,30597,2245385,30597,188921,,,,1334323,13934,,0
11/8/20,CT,B,4671,3757,0,914,12257,12257,402,0,,,2411479,0,,,,,,78125,73206,0,0,,,,,,9800,,0,2489604,0,,26512,,,,0,2484685,0
11/8/20,DC,A+,654,,0,,,,77,0,,25,537448,4754,,,,,14,18001,,110,0,,,,,,13843,555449,4864,555449,4864,,,,,266844,1372,,0
11/8/20,DE,A+,718,631,2,87,,,116,0,,24,338676,2003,,,,,,26603,25395,345,0,,,,,28087,14019,587562,5281,587562,5281,,,,,365279,2348,,0
11/8/20,FL,A,17333,,22,,51093,51093,2779,64,,,5557306,38183,531822,517552,8290544,,,832525,788267,6619,0,62323,,60854,,1075420,,10555504,101854,10555504,101854,594540,,578706,,6389831,44802,9413226,80436
11/8/20,GA,A+,8648,8194,1,454,32468,32468,1846,33,6095,,3360882,17437,,,,,,373078,373078,1253,0,31257,,,32983,348836,,,0,3733960,18690,338346,,,,,0,3733960,18690
11/8/20,GU,A,89,,0,,,,73,0,,19,66763,369,,,,,10,5233,5154,120,0,7,79,,,,3402,,0,71996,489,209,699,,,,0,70403,0
11/8/20,HI,B,220,,1,,1157,1157,75,10,,13,295153,0,,,,,8,16051,15819,128,0,,,,,15768,11958,562270,6174,562270,6174,,,,,308090,0,,0
11/8/20,IA,A+,1842,,13,,,,992,0,,190,795298,4267,,65130,,,77,140541,140541,3313,0,,,4027,12260,,100747,,0,935839,7580,,,69197,93929,937543,7586,,0
11/8/20,ID,A,683,633,4,50,2870,2870,320,45,576,90,343409,1431,,,,,,72312,62160,1403,0,,,,,,32330,,0,405569,2481,,17332,,,405569,2481,551859,3930
11/8/20,IL,A,10538,10196,50,342,,,4303,0,,833,7916317,80748,,,,,368,487987,447491,10009,0,,,,,,,,0,8404304,90757,,,,,,0,8404304,90757
11/8/20,IN,A+,4629,4383,37,246,18505,18505,2070,232,3566,524,1599566,10890,,,,,173,210374,,4652,0,,,,,199666,131979,,0,3210666,43148,,,,,1809940,15542,3210666,43148
11/8/20,KS,A+,1166,,0,,4067,4067,693,0,1122,183,578687,0,,,,337,62,97633,,0,0,,,,,,2808,,0,676320,0,,,,,676320,0,,0
11/8/20,KY,B,1565,1538,4,27,7844,7844,1153,0,1989,299,1947149,0,,,,,,120838,100791,1177,0,,,,,,21513,,0,2046964,0,87413,72974,,,,0,2046964,0
11/8/20,LA,A,6036,5807,20,229,,,622,0,,,2699976,25215,,,,,72,192981,187961,1266,0,,,,,,172210,,0,2892957,26481,,,,,,0,2887937,26481
11/8/20,MA,A+,10149,9923,20,226,13373,13373,568,0,,144,2730521,18330,,,,,62,171399,166745,1823,0,,,11842,,214280,131646,,0,6720526,80572,,,128053,203073,2897266,20139,6720526,80572
11/8/20,MD,A,4212,4063,11,149,17730,17730,655,103,,163,1872296,9897,,136605,,,,153996,153996,1081,0,,,14048,,185455,8291,,0,3654459,30266,,,150653,,2026292,10978,3654459,30266
11/8/20,ME,A+,152,151,0,1,525,525,48,2,,13,668621,0,11868,,666689,,7,7693,6843,90,0,367,25,,,8110,5935,,0,676314,90,12247,42,,,,0,675186,0
11/8/20,MI,A+,7945,7578,0,367,,,2425,0,,484,4984958,0,,,4984958,,202,229003,207794,0,0,,,,,266355,128981,,0,5213961,0,338299,,,,,0,5326663,0
11/8/20,MN,A,2656,2626,31,30,11527,11527,1038,133,2923,224,1823720,15231,,,,,,180862,179525,5908,0,,,,,,146311,3077966,42572,3077966,42572,,43029,,,2003245,21079,,0
11/8/20,MO,A+,3153,,3,,,,1965,0,,459,1390418,17073,83660,71709,2413773,,254,209197,209197,4131,0,6027,9377,3618,,235909,,,0,2654691,-17597,89888,63687,85747,44355,1599615,21204,2654691,-17597
11/8/20,MP,D,2,2,0,,4,4,,0,,,15993,0,,,,,,98,98,0,0,,,,,,29,,0,16091,0,,,,,16085,0,22633,0
11/8/20,MS,A+,3443,3072,10,371,6728,6728,716,0,,183,837208,0,,,,,87,126689,108217,804,0,95,,,,,105839,,0,963897,804,45873,106901,,,,0,942578,0
11/8/20,MT,B,456,,11,,1477,1477,458,12,,,486912,684,,,,,,39679,39679,731,0,,,,,,23793,,0,526591,1415,,,,,,0,526591,1415
11/8/20,NC,A+,4607,4513,2,94,,,1147,0,,311,4071722,38811,,,,,,293339,280213,2094,0,,,,,,246318,,0,4365061,40905,,48655,,,,0,4351935,40824
11/8/20,ND,B,644,,11,,1881,1881,408,23,343,51,255193,426,10318,,,,,54844,54212,1117,0,719,,,,,43103,900448,6064,900448,6064,11037,,,,309498,1527,939889,6491
11/8/20,NE,A,703,,2,,3280,3280,760,34,,,543892,3053,,,935011,,,82395,82395,1702,0,,,,,95992,47793,,0,1032275,10429,,,,,626606,4754,1032275,10429
11/8/20,NH,B,489,,0,,794,794,55,3,262,,350340,875,,,,,,12488,12488,247,0,,,,,,10096,,0,663080,5485,33302,,32402,,362828,1122,663080,5485
11/8/20,NJ,A,16429,14629,4,1800,38300,38300,1439,50,,284,4711048,0,,,,,89,254595,254595,2013,0,,,,,,38016,,0,4965643,2013,,,,,,0,4963630,0
11/8/20,NM,B,1118,,14,,5122,5122,437,31,,,1207601,10548,,,,,,54881,54881,1210,0,,,,,,23205,,0,1262482,11758,,,,,,0,1262482,11758
11/8/20,NV,A+,1851,,1,,,,826,0,,206,736226,2968,,,,,89,110022,110022,1276,0,,,,,,,1335632,9254,1335632,9254,,,,,846248,4244,1154583,0
11/8/20,NY,B,25947,,19,,89995,89995,1396,0,,295,15135778,142214,,,,,131,529036,529036,3428,0,,,,,,80646,15664814,145642,15664814,145642,,,,,,0,,0
11/8/20,OH,A+,5517,5186,11,331,20497,20497,2286,102,4013,584,4618192,55011,,,,,295,250268,236529,4541,0,,,,,,184556,,0,4868460,59552,,,,,,0,4854721,59369
11/8/20,OK,A+,1438,,9,,9570,9570,1045,132,,312,1571321,0,,,1571321,,,136258,136258,4507,0,5285,,,,145687,115030,,0,1707579,4507,91240,,,,,0,1720070,0
11/8/20,OR,A+,730,,1,,3378,3378,266,0,,62,858853,5341,,,1504943,,27,50448,46120,861,0,,,,,78285,5870,,0,1583228,15426,,,,,895114,0,1583228,15426
11/8/20,PA,A+,9020,,5,,,,1735,0,,345,2441635,15514,,,,,167,230894,218442,2909,0,,,,,,168708,,0,2672529,18423,,,,,2660077,18219,4364978,0
11/8/20,PR,B,872,669,10,203,,,518,0,,65,305972,0,,,303412,,52,38100,37999,533,0,34066,,,,7002,33315,,0,344072,533,,,,,,0,310546,0
11/8/20,RI,A+,1232,,1,,3584,3584,212,26,,27,425841,2501,,,1204472,,17,37743,37743,568,0,,,,,49192,2958,1253664,13840,1253664,13840,,,,,463584,3069,,0
11/8/20,SC,A+,4036,3776,21,260,10854,10854,718,20,,184,1773414,13228,73421,,1717658,,89,185688,175730,946,0,9518,18494,,,231486,96422,,0,1959102,14174,82939,136308,,,,0,1949144,14096
11/8/20,SD,A,536,,13,,3184,3184,546,76,,,221631,924,,,,,,55404,52603,1428,0,,,,,,39118,,0,277035,2352,,,,,277035,2352,475310,4906
11/8/20,TN,A+,3595,3375,5,220,10678,10678,1656,33,,473,3591288,32886,,,3538903,,204,281851,264340,3636,0,,16922,,,316725,250818,,0,3873139,36522,,157394,,,,0,3855628,36024
11/8/20,TX,A,18743,,43,,,,6080,0,,1786,8114375,46023,,,,,,1034115,956234,6878,0,50934,38943,,,1069577,820215,,0,9070609,51708,509011,479209,,,,0,9070609,51708
11/8/20,UT,A+,659,,1,,6084,6084,437,64,1237,170,984111,6352,,,1356934,472,,132621,132621,2386,0,,7823,,7548,135859,93763,,0,1492793,12256,,109262,,49411,1109406,8435,1492793,12256
11/8/20,VA,A+,3707,3441,3,266,13064,13064,1090,42,,202,2610887,19721,,,,,90,192175,176219,1302,0,,,,,210094,21494,2787106,20753,2787106,20753,,,,,,0,,0
11/8/20,VI,D,23,23,0,,,,,0,,,24012,284,,,,,,1405,,15,0,,,,,,1345,,0,25417,299,,,,,,0,25451,298
11/8/20,VT,B,59,59,0,,,,6,0,,0,190968,828,,,,,,2436,2397,54,0,,,,,,1923,,0,438828,4487,,,,,193365,874,438828,4487
11/8/20,WA,B,2439,2439,0,,8795,8795,504,4,,103,2476755,22739,,,,,45,123312,120682,1931,0,,,,,,,2592766,24509,2592766,24509,,,,,,0,,0
11/8/20,WI,A+,2392,2312,11,80,12839,12839,1860,112,1572,397,1916801,8481,,,,,,281910,267410,4407,0,,,,,,206944,3564737,24662,3564737,24662,,,,,2184211,12761,,0
11/8/20,WV,B,502,490,0,12,,,288,0,,79,821057,11095,,,,,26,28404,25715,662,0,,,,,,21032,,0,849461,11757,19508,,,,,0,846772,11632
11/8/20,WY,B,114,,9,,505,505,148,0,,,123769,0,,,296703,,,17310,14691,713,0,,,,,18151,10315,,0,314854,1004,,,,,137640,0,314854,1004
11/7/20,AK,A,84,84,0,,499,499,105,8,,,762473,-1210,,,760934,,8,18221,,603,0,,,,,19376,7157,,0,780694,-607,,,,,,0,780694,-607
11/7/20,AL,A,3082,2864,33,218,21294,21294,1015,0,2121,,1224595,7593,,,,1225,,202482,171773,1768,0,,,,,,84471,,0,1396368,8920,,,66104,,1396368,8920,,0
11/7/20,AR,A+,2068,1890,12,178,7415,7415,633,14,,235,1308477,10213,,,1308477,865,105,120828,110016,1598,0,,3300,,12392,,106594,,0,1418493,11491,,21856,,76277,,0,1418493,11491
11/7/20,AS,D,0,,0,,,,,0,,,1768,0,,,,,,0,0,0,0,,,,,,,,0,1768,0,,,,,,0,1768,0
11/7/20,AZ,A+,6147,5730,38,417,22170,22170,1139,152,,249,1608041,14060,,,,,137,257384,250794,2620,0,,,,,,42950,,0,3024516,31744,324293,,,,1858835,16524,3024516,31744
11/7/20,CA,B,17939,,73,,,,3456,0,,901,18608194,162939,,,,,,956957,956957,5863,0,,,,,,,,0,19565151,168802,,,,,,0,19565151,168802
11/7/20,CO,A,2389,1990,13,399,9997,9997,1087,86,,,1200007,13630,174305,,,,,127967,120382,3498,0,14110,,,,,8562,2214788,37697,2214788,37697,188415,,,,1320389,17044,,0
11/7/20,CT,B,4671,3757,0,914,12257,12257,402,0,,,2411479,0,,,,,,78125,73206,0,0,,,,,,9800,,0,2489604,0,,26512,,,,0,2484685,0
11/7/20,DC,A+,654,,2,,,,77,0,,25,532694,4163,,,,,14,17891,,99,0,,,,,,13811,550585,4262,550585,4262,,,,,265472,1017,,0
11/7/20,DE,A+,716,629,0,87,,,115,0,,26,336673,1827,,,,,,26258,25057,223,0,,,,,27896,13888,582281,5159,582281,5159,,,,,362931,2050,,0
11/7/20,FL,A,17311,,87,,51029,51029,2672,161,,,5519123,14673,531822,517552,8218897,,,825906,782903,4380,0,62323,,60854,,1066849,,10453650,48304,10453650,48304,594540,,578706,,6345029,19053,9332790,44755
11/7/20,GA,A+,8647,8193,39,454,32435,32435,1859,118,6091,,3343445,21818,,,,,,371825,371825,1719,0,31027,,,32797,347574,,,0,3715270,23537,337230,,,,,0,3715270,23537
11/7/20,GU,A,89,,1,,,,82,0,,19,66394,367,,,,,10,5113,5034,36,0,7,79,,,,3403,,0,71507,403,209,699,,,,0,70403,0
11/7/20,HI,B,219,,0,,1147,1147,69,9,,13,295153,0,,,,,9,15923,15691,138,0,,,,,15635,11958,556096,4293,556096,4293,,,,,308090,0,,0
11/7/20,IA,A+,1829,,11,,,,901,0,,194,791031,2524,,64890,,,72,137228,137228,3718,0,,,4017,12045,,100359,,0,928259,6242,,,68947,93647,929957,6252,,0
11/7/20,ID,A,679,630,8,49,2825,2825,320,37,574,90,341978,3322,,,,,,70909,61110,1330,0,,,,,,31969,,0,403088,4367,,17332,,,403088,4367,547929,4607
11/7/20,IL,A,10488,10154,91,334,,,4250,0,,813,7835569,85980,,,,,367,477978,447491,12438,0,,,,,,,,0,8313547,98418,,,,,,0,8313547,98418
11/7/20,IN,A+,4592,4348,45,244,18273,18273,2036,268,3527,559,1588676,12394,,,,,195,205722,,4899,0,,,,,195456,131277,,0,3167518,50449,,,,,1794398,17293,3167518,50449
11/7/20,KS,A+,1166,,0,,4067,4067,693,0,1122,183,578687,0,,,,337,62,97633,,0,0,,,,,,2808,,0,676320,0,,,,,676320,0,,0
11/7/20,KY,B,1561,1534,17,27,7844,7844,1153,136,1989,299,1947149,-132222,,,,,,119661,99815,2156,0,,,,,,21513,,0,2046964,-130545,87413,72974,,,,0,2046964,-130545
11/7/20,LA,A,6016,5787,0,229,,,644,0,,,2674761,0,,,,,81,191715,186695,0,0,,,,,,172210,,0,2866476,0,,,,,,0,2861456,0
11/7/20,MA,A+,10129,9903,23,226,13373,13373,535,0,,127,2712191,21606,,,,,60,169576,164936,2302,0,,,11842,,212158,131646,,0,6639954,92286,,,128053,202372,2877127,23806,6639954,92286
11/7/20,MD,A,4201,4052,7,149,17627,17627,632,90,,153,1862399,10734,,136605,,,,152915,152915,1410,0,,,14048,,184180,8284,,0,3624193,36496,,,150653,,2015314,12144,3624193,36496
11/7/20,ME,A+,152,151,2,1,523,523,42,10,,14,668621,0,11868,,666689,,4,7603,6762,159,0,367,25,,,8110,5906,,0,676224,159,12247,42,,,,0,675186,0
11/7/20,MI,A+,7945,7578,65,367,,,2425,0,,484,4984958,0,,,4984958,,202,229003,207794,6494,0,,,,,266355,128981,,0,5213961,6494,338299,,,,,0,5326663,75350
11/7/20,MN,A,2625,2597,34,28,11394,11394,1038,201,2889,224,1808489,14947,,,,,,174954,173677,4647,0,,,,,,142800,3035394,44429,3035394,44429,,40019,,,1982166,19394,,0
11/7/20,MO,A+,3150,,19,,,,1926,0,,466,1373345,6621,83302,71709,2435560,,236,205066,205066,4559,0,5943,9150,3618,,231727,,,0,2672288,23011,89459,56012,85229,38219,1578411,11180,2672288,23011
11/7/20,MP,D,2,2,0,,4,4,,0,,,15993,0,,,,,,98,98,0,0,,,,,,29,,0,16091,0,,,,,16085,0,22633,0
11/7/20,MS,A+,3433,3070,14,363,6728,6728,710,0,,177,837208,0,,,,,74,125885,107926,1031,0,95,,,,,105839,,0,963093,1031,45873,106901,,,,0,942578,0
11/7/20,MT,B,445,,26,,1465,1465,446,18,,,486228,579,,,,,,38948,38948,1001,0,,,,,,23825,,0,525176,1580,,,,,,0,525176,1580
11/7/20,NC,A+,4605,4511,23,94,,,1196,0,,327,4032911,44104,,,,,,291245,278200,2676,0,,,,,,246318,,0,4324156,46780,,47403,,,,0,4311111,46514
11/7/20,ND,B,633,,15,,1858,1858,374,41,341,46,254767,704,10318,,,,,53727,53105,1646,0,719,,,,,42251,894384,9652,894384,9652,11037,,,,307971,2306,933398,10311
11/7/20,NE,A,701,,27,,3246,3246,748,45,,,540839,4808,,,926419,,,80693,80693,2681,0,,,,,94166,47259,,0,1021846,21621,,,,,621852,7490,1021846,21621
11/7/20,NH,B,489,,1,,791,791,49,1,260,,349465,2747,,,,,,12241,12241,229,0,,,,,,9980,,0,657595,6551,33285,,32389,,361706,2976,657595,6551
11/7/20,NJ,A,16425,14625,9,1800,38250,38250,1392,72,,276,4711048,96992,,,,,76,252582,252582,3202,0,,,,,,38016,,0,4963630,100194,,,,,,0,4963630,100194
11/7/20,NM,B,1104,,16,,5091,5091,441,71,,,1197053,10872,,,,,,53671,53671,1277,0,,,,,,23088,,0,1250724,12149,,,,,,0,1250724,12149
11/7/20,NV,A+,1850,,5,,,,826,0,,206,733258,4766,,,,,89,108746,108746,1824,0,,,,,,,1326378,13886,1326378,13886,,,,,842004,6590,1154583,0
11/7/20,NY,B,25928,,18,,89995,89995,1381,0,,308,14993564,159704,,,,,138,525608,525608,3587,0,,,,,,80494,15519172,163291,15519172,163291,,,,,,0,,0
11/7/20,OH,A+,5506,5177,12,329,20395,20395,2188,149,4005,575,4563181,102545,,,,,283,245727,232171,5549,0,,,,,,182878,,0,4808908,108094,,,,,,0,4795352,112835
11/7/20,OK,A+,1429,,0,,9438,9438,1045,0,,312,1571321,13471,,,1571321,,,131751,131751,0,0,5285,,,,145687,113227,,0,1703072,13471,91240,,,,,0,1720070,15003
11/7/20,OR,A+,729,,13,,3378,3378,266,0,,62,853512,4518,,,1490609,,27,49587,46120,979,0,,,,,77193,5870,,0,1567802,15412,,,,,895114,0,1567802,15412
11/7/20,PA,A+,9015,,40,,,,1687,0,,345,2426121,17755,,,,,157,227985,215737,4035,0,,,,,,168708,,0,2654106,21790,,,,,2641858,21234,4364978,55621
11/7/20,PR,B,862,659,0,203,,,526,0,,69,305972,0,,,303412,,49,37567,37490,663,0,33965,,,,7002,32475,,0,343539,663,,,,,,0,310546,0
11/7/20,RI,A+,1231,,7,,3558,3558,210,70,,25,423340,6073,,,1191236,,16,37175,37175,795,0,,,,,48588,2935,1239824,21908,1239824,21908,,,,,460515,6868,,0
11/7/20,SC,A+,4015,3756,10,259,10834,10834,740,58,,180,1760186,45961,73044,,1704603,,89,184742,174862,1870,0,9425,18430,,,230445,95754,,0,1944928,47831,82469,135415,,,,0,1935048,47637
11/7/20,SD,A,523,,13,,3108,3108,515,85,,,220707,1156,,,,,,53976,51343,1337,0,,,,,,38403,,0,274683,2493,,,,,274683,2493,470404,5051
11/7/20,TN,A+,3590,3370,49,220,10645,10645,1687,27,,489,3558402,40139,,,3506349,,211,278215,261202,5071,0,,16374,,,313255,249162,,0,3836617,45210,,146975,,,,0,3819604,44496
11/7/20,TX,A,18700,,111,,,,6068,0,,1759,8068352,83053,,,,,,1027237,950549,9560,0,50556,38269,,,1061549,811330,,0,9018901,91063,506808,474486,,,,0,9018901,91063
11/7/20,UT,A+,658,,9,,6020,6020,420,98,1232,175,977759,8410,,,1346870,471,,130235,130235,2956,0,,7574,,7301,133667,92656,,0,1480537,16981,,107849,,48535,1100971,10976,1480537,16981
11/7/20,VA,A+,3704,3439,22,265,13022,13022,1062,86,,215,2591166,21582,,,,,91,190873,175187,2103,0,,,,,208746,21441,2766353,23124,2766353,23124,,,,,,0,,0
11/7/20,VI,D,23,23,0,,,,,0,,,23728,0,,,,,,1390,,0,0,,,,,,1340,,0,25118,0,,,,,,0,25153,0
11/7/20,VT,B,59,59,1,,,,4,0,,0,190140,766,,,,,,2382,2351,28,0,,,,,,1913,,0,434341,5490,,,,,192491,790,434341,5490
11/7/20,WA,B,2439,2439,8,,8791,8791,510,7,,133,2454016,25492,,,,,61,121381,118811,2124,0,,,,,,,2568257,27183,2568257,27183,,,,,,0,,0
11/7/20,WI,A+,2381,2301,48,80,12727,12727,1806,173,1570,373,1908320,11863,,,,,,277503,263130,7521,0,,,,,,202879,3540075,43054,3540075,43054,,,,,2171450,18928,,0
11/7/20,WV,B,502,491,15,11,,,287,0,,89,809962,9990,,,,,24,27742,25178,655,0,,,,,,20786,,0,837704,10645,19455,,,,,0,835140,10496
11/7/20,WY,B,105,,0,,505,505,147,6,,,123769,0,,,295907,,,16597,14045,192,0,,,,,17943,10142,,0,313850,1081,,,,,137640,0,313850,1081
11/6/20,AK,A,84,84,0,,491,491,106,9,,,763683,-1032,,,761522,,7,17618,,507,0,,,,,19404,7122,,0,781301,-525,,,,,,0,781301,-525
11/6/20,AL,A,3049,2839,23,210,21294,21294,1022,267,2110,,1217002,7161,,,,1220,,200714,170446,1556,0,,,,,,84471,,0,1387448,8341,,,65871,,1387448,8341,,0
11/6/20,AR,A+,2056,1878,19,178,7401,7401,633,75,,235,1298264,12651,,,1298264,863,105,119230,108738,1870,0,,3300,,11961,,105746,,0,1407002,14097,,21856,,73502,,0,1407002,14097
11/6/20,AS,D,0,,0,,,,,0,,,1768,0,,,,,,0,0,0,0,,,,,,,,0,1768,0,,,,,,0,1768,0
11/6/20,AZ,A+,6109,5714,22,395,22018,22018,1082,187,,250,1593981,13820,,,,,138,254764,248330,1996,0,,,,,,42652,,0,2992772,34703,323662,,,,1842311,15682,2992772,34703
11/6/20,CA,B,17866,,51,,,,3489,0,,923,18445255,123468,,,,,,951094,951094,6518,0,,,,,,,,0,19396349,129986,,,,,,0,19396349,129986
11/6/20,CO,A,2376,1978,23,398,9911,9911,1041,197,,,1186377,12903,173624,,,,,124469,116968,3463,0,14007,,,,,8478,2177091,35158,2177091,35158,187631,,,,1303345,16264,,0
11/6/20,CT,B,4671,3757,15,914,12257,12257,402,0,,,2411479,28618,,,,,,78125,73206,1065,0,,,,,,9800,,0,2489604,29683,,26512,,,,0,2484685,29563
11/6/20,DC,A+,652,,2,,,,79,0,,25,528531,5711,,,,,9,17792,,110,0,,,,,,13738,546323,5821,546323,5821,,,,,264455,1626,,0
11/6/20,DE,A+,716,629,0,87,,,114,0,,27,334846,2213,,,,,,26035,24835,282,0,,,,,27700,13766,577122,3331,577122,3331,,,,,360881,2495,,0
11/6/20,FL,A,17224,,54,,50868,50868,2564,198,,,5504450,29721,531822,517552,8179656,,,821526,779662,5150,0,62323,,60854,,1061448,,10405346,76349,10405346,76349,594540,,578706,,6325976,34871,9288035,59562
11/6/20,GA,A+,8608,8156,30,452,32317,32317,1848,100,6075,,3321627,17835,,,,,,370106,370106,1738,0,30818,,,32321,346096,,,0,3691733,19573,336077,,,,,0,3691733,19573
11/6/20,GU,A,88,,3,,,,86,0,,21,66027,564,,,,,10,5077,4998,73,0,7,79,,,,3403,,0,71104,637,209,699,,,,0,70403,615
11/6/20,HI,B,219,,0,,1138,1138,68,13,,13,295153,0,,,,,9,15785,15572,99,0,,,,,15520,11958,551803,4470,551803,4470,,,,,308090,0,,0
11/6/20,IA,A+,1818,,16,,,,912,0,,188,788507,2835,,64555,,,67,133510,133510,2778,0,,,3987,11106,,99243,,0,922017,5613,,,68582,90450,923705,5609,,0
11/6/20,ID,A,671,622,7,49,2788,2788,296,58,568,77,338656,2160,,,,,,69579,60065,1265,0,,,,,,31574,,0,398721,3045,,17332,,,398721,3045,543322,4301
11/6/20,IL,A,10397,10079,84,318,,,4090,0,,786,7749589,80352,,,,,339,465540,447491,11790,0,,,,,,,,0,8215129,92142,,,,,,0,8215129,98401
11/6/20,IN,A+,4547,4306,36,241,18005,18005,2001,207,3477,540,1576282,10511,,,,,191,200823,,4647,0,,,,,191092,130248,,0,3117069,43214,,,,,1777105,15158,3117069,43214
11/6/20,KS,A+,1166,,79,,4067,4067,693,83,1122,183,578687,7222,,,,337,62,97633,,5418,0,,,,,,2808,,0,676320,12640,,,,,676320,12640,,0
11/6/20,KY,B,1544,1520,10,24,7708,7708,1153,127,1922,299,2079371,166478,,,,,,117505,98138,2228,0,,,,,,20926,,0,2177509,168192,87275,71347,,,,0,2177509,168192
11/6/20,LA,A,6016,5787,21,229,,,644,0,,,2674761,17940,,,,,81,191715,186695,870,0,,,,,,172210,,0,2866476,18810,,,,,,0,2861456,18810
11/6/20,MA,A+,10106,9880,21,226,13373,13373,513,0,,118,2690585,18652,,,,,57,167274,162736,2113,0,,,11842,,209659,131646,,0,6547668,86357,,,128053,200056,2853321,20690,6547668,86357
11/6/20,MD,A,4194,4046,12,148,17537,17537,609,102,,152,1851665,11606,,136605,,,,151505,151505,1541,0,,,14048,,182511,8262,,0,3587697,35366,,,150653,,2003170,13147,3587697,35366
11/6/20,ME,A+,150,149,0,1,513,513,37,3,,14,668621,8031,11868,,666689,,3,7444,6565,184,0,367,25,,,8110,5830,,0,676065,8215,12247,42,,,,0,675186,8179
11/6/20,MI,A+,7880,7513,47,367,,,2425,0,,484,4984958,48339,,,4984958,,202,222509,201569,4246,0,,,,,266355,121093,,0,5207467,52585,336396,,,,,0,5251313,115366
11/6/20,MN,A,2591,2563,36,28,11193,11193,1038,177,2864,224,1793542,16911,,,,,,170307,169230,5442,0,,,,,,139190,2990965,43812,2990965,43812,,38143,,,1962772,22212,,0
11/6/20,MO,A+,3131,,25,,,,1834,0,,517,1366724,6299,83033,71709,2417371,,226,200507,200507,3931,0,5869,8808,3618,,226960,,,0,2649277,24307,89114,53513,84925,37813,1567231,10230,2649277,24307
11/6/20,MP,D,2,2,0,,4,4,,0,,,15993,0,,,,,,98,98,2,0,,,,,,29,,0,16091,2,,,,,16085,0,22633,0
11/6/20,MS,A+,3419,3063,14,356,6728,6728,695,0,,176,837208,0,,,,,82,124854,107405,967,0,95,,,,,105839,,0,962062,967,45873,106901,,,,0,942578,0
11/6/20,MT,B,419,,12,,1447,1447,437,26,,,485649,2593,,,,,,37947,37947,979,0,,,,,,23607,,0,523596,3572,,,,,,0,523596,3572
11/6/20,NC,A+,4582,4489,34,93,,,1161,0,,311,3988807,47526,,,,,,288569,275790,2908,0,,,,,,246318,,0,4277376,50434,,45126,,,,0,4264597,50143
11/6/20,ND,B,618,,17,,1817,1817,375,41,337,48,254063,930,10318,,,,,52081,51498,1805,0,719,,,,,41175,884732,11387,884732,11387,11037,,,,305665,2695,923087,12271
11/6/20,NE,A,674,,5,,3201,3201,720,53,,,536031,3615,,,907738,,,78012,78012,2124,0,,,,,91239,45658,,0,1000225,12727,,,,,614362,5739,1000225,12727
11/6/20,NH,B,488,,2,,790,790,48,2,259,,346718,2168,,,,,,12012,12012,204,0,,,,,,9894,,0,651044,6453,33242,,32350,,358730,2372,651044,6453
11/6/20,NJ,A,16416,14616,13,1800,38178,38178,1336,123,,274,4614056,43223,,,,,81,249380,249380,2161,0,,,,,,37818,,0,4863436,45384,,,,,,0,4863436,45384
11/6/20,NM,B,1088,,6,,5020,5020,402,51,,,1186181,7086,,,,,,52394,52394,1284,0,,,,,,22811,,0,1238575,8370,,,,,,0,1238575,8370
11/6/20,NV,A+,1845,,21,,,,770,0,,183,728492,4279,,,,,85,106922,106922,1562,0,,,,,,,1312492,13371,1312492,13371,,,,,835414,5841,1154583,0
11/6/20,NY,B,25910,,18,,89995,89995,1321,0,,285,14833860,157496,,,,,129,522021,522021,3209,0,,,,,,80368,15355881,160705,15355881,160705,,,,,,0,,0
11/6/20,OH,A+,5494,5165,33,329,20246,20246,2170,231,3991,547,4460636,0,,,,,280,240178,226796,5008,0,,,,,,180758,,0,4700814,5008,,,,,,0,4682517,0
11/6/20,OK,A+,1429,,16,,9438,9438,1025,100,,326,1557850,14166,,,1557850,,,131751,131751,1878,0,5285,,,,144206,113227,,0,1689601,16044,91240,,,,,0,1705067,16255
11/6/20,OR,A+,716,,6,,3378,3378,266,44,,62,848994,7806,,,1476185,,27,48608,46120,769,0,,,,,76205,5870,,0,1552390,18903,,,,,895114,8546,1552390,18903
11/6/20,PA,A+,8975,,38,,,,1597,0,,351,2408366,17030,,,,,149,223950,212258,3384,0,,,,,,165723,,0,2632316,20414,,,,,2620624,19940,4309357,54371
11/6/20,PR,B,862,659,7,203,,,518,0,,68,305972,0,,,303412,,42,36904,36904,803,0,33615,,,,7002,31915,,0,342876,803,,,,,,0,310546,0
11/6/20,RI,A+,1224,,2,,3488,3488,187,16,,21,417267,2589,,,1170141,,12,36380,36380,630,0,,,,,47775,2891,1217916,17165,1217916,17165,,,,,453647,3219,,0
11/6/20,SC,A+,4005,3748,13,257,10776,10776,767,50,,204,1714225,22579,72567,,1659483,,91,182872,173186,1233,0,9278,18123,,,227928,95045,,0,1897097,23812,81845,130900,,,,0,1887411,23549
11/6/20,SD,A,510,,28,,3023,3023,493,68,,,219551,1566,,,,,,52639,50248,1488,0,,,,,,37703,,0,272190,3054,,,,,272190,3054,465353,9013
11/6/20,TN,A+,3541,3324,32,217,10618,10618,1631,72,,505,3518263,9902,,,3466790,,191,273144,256845,1373,0,,15680,,,308318,246392,,0,3791407,11275,,135885,,,,0,3775108,11027
11/6/20,TX,A,18589,,136,,,,6070,0,,1785,7985299,87915,,,,,,1017677,942539,9239,0,49570,37196,,,1050102,807008,,0,8927838,95460,500132,462799,,,,0,8927838,95460
11/6/20,UT,A+,649,,17,,5922,5922,414,92,1216,167,969349,7297,,,1332613,465,,127279,127279,2987,0,,7054,,6794,130943,91340,,0,1463556,15707,,103488,,46831,1089995,9687,1463556,15707
11/6/20,VA,A+,3682,3432,-6,250,12936,12936,1057,71,,216,2569584,22796,,,,,96,188770,173645,1568,0,,,,,207023,21366,2743229,24023,2743229,24023,,,,,,0,,0
11/6/20,VI,D,23,23,0,,,,,0,,,23728,212,,,,,,1390,,2,0,,,,,,1340,,0,25118,214,,,,,,0,25153,219
11/6/20,VT,B,58,58,0,,,,4,0,,2,189374,667,,,,,,2354,2327,28,0,,,,,,1904,,0,428851,4429,,,,,191701,693,428851,4429
11/6/20,WA,B,2431,2431,15,,8784,8784,492,49,,128,2428524,20510,,,,,48,119257,116779,1872,0,,,,,,,2541074,21580,2541074,21580,,,,,,0,,0
11/6/20,WI,A+,2333,2256,64,77,12554,12554,1787,244,1557,385,1896457,14644,,,,,,269982,256065,6411,0,,,,,,198090,3497021,56991,3497021,56991,,,,,2152522,20785,,0
11/6/20,WV,B,487,478,7,9,,,280,0,,93,799972,9427,,,,,31,27087,24672,540,0,,,,,,20465,,0,827059,9967,19416,,,,,0,824644,9900
11/6/20,WY,B,105,,0,,499,499,147,7,,,123769,965,,,295088,,,16405,13871,996,0,,,,,17681,10012,,0,312769,4564,,,,,137640,1882,312769,4564
11/5/20,AK,A,84,84,0,,482,482,104,6,,,764715,153755,,,757381,,7,17111,,313,0,,,,,24089,7125,,0,781826,154068,,,,,,0,781826,154068
11/5/20,AL,A,3026,2818,20,208,21027,21027,994,0,2100,,1209841,6344,,,,1214,,199158,169266,1381,0,,,,,,84471,,0,1379107,7495,,,65657,,1379107,7495,,0
11/5/20,AR,A+,2037,1863,11,174,7326,7326,633,53,,235,1285613,11628,,,1285613,859,105,117360,107292,1548,0,,3300,,11451,,104816,,0,1392905,12783,,21856,,70983,,0,1392905,12783
11/5/20,AS,D,0,,0,,,,,0,,,1768,0,,,,,,0,0,0,0,,,,,,,,0,1768,0,,,,,,0,1768,0
11/5/20,AZ,A+,6087,5707,28,380,21831,21831,1100,45,,254,1580161,12297,,,,,128,252768,246468,2135,0,,,,,,42317,,0,2958069,35256,322766,,,,1826629,14303,2958069,35256
11/5/20,CA,B,17815,,63,,,,3462,0,,922,18321787,80785,,,,,,944576,944576,4566,0,,,,,,,,0,19266363,85351,,,,,,0,19266363,85351
11/5/20,CO,A,2353,1956,20,397,9714,9714,1016,96,,,1173474,11264,173088,,,,,121006,113607,3369,0,13913,,,,,8366,2141933,32819,2141933,32819,187001,,,,1287081,14587,,0
11/5/20,CT,B,4656,3744,11,912,12257,12257,380,0,,,2382861,56357,,,,,,77060,72261,1687,0,,,,,,9800,,0,2459921,58044,,26512,,,,0,2455122,57380
11/5/20,DC,A+,650,,3,,,,83,0,,26,522820,3330,,,,,24,17682,,81,0,,,,,,13653,540502,3411,540502,3411,,,,,262829,1122,,0
11/5/20,DE,A+,716,629,4,87,,,113,0,,28,332633,1503,,,,,,25753,24554,219,0,,,,,27537,13685,573791,1308,573791,1308,,,,,358386,1722,,0
11/5/20,FL,A,17170,,39,,50670,50670,2523,191,,,5474729,37818,525620,509924,8126664,,,816376,775950,6120,0,60753,,59014,,1055010,,10328997,92039,10328997,92039,586749,,569222,,6291105,43938,9228473,71991
11/5/20,GA,A+,8578,8126,56,452,32217,32217,1780,175,6058,,3303792,22966,,,,,,368368,368368,1916,0,30621,,,31257,344574,,,0,3672160,24882,334992,,,,,0,3672160,24882
11/5/20,GU,A,85,,2,,,,90,0,,20,65463,610,,,,,11,5004,4931,101,0,7,73,,,,3352,,0,70467,711,208,677,,,,0,69788,696
11/5/20,HI,B,219,,0,,1125,1125,57,1,,11,295153,0,,,,,8,15686,15473,155,0,,,,,15406,11958,547333,5848,547333,5848,,,,,308090,0,,0
11/5/20,IA,A+,1802,,15,,,,839,0,,188,785672,4358,,64339,,,60,130732,130732,3992,0,,,3970,10502,,98037,,0,916404,8350,,,68349,88445,918096,8340,,0
11/5/20,ID,A,664,616,17,48,2730,2730,296,39,566,77,336496,1746,,,,,,68314,59180,1290,0,,,,,,31210,,0,395676,2703,,12903,,,395676,2703,539021,3956
11/5/20,IL,A,10313,10030,97,283,,,3891,0,,772,7669237,76080,,,,,343,453750,447491,9935,0,,,,,,,,0,8122987,86015,,,,,,0,8116728,86015
11/5/20,IN,A+,4511,4269,47,242,17798,17798,1948,185,3433,568,1565771,9039,,,,,197,196176,,4412,0,,,,,187475,128674,,0,3073855,41093,,,,,1761947,13451,3073855,41093
11/5/20,KS,A+,1087,,0,,3984,3984,567,0,1106,160,571465,0,,,,334,60,92215,,0,0,,,,,,2753,,0,663680,0,,,,,663680,0,,0
11/5/20,KY,B,1534,1511,20,23,7581,7581,1102,134,1869,291,1912893,26248,,,,,,115277,96424,2268,0,,,,,,20304,,0,2009317,27981,87080,70171,,,,0,2009317,27981
11/5/20,LA,A,5995,5766,20,229,,,636,0,,,2656821,21066,,,,,82,190845,185825,681,0,,,,,,172210,,0,2847666,21747,,,,,,0,2842646,21747
11/5/20,MA,A+,10085,9859,23,226,13373,13373,498,74,,115,2671933,22693,,,,,56,165161,160698,1862,0,,,,,207306,131646,,0,6461311,86359,,,127372,197543,2832631,24454,6461311,86359
11/5/20,MD,A,4182,4035,10,147,17435,17435,588,72,,157,1840059,9758,,136605,,,,149964,149964,1198,0,,,14048,,180737,8255,,0,3552331,27944,,,150653,,1990023,10956,3552331,27944
11/5/20,ME,A+,150,149,0,1,510,510,38,3,,17,660590,10417,11861,,658665,,2,7260,6417,183,0,364,23,,,7957,5751,,0,667850,10600,12237,39,,,,0,667007,10593
11/5/20,MI,A+,7833,7470,51,363,,,2280,0,,475,4936619,55103,,,4936619,,194,218263,197806,6103,0,,,,,260736,121093,,0,5154882,61206,333334,,,,,0,5135947,0
11/5/20,MN,A,2555,2530,25,25,11016,11016,931,167,2839,216,1776631,17089,,,,,,164865,163929,3942,0,,,,,,137824,2947153,32216,2947153,32216,,37178,,,1940560,20948,,0
11/5/20,MO,A+,3106,,18,,,,1774,0,,511,1360425,6493,82881,71709,2397240,,233,196576,196576,3553,0,5812,8468,3618,,222827,,,0,2624970,22090,88905,51692,84750,35931,1557001,10046,2624970,22090
11/5/20,MP,D,2,2,0,,4,4,,0,,,15993,0,,,,,,96,96,0,0,,,,,,29,,0,16089,0,,,,,16085,0,22633,0
11/5/20,MS,A+,3405,3053,8,352,6728,6728,640,0,,154,837208,0,,,,,76,123887,106882,1612,0,95,,,,,105839,,0,961095,1612,45873,106901,,,,0,942578,0
11/5/20,MT,B,407,,3,,1421,1421,414,19,,,483056,1723,,,,,,36968,36968,1013,0,,,,,,23300,,0,520024,2736,,,,,,0,520024,2736
11/5/20,NC,A+,4548,4457,41,91,,,1193,0,,323,3941281,39825,,,,,,285661,273173,2859,0,,,,,,246318,,0,4226942,42684,,41718,,,,0,4214454,42323
11/5/20,ND,B,601,,29,,1776,1776,366,38,333,51,253133,345,10288,,,,,50276,49742,1572,0,710,,,,,40017,873345,9017,873345,9017,10998,,,,302970,1889,910816,9773
11/5/20,NE,A,669,,9,,3148,3148,698,26,,,532416,2586,,,897377,,,75888,75888,1828,0,,,,,88869,45772,,0,987498,11966,,,,,608623,4414,987498,11966
11/5/20,NH,B,486,,2,,788,788,44,1,259,,344550,4977,,,,,,11808,11808,245,0,,,,,,9776,,0,644591,9321,33216,,32326,,356358,5222,644591,9321
11/5/20,NJ,A,16403,14603,12,1800,38055,38055,1224,97,,238,4570833,46999,,,,,85,247219,247219,1962,0,,,,,,37696,,0,4818052,48961,,,,,,0,4818052,51393
11/5/20,NM,B,1082,,23,,4969,4969,400,73,,,1179095,10541,,,,,,51110,51110,859,0,,,,,,22459,,0,1230205,11400,,,,,,0,1230205,11400
11/5/20,NV,A+,1824,,10,,,,740,0,,170,724213,4763,,,,,75,105360,105360,1267,0,,,,,,,1299121,12915,1299121,12915,,,,,829573,6030,1154583,0
11/5/20,NY,B,25892,,24,,89995,89995,1277,0,,268,14676364,158022,,,,,128,518812,518812,2997,0,,,,,,80225,15195176,161019,15195176,161019,,,,,,0,,0
11/5/20,OH,A+,5461,5133,33,328,20015,20015,2075,214,3969,541,4460636,46429,,,,,270,235170,221881,4961,0,,,,,,178646,,0,4695806,51390,,,,,,0,4682517,51281
11/5/20,OK,A+,1413,,21,,9338,9338,1055,119,,337,1543684,14339,,,1543684,,,129873,129873,2101,0,5049,,,,142196,111695,,0,1673557,16440,89217,,,,,0,1688812,16911
11/5/20,OR,A+,710,,5,,3334,3334,322,22,,62,841188,5283,,,1458457,,27,47839,45380,790,0,,,,,75030,5870,,0,1533487,14560,,,,,886568,6037,1533487,14560
11/5/20,PA,A+,8937,,47,,,,1599,0,,335,2391336,17071,,,,,147,220566,209348,2900,0,,,,,,165424,,0,2611902,19971,,,,,2600684,19619,4254986,47536
11/5/20,PR,B,855,653,5,202,,,483,0,,60,305972,0,,,303412,,40,36101,36101,294,0,33315,,,,7002,31182,,0,342073,294,,,,,,0,310546,0
11/5/20,RI,A+,1222,,8,,3472,3472,182,40,,20,414678,2779,,,1153730,,11,35750,35750,628,0,,,,,47021,2881,1200751,16392,1200751,16392,,,,,450428,3407,,0
11/5/20,SC,A+,3992,3736,7,256,10726,10726,755,70,,214,1691646,6628,72237,,1637644,,102,181639,172216,769,0,9176,17719,,,226218,94333,,0,1873285,7397,81413,126687,,,,0,1863862,7202
11/5/20,SD,A,482,,22,,2955,2955,475,82,,,217985,980,,,,,,51151,48833,1360,0,,,,,,37059,,0,269136,2340,,,,,269136,2340,456340,5909
11/5/20,TN,A+,3509,3297,31,212,10546,10546,1701,62,,482,3508361,17779,,,3457022,,209,271771,255720,1969,0,,15455,,,307059,243492,,0,3780132,19748,,132225,,,,0,3764081,19441
11/5/20,TX,A,18453,,133,,,,5954,0,,1749,7897384,85189,,,,,,1008438,934994,10171,0,49570,36170,,,1038293,802611,,0,8832378,93783,500132,450761,,,,0,8832378,93783
11/5/20,UT,A+,632,,7,,5830,5830,409,75,1202,158,962052,9585,,,1319404,465,,124292,124292,2807,0,,6720,,6470,128445,89837,,0,1447849,18463,,100163,,45298,1080308,12642,1447849,18463
11/5/20,VA,A+,3688,3426,11,262,12865,12865,1064,68,,240,2546788,17449,,,,,104,187202,172418,1366,0,,,,,205694,21289,2719206,18441,2719206,18441,,,,,,0,,0
11/5/20,VI,D,23,23,0,,,,,0,,,23516,158,,,,,,1388,,0,0,,,,,,1332,,0,24904,158,,,,,,0,24934,158
11/5/20,VT,B,58,58,0,,,,7,0,,4,188707,900,,,,,,2326,2301,38,0,,,,,,1888,,0,424422,5623,,,,,191008,935,424422,5623
11/5/20,WA,B,2416,2416,16,,8735,8735,476,60,,128,2408014,22874,,,,,62,117385,114990,1595,0,,,,,,,2519494,24343,2519494,24343,,,,,,0,,0
11/5/20,WI,A+,2269,2194,40,75,12310,12310,1774,223,1542,376,1881813,9518,,,,,,263571,249924,6284,0,,,,,,193369,3440030,31577,3440030,31577,,,,,2131737,15440,,0
11/5/20,WV,B,480,471,8,9,,,281,0,,93,790545,10324,,,,,31,26547,24199,560,0,,,,,,20175,,0,817092,10884,19360,,,,,0,814744,10773
11/5/20,WY,B,105,,0,,492,492,134,11,,,122804,2087,,,291142,,,15409,12954,365,0,,,,,17063,9709,,0,308205,4955,,,,,135758,2642,308205,4955
11/4/20,AK,A,84,84,0,,476,476,95,4,,,610960,2595,,,611067,,9,16798,,408,0,,,,,16353,7124,,0,627758,3003,,,,,,0,627758,3003
11/4/20,AL,A,3006,2799,19,207,21027,21027,1017,126,2089,,1203497,7075,,,,1207,,197777,168115,1848,0,,,,,,84471,,0,1371612,8563,,,65256,,1371612,8563,,0
11/4/20,AR,A+,2026,1854,23,172,7273,7273,627,79,,234,1273985,10323,,,1273985,856,106,115812,106137,1293,0,,3300,,11000,,103762,,0,1380122,11237,,21856,,68146,,0,1380122,11237
11/4/20,AS,D,0,,0,,,,,0,,,1768,0,,,,,,0,0,0,0,,,,,,,,0,1768,0,,,,,,0,1768,0
11/4/20,AZ,A+,6059,5701,39,358,21786,21786,1065,160,,241,1567864,8411,,,,,127,250633,244462,815,0,,,,,,42039,,0,2922813,34495,321891,,,,1812326,9091,2922813,34495
11/4/20,CA,B,17752,,66,,,,3410,0,,901,18241002,100753,,,,,,940010,940010,5338,0,,,,,,,,0,19181012,106091,,,,,,0,19181012,106091
11/4/20,CO,A,2333,1935,22,398,9618,9618,970,438,,,1162210,9774,172469,,,,,117637,110284,2928,0,13795,,,,,8268,2109114,26963,2109114,26963,186264,,,,1272494,12641,,0
11/4/20,CT,B,4645,3736,18,909,12257,12257,374,0,,,2326504,32368,,,,,,75373,71238,1515,0,,,,,,9800,,0,2401877,33883,,,,,,0,2397742,33780
11/4/20,DC,A+,647,,0,,,,92,0,,29,519490,3595,,,,,14,17601,,77,0,,,,,,13601,537091,3672,537091,3672,,,,,261707,1089,,0
11/4/20,DE,A+,712,625,0,87,,,114,0,,28,331130,889,,,,,,25534,24336,108,0,,,,,27486,13598,572483,2423,572483,2423,,,,,356664,997,,0
11/4/20,FL,A,17131,,32,,50479,50479,2489,181,,,5436911,17075,525620,509924,8062691,,,810256,771364,4332,0,60753,,59014,,1047159,,10236958,54498,10236958,54498,586749,,569222,,6247167,21407,9156482,24719
11/4/20,GA,A+,8522,8072,43,450,32042,32042,1782,149,6031,,3280826,26585,,,,,,366452,366452,1863,0,30453,,,30829,342706,,,0,3647278,28448,334128,,,,,0,3647278,28448
11/4/20,GU,A,83,,3,,,,94,0,,22,64853,637,,,,,12,4903,4830,91,0,7,73,,,,3228,,0,69756,728,208,662,,,,0,69092,627
11/4/20,HI,B,219,,0,,1124,1124,57,13,,11,295153,0,,,,,8,15531,15318,87,0,,,,,15252,11930,541485,4064,541485,4064,,,,,308090,0,,0
11/4/20,IA,A+,1787,,24,,,,777,0,,182,781314,2642,,64044,,,63,126740,126740,2276,0,,,3952,9782,,96753,,0,908054,4918,,,68036,86091,909756,4920,,0
11/4/20,ID,A,647,600,15,47,2691,2691,155,48,560,55,334750,1856,,,,,,67024,58223,1179,0,,,,,,30844,,0,392973,2682,,,,,392973,2682,535065,4286
11/4/20,IL,A,10216,9933,55,283,,,3761,0,,776,7593157,64319,,,,,327,443815,437556,7538,0,,,,,,,,0,8036972,71857,,,,,,0,8030713,71857
11/4/20,IN,#REF!,4464,4224,25,240,17613,17613,1897,229,3393,545,1556732,11223,,,,,183,191764,,3698,0,,,,,183083,127143,,0,3032762,37419,,,,,1748496,14921,3032762,37419
11/4/20,KS,A+,1087,,41,,3984,3984,567,91,1106,160,571465,5425,,,,334,60,92215,,2988,0,,,,,,2753,,0,663680,8413,,,,,663680,8413,,0
11/4/20,KY,B,1514,1491,11,23,7447,7447,1066,103,1815,286,1886645,46233,,,,,,113009,94691,1630,0,,,,,,19667,,0,1981336,47517,86811,67962,,,,0,1981336,47517
11/4/20,LA,A,5975,5746,24,229,,,623,0,,,2635755,7043,,,,,77,190164,185144,1016,0,,,,,,172210,,0,2825919,8059,,,,,,0,2820899,7418
11/4/20,MA,A+,10062,9836,27,226,13299,13299,502,0,,109,2649240,20388,,,,,55,163299,158937,1714,0,,,,,205314,127054,,0,6374952,103066,,,127372,195447,2808177,22017,6374952,103066
11/4/20,MD,A,4172,4025,10,147,17363,17363,595,51,,154,1830301,10167,,136605,,,,148766,148766,1000,0,,,14048,,179340,8235,,0,3524387,25270,,,150653,,1979067,11167,3524387,25270
11/4/20,ME,A+,150,149,2,1,507,507,36,5,,12,650173,9138,11839,,648304,,2,7077,6241,151,0,363,0,,,7729,5686,,0,657250,9289,12214,11,,,,0,656414,9241
11/4/20,MI,A+,7782,7419,21,363,,,2215,0,,470,4881516,38789,,,4881516,,199,212160,192096,4397,0,,,,,254431,121093,,0,5093676,43186,333334,,,,,0,5135947,43267
11/4/20,MN,A,2530,2505,31,25,10849,10849,908,202,2805,203,1759542,16625,,,,,,160923,160070,3827,0,,,,,,136457,2914937,31199,2914937,31199,,34654,,,1919612,20382,,0
11/4/20,MO,A+,3088,,24,,,,1632,0,,504,1353932,5093,82687,71709,2378893,,226,193023,193023,2599,0,5730,8149,3618,,219118,,,0,2602880,17600,88626,47768,84502,33222,1546955,7692,2602880,17600
11/4/20,MP,D,2,2,0,,4,4,,0,,,15993,0,,,,,,96,96,0,0,,,,,,29,,0,16089,0,,,,,16085,0,22633,0
11/4/20,MS,A+,3397,3045,13,352,6728,6728,689,0,,168,837208,0,,,,,73,122275,106024,766,0,95,,,,,105839,,0,959483,766,45873,106901,,,,0,942578,0
11/4/20,MT,B,404,,5,,1402,1402,407,18,,,481333,3968,,,,,,35955,35955,796,0,,,,,,22146,,0,517288,4764,,,,,,0,517288,4764
11/4/20,NC,A+,4507,4418,50,89,,,1186,0,,327,3901456,24355,,,,,,282802,270675,2425,0,,,,,,246318,,0,4184258,26780,,39185,,,,0,4172131,26417
11/4/20,ND,B,572,,12,,1738,1738,352,36,324,54,252788,485,10265,,,,,48704,48223,1172,0,702,,,,,39163,864328,7956,864328,7956,10967,,,,301081,1591,901043,8486
11/4/20,NE,A,660,,4,,3122,3122,673,46,,,529830,2386,,,887405,,,74060,74060,1440,0,,,,,86884,45522,,0,975532,15068,,,,,604209,3829,975532,15068
11/4/20,NH,B,484,,1,,787,787,42,3,259,,339573,827,,,,,,11563,11563,115,0,,,,,,9625,,0,635270,4226,33156,,32271,,351136,942,635270,4226
11/4/20,NJ,A,16391,14591,16,1800,37958,37958,1213,87,,238,4523834,0,,,,,80,245257,245257,2432,0,,,,,,37559,,0,4769091,2432,,,,,,0,4766659,0
11/4/20,NM,B,1059,,14,,4896,4896,393,59,,,1168554,15447,,,,,,50251,50251,1011,0,,,,,,22274,,0,1218805,16458,,,,,,0,1218805,16458
11/4/20,NV,A+,1814,,7,,,,696,0,,162,719450,2579,,,,,72,104093,104093,1068,0,,,,,,,1286206,8262,1286206,8262,,,,,823543,3647,1154583,0
11/4/20,NY,B,25868,,15,,89995,89995,1253,0,,284,14518342,131408,,,,,129,515815,515815,2126,0,,,,,,80109,15034157,133534,15034157,133534,,,,,,0,,0
11/4/20,OH,A+,5428,5102,55,326,19801,19801,1982,186,3946,502,4414207,35630,,,,,272,230209,217119,4071,0,,,,,,176415,,0,4644416,39701,,,,,,0,4631236,39309
11/4/20,OK,A+,1392,,17,,9219,9219,1026,115,,349,1529345,8532,,,1529345,,,127772,127772,1246,0,5049,,,,139642,110453,,0,1657117,9778,89217,,,,,0,1671901,8885
11/4/20,OR,A+,705,,4,,3312,3312,237,34,,66,835905,4961,,,1444842,,26,47049,44626,589,0,,,,,74085,5870,,0,1518927,14520,,,,,880531,5510,1518927,14520
11/4/20,PA,A+,8890,,35,,,,1531,0,,316,2374265,19919,,,,,139,217666,206800,2795,0,,,,,,163249,,0,2591931,22714,,,,,2581065,22356,4207450,51063
11/4/20,PR,B,850,648,8,202,,,459,0,,60,305972,0,,,303412,,46,35807,35807,57,0,33213,,,,7002,30568,,0,341779,57,,,,,,0,310546,0
11/4/20,RI,A+,1214,,2,,3432,3432,169,26,,21,411899,2918,,,1138055,,11,35122,35122,579,0,,,,,46304,2856,1184359,14300,1184359,14300,,,,,447021,3497,,0
11/4/20,SC,A+,3985,3728,17,257,10656,10656,783,57,,210,1685018,9847,72151,,1631123,,112,180870,171642,918,0,9162,17465,,,225537,93533,,0,1865888,10765,81313,124113,,,,0,1856660,10627
11/4/20,SD,A,460,,14,,2873,2873,483,49,,,217005,649,,,,,,49791,47653,937,0,,,,,,35423,,0,266796,1586,,,,,266796,1586,450431,6185
11/4/20,TN,A+,3478,3270,24,208,10484,10484,1716,77,,497,3490582,22375,,,3439554,,211,269802,254058,3445,0,,15126,,,305086,240587,,0,3760384,25820,,126401,,,,0,3744640,25442
11/4/20,TX,A,18320,,126,,,,5872,0,,1744,7812195,88275,,,,,,998267,926400,9817,0,49145,35184,,,1027079,797586,,0,8738595,96339,497255,441588,,,,0,8738595,96339
11/4/20,UT,A+,625,,5,,5755,5755,401,90,1183,158,952467,3403,,,1304153,456,,121485,121485,2110,0,,6519,,6274,125233,88347,,0,1429386,8531,,98113,,44320,1067666,4517,1429386,8531
11/4/20,VA,A+,3677,3416,11,261,12797,12797,1041,58,,231,2529339,14247,,,,,102,185836,171426,1157,0,,,,,204362,20372,2700765,15096,2700765,15096,,,,,,0,,0
11/4/20,VI,D,23,23,1,,,,,0,,,23358,178,,,,,,1388,,3,0,,,,,,1329,,0,24746,181,,,,,,0,24776,181
11/4/20,VT,B,58,58,0,,,,8,0,,4,187807,927,,,,,,2288,2266,31,0,,,,,,1870,,0,418799,2653,,,,,190073,954,418799,2653
11/4/20,WA,B,2400,2400,22,,8675,8675,480,41,,131,2385140,24309,,,,,58,115790,113482,1706,0,,,,,,,2495151,24966,2495151,24966,,,,,,0,,0
11/4/20,WI,A+,2229,2156,58,73,12087,12087,1747,243,1530,360,1872295,10333,,,,,,257287,244002,6255,0,,,,,,189331,3408453,31365,3408453,31365,,,,,2116297,16268,,0
11/4/20,WV,B,472,464,3,8,,,269,0,,88,780221,5406,,,,,33,25987,23750,394,0,,,,,,19852,,0,806208,5800,19304,,,,,0,803971,5710
11/4/20,WY,B,105,,12,,481,481,138,10,,,120717,0,,,286777,,,15044,12675,425,0,,,,,16473,9501,,0,303250,5162,,,,,133116,0,303250,5162
11/3/20,AK,A,84,84,0,,472,472,97,2,,,608365,4202,,,608225,,9,16390,,383,0,,,,,16196,7113,,0,624755,4585,,,,,,0,624755,4585
11/3/20,AL,A,2987,2782,14,205,20901,20901,1022,451,2081,,1196422,5986,,,,1203,,195929,166627,1037,0,,,,,,81005,,0,1363049,6629,,,65053,,1363049,6629,,0
11/3/20,AR,A+,2003,1833,18,170,7194,7194,652,84,,246,1263662,4936,,,1263662,851,113,114519,105223,878,0,,3300,,10565,,102666,,0,1368885,5456,,21856,,65159,,0,1368885,5456
11/3/20,AS,D,0,,0,,,,,0,,,1768,0,,,,,,0,0,0,0,,,,,,,,0,1768,0,,,,,,0,1768,0
11/3/20,AZ,A+,6020,5679,38,341,21626,21626,956,53,,227,1559453,9071,,,,,112,249818,243782,1679,0,,,,,,41776,,0,2888318,33230,321393,,,,1803235,10633,2888318,33230
11/3/20,CA,B,17686,,14,,,,3270,0,,840,18140249,158376,,,,,,934672,934672,4044,0,,,,,,,,0,19074921,162420,,,,,,0,19074921,162420
11/3/20,CO,A,2311,1915,19,396,9180,9180,925,66,,,1152436,8255,172080,,,,,114709,107417,2562,0,13725,,,,,8179,2082151,21509,2082151,21509,185805,,,,1259853,10725,,0
11/3/20,CT,B,4627,3718,0,909,12257,12257,340,0,,,2294136,0,,,,,,73858,69826,0,0,,,,,,9800,,0,2367994,0,,,,,,0,2363962,0
11/3/20,DC,A+,647,,0,,,,93,0,,30,515895,5159,,,,,14,17524,,86,0,,,,,,13517,533419,5245,533419,5245,,,,,260618,1635,,0
11/3/20,DE,A+,712,625,2,87,,,107,0,,25,330241,882,,,,,,25426,24236,115,0,,,,,27364,13497,570060,4077,570060,4077,,,,,355667,997,,0
11/3/20,FL,A,17099,,56,,50298,50298,2486,235,,,5419836,20822,525620,509924,8042023,,,805924,768129,4553,0,60753,,59014,,1043239,,10182460,55696,10182460,55696,586749,,569222,,6225760,25375,9131763,8967
11/3/20,GA,A+,8479,8029,480,450,31893,31893,1761,158,5997,,3254241,20462,,,,,,364589,364589,1668,0,30316,,,29937,341068,,,0,3618830,22130,333439,,,,,0,3618830,22130
11/3/20,GU,A,80,,1,,,,94,0,,22,64216,1245,,,,,10,4812,4748,119,0,7,64,,,,3221,,0,69028,1364,208,561,,,,0,68465,1847
11/3/20,HI,B,219,,0,,1111,1111,65,4,,11,295153,0,,,,,8,15444,15231,77,0,,,,,15167,11868,537421,3749,537421,3749,,,,,308090,0,,0
11/3/20,IA,A+,1763,,22,,,,730,0,,170,778672,1050,,63813,,,59,124464,124464,1092,0,,,3938,9145,,95500,,0,903136,2142,,,67791,84206,904836,2155,,0
11/3/20,ID,A,632,588,2,44,2643,2643,155,28,555,55,332894,1715,,,,,,65845,57397,757,0,,,,,,30525,,0,390291,2356,,,,,390291,2356,530779,4767
11/3/20,IL,A,10161,9878,68,283,,,3594,0,,755,7528838,75919,,,,,326,436277,430018,6516,0,,,,,,,,0,7965115,82435,,,,,,0,7958856,82435
11/3/20,IN,#REF!,4439,4199,49,240,17384,17384,1867,229,3356,566,1545509,7852,,,,,194,188066,,2881,0,,,,,180092,125661,,0,2995343,25013,,,,,1733575,10733,2995343,25013
11/3/20,KS,A+,1046,,0,,3893,3893,373,0,1082,110,566040,0,,,,328,39,89227,,0,0,,,,,,2682,,0,655267,0,,,,,655267,0,,0
11/3/20,KY,B,1503,1480,11,23,7344,7344,1037,139,1778,259,1840412,6500,,,,,,111379,93407,1709,0,,,,,,19043,,0,1933819,7679,86625,65671,,,,0,1933819,7679
11/3/20,LA,A,5951,5737,17,214,,,619,0,,,2628712,28223,,,,,84,189148,184769,1153,0,,,,,,168634,,0,2817860,29376,,,,,,0,2813481,29376
11/3/20,MA,A+,10035,9809,12,226,13299,13299,485,0,,96,2628852,13154,,,,,51,161585,157308,1036,0,,,,,203311,127054,,0,6271886,54843,,,127372,193148,2786160,14077,6271886,54843
11/3/20,MD,A,4162,4015,7,147,17312,17312,562,60,,143,1820134,6684,,134409,,,,147766,147766,771,0,,,13664,,178077,8223,,0,3499117,19887,,,148073,,1967900,7455,3499117,19887
11/3/20,ME,A+,148,147,0,1,502,502,31,7,,10,641035,3399,11821,,639228,,1,6926,6138,127,0,363,0,,,7568,5632,,0,647961,3526,12196,10,,,,0,647173,3498
11/3/20,MI,A+,7761,7400,45,361,,,2059,0,,444,4842727,38754,,,4842727,,183,207763,187995,3437,0,,,,,249953,121093,,0,5050490,42191,332703,,,,,0,5092680,43252
11/3/20,MN,A,2499,2478,15,21,10647,10647,852,210,2760,197,1742917,3628,,,,,,157096,156313,3476,0,,,,,,134227,2883738,10975,2883738,10975,,32693,,,1899230,7007,,0
11/3/20,MO,A+,3064,,33,,,,1631,0,,476,1348839,8927,82472,71709,2364104,,218,190424,190424,2238,0,5685,7864,3618,,216333,,,0,2585280,31506,88365,46335,84265,32264,1539263,11165,2585280,31506
11/3/20,MP,D,2,2,0,,4,4,,0,,,15993,0,,,,,,96,96,0,0,,,,,,29,,0,16089,0,,,,,16085,0,22633,0
11/3/20,MS,A+,3384,3036,36,348,6728,6728,672,0,,168,837208,0,,,,,73,121509,105745,644,0,95,,,,,105839,,0,958717,644,45873,106901,,,,0,942578,0
11/3/20,MT,B,399,,13,,1384,1384,389,11,,,477365,2686,,,,,,35159,35159,907,0,,,,,,21990,,0,512524,3593,,,,,,0,512524,3593
11/3/20,NC,A+,4457,4371,67,86,,,1175,0,,331,3877101,27533,,,,,,280377,268613,2349,0,,,,,,246318,,0,4157478,29882,,35890,,,,0,4145714,29695
11/3/20,ND,B,560,,15,,1702,1702,335,46,322,46,252303,871,10242,,,,,47532,47108,1221,0,691,,,,,38236,856372,7607,856372,7607,10933,,,,299490,2043,892557,8000
11/3/20,NE,A,656,,2,,3076,3076,642,26,,,527444,1906,,,873886,,,72620,72620,954,0,,,,,85332,45108,,0,960464,9967,,,,,600380,2860,960464,9967
11/3/20,NH,B,483,,0,,784,784,41,3,257,,338746,1868,,,,,,11448,11448,128,0,,,,,,9515,,0,631044,4512,33122,,32243,,350194,1996,631044,4512
11/3/20,NJ,A,16375,14582,18,1793,37871,37871,1133,133,,216,4523834,43034,,,,,78,242825,242825,1828,0,,,,,,37394,,0,4766659,44862,,,,,,0,4766659,44862
11/3/20,NM,B,1045,,9,,4837,4837,401,100,,,1153107,9884,,,,,,49240,49240,1136,0,,,,,,21942,,0,1202347,11020,,,,,,0,1202347,11020
11/3/20,NV,A+,1807,,23,,,,695,0,,176,716871,2552,,,,,75,103025,103025,911,0,,,,,,,1277944,7301,1277944,7301,,,,,819896,3463,1154583,0
11/3/20,NY,B,25853,,15,,89995,89995,1227,0,,268,14386934,125548,,,,,120,513689,513689,2321,0,,,,,,79990,14900623,127869,14900623,127869,,,,,,0,,0
11/3/20,OH,A+,5373,5049,33,324,19615,19615,1960,213,3924,509,4378577,35583,,,,,263,226138,213350,4229,0,,,,,,174130,,0,4604715,39812,,,,,,0,4591927,39659
11/3/20,OK,A+,1375,,21,,9104,9104,974,170,,336,1520813,26181,,,1520813,,,126526,126526,1331,0,5049,,,,138655,109234,,0,1647339,27512,89217,,,,,0,1663016,30315
11/3/20,OR,A+,701,,9,,3278,3278,237,27,,66,830944,5022,,,1431232,,26,46460,44077,482,0,,,,,73175,5870,,0,1504407,13313,,,,,875021,5466,1504407,13313
11/3/20,PA,A+,8855,,32,,,,1417,0,,301,2354346,15682,,,,,134,214871,204363,2875,0,,,,,,161153,,0,2569217,18557,,,,,2558709,18281,4156387,40043
11/3/20,PR,B,842,642,3,200,,,421,0,,63,305972,0,,,303412,,48,35750,35750,345,0,33193,,,,7002,29763,,0,341722,345,,,,,,0,310546,0
11/3/20,RI,A+,1212,,2,,3406,3406,177,21,,24,408981,2475,,,1124452,,12,34543,34543,423,0,,,,,45607,2825,1170059,11672,1170059,11672,,,,,443524,2898,,0
11/3/20,SC,A+,3968,3713,22,255,10599,10599,737,66,,202,1675171,12050,72029,,1621681,,104,179952,170862,1035,0,9130,17251,,,224352,92763,,0,1855123,13085,81159,121231,,,,0,1846033,12864
11/3/20,SD,A,446,,8,,2824,2824,480,69,,,216356,1069,,,,,,48854,46858,1004,0,,,,,,35041,,0,265210,2083,,,,,265210,2083,444246,3303
11/3/20,TN,A+,3454,3249,75,205,10407,10407,1609,67,,477,3468207,12137,,,3417520,,199,266357,250991,1770,0,,14799,,,301678,237736,,0,3734564,13907,,125198,,,,0,3719198,13772
11/3/20,TX,A,18194,,97,,,,5936,0,,1734,7723920,88992,,,,,,988450,918336,10665,0,48506,34271,,,1016443,792286,,0,8642256,97290,491876,429996,,,,0,8642256,97290
11/3/20,UT,A+,620,,6,,5665,5665,382,89,1170,152,949064,5600,,,1296805,451,,119375,119375,1669,0,,5946,,5708,124050,87211,,0,1420855,10710,,94182,,42278,1063149,7167,1420855,10710
11/3/20,VA,A+,3666,3408,8,258,12739,12739,1026,65,,222,2515092,21449,,,,,97,184679,170577,1261,0,,,,,203259,20306,2685669,22514,2685669,22514,,,,,,0,,0
11/3/20,VI,D,22,22,1,,,,,0,,,23180,39,,,,,,1385,,7,0,,,,,,1327,,0,24565,46,,,,,,0,24595,50
11/3/20,VT,B,58,58,0,,,,3,0,,3,186880,263,,,,,,2257,2239,22,0,,,,,,1833,,0,416146,628,,,,,189119,283,416146,628
11/3/20,WA,B,2378,2378,12,,8634,8634,471,23,,124,2360831,0,,,,,48,114084,111856,543,0,,,,,,,2470185,1039,2470185,1039,,,,,,0,,0
11/3/20,WI,A+,2171,2102,58,69,11844,11844,1714,247,1514,347,1861962,15344,,,,,,251032,238067,6104,0,,,,,,185241,3377088,49173,3377088,49173,,,,,2100029,21115,,0
11/3/20,WV,B,469,461,11,8,,,271,0,,83,774815,5559,,,,,35,25593,23446,358,0,,,,,,19617,,0,800408,5917,19237,,,,,0,798261,5786
11/3/20,WY,B,93,,6,,471,471,124,13,,,120717,866,,,282360,,,14619,12399,452,0,,,,,15728,9312,,0,298088,6390,,,,,133116,1206,298088,6390
11/2/20,AK,A,84,84,1,,470,470,97,8,,,604163,15619,,,604003,,6,16007,,344,0,,,,,15834,7110,,0,620170,15963,,,,,,0,620170,15963
11/2/20,AL,A,2973,2767,0,206,20450,20450,967,0,2067,,1190436,3095,,,,1193,,194892,165984,907,0,,,,,,81005,,0,1356420,3840,,,64932,,1356420,3840,,0
11/2/20,AR,A+,1985,1817,60,168,7110,7110,672,55,,251,1258726,15236,,,1258726,845,112,113641,104703,1451,0,,3300,,10188,,101507,,0,1363429,16457,,21856,,62842,,0,1363429,16457
11/2/20,AS,D,0,,0,,,,,0,,,1768,152,,,,,,0,0,0,0,,,,,,,,0,1768,152,,,,,,0,1768,152
11/2/20,AZ,A+,5982,5664,1,318,21573,21573,918,15,,231,1550382,6211,,,,,120,248139,242220,666,0,,,,,,41589,,0,2855088,12212,320952,,,,1792602,6835,2855088,12212
11/2/20,CA,B,17672,,5,,,,3241,0,,823,17981873,165092,,,,,,930628,930628,4094,0,,,,,,,,0,18912501,169186,,,,,,0,18912501,169186
11/2/20,CO,A,2292,1899,4,393,9114,9114,858,25,,,1144181,10624,171734,,,,,112147,104947,2237,0,13684,,,,,8106,2060642,25847,2060642,25847,185418,,,,1249128,12805,,0
11/2/20,CT,B,4627,3718,11,909,12257,12257,340,0,,,2294136,76759,,,,,,73858,69826,2651,0,,,,,,9800,,0,2367994,79410,,,,,,0,2363962,79066
11/2/20,DC,A+,647,,1,,,,93,0,,27,510736,2859,,,,,13,17438,,69,0,,,,,,13443,528174,2928,528174,2928,,,,,258983,852,,0
11/2/20,DE,A+,710,623,0,87,,,111,0,,24,329359,2137,,,,,,25311,24134,185,0,,,,,27236,13375,565983,4716,565983,4716,,,,,354670,2322,,0
11/2/20,FL,A,17043,,46,,50063,50063,2474,82,,,5399014,19925,525620,509924,8032771,,,801371,764828,4569,0,60753,,59014,,1043586,,10126764,39866,10126764,39866,586749,,569222,,6200385,24494,9122796,39969
11/2/20,GA,A+,7999,,18,,31735,31735,1751,15,5963,,3233779,8175,,,,,,362921,362921,939,0,30206,,,,339565,,,0,3596700,12589,332921,,,,,0,3596700,12589
11/2/20,GU,A,79,,0,,,,102,0,,19,62971,98,,,,,8,4693,4644,3,0,7,49,,,,2666,,0,67664,101,206,409,,,,0,66618,0
11/2/20,HI,B,219,,0,,1107,1107,58,2,,8,295153,0,,,,,5,15367,15154,83,0,,,,,15091,11824,533672,3408,533672,3408,,,,,308090,0,,0
11/2/20,IA,A+,1741,,24,,,,718,0,,156,777622,2414,,63647,,,57,123372,123372,1405,0,,,3921,8741,,93943,,0,900994,3819,,,67608,82806,902681,3830,,0
11/2/20,ID,A,630,586,1,44,2615,2615,263,21,552,74,331179,1596,,,,,,65088,56756,480,0,,,,,,30218,,0,387935,1953,,,,,387935,1953,526012,2694
11/2/20,IL,A,10093,9810,18,283,,,3371,0,,722,7452919,61896,,,,,298,429761,423502,6222,0,,,,,,,,0,7882680,68118,,,,,,0,7876421,68118
11/2/20,IN,#REF!,4390,4150,26,240,17155,17155,1759,132,3313,528,1537657,9821,,,,,170,185185,,3077,0,,,,,177335,123980,,0,2970330,29293,,,,,1722842,12898,2970330,29293
11/2/20,KS,A+,1046,,17,,3893,3893,373,61,1082,110,566040,8439,,,,328,39,89227,,4046,0,,,,,,2682,,0,655267,12485,,,,,655267,12485,,0
11/2/20,KY,B,1492,1470,3,22,7205,7205,988,-5,1736,270,1833912,28321,,,,,,109670,92228,1028,0,,,,,,18516,,0,1926140,30487,86479,63638,,,,0,1926140,30487
11/2/20,LA,A,5934,5720,8,214,,,596,0,,,2600489,5091,,,,,70,187995,183616,275,0,,,,,,168634,,0,2788484,5366,,,,,,0,2784105,5366
11/2/20,MA,A+,10023,9797,10,226,13299,13299,469,0,,96,2615698,13311,,,,,50,160549,156385,842,0,,,,,202224,127054,,0,6217043,51419,,,127372,190746,2772083,14036,6217043,51419
11/2/20,MD,A,4155,4007,3,148,17252,17252,529,74,,133,1813450,10415,,134409,,,,146995,146995,850,0,,,13664,,177158,8201,,0,3479230,26814,,,148073,,1960445,11265,3479230,26814
11/2/20,ME,A+,148,147,1,1,495,495,29,7,,8,637636,20793,11808,,635805,,1,6799,6039,84,0,363,0,,,7494,5588,,0,644435,20877,12183,10,,,,0,643675,21003
11/2/20,MI,A+,7716,7357,17,359,,,1966,0,,428,4803973,89787,,,4803973,,180,204326,184889,6920,0,,,,,245455,121093,,0,5008299,96707,331012,,,,,0,5049428,96962
11/2/20,MN,A,2484,2463,9,21,10437,10437,774,103,2729,195,1739289,20116,,,,,,153620,152934,2948,0,,,,,,132125,2872763,36536,2872763,36536,,32466,,,1892223,23046,,0
11/2/20,MO,A+,3031,,5,,,,1659,0,,476,1339912,6731,82277,71709,2335025,,221,188186,188186,2651,0,5659,7684,3618,,213941,,,0,2553774,18592,88144,44460,84090,30850,1528098,9382,2553774,18592
11/2/20,MP,D,2,2,0,,4,4,,0,,,15993,0,,,,,,96,96,0,0,,,,,,29,,0,16089,0,,,,,16085,0,22633,0
11/2/20,MS,A+,3348,3010,0,338,6728,6728,657,152,,167,837208,32944,,,,,75,120865,105370,365,0,95,,,,,105839,,0,958073,33309,45873,106901,,,,0,942578,34470
11/2/20,MT,B,386,,10,,1373,1373,386,16,,,474679,6470,,,,,,34252,34252,757,0,,,,,,21496,,0,508931,7227,,,,,,0,508931,7227
11/2/20,NC,A+,4390,4313,7,77,,,1146,0,,344,3849568,30895,,,,,,278028,266451,1336,0,,,,,,246318,,0,4127596,32231,,33792,,,,0,4116019,32175
11/2/20,ND,B,545,,9,,1656,1656,274,22,317,36,251432,682,10223,,,,,46311,45915,967,0,686,,,,,37035,848765,7716,848765,7716,10909,,,,297447,1654,884557,8207
11/2/20,NE,A,654,,2,,3050,3050,613,8,,,525538,1838,,,864956,,,71666,71666,934,0,,,,,84310,44773,,0,950497,5319,,,,,597520,2771,950497,5319
11/2/20,NH,B,483,,0,,781,781,41,1,256,,336878,957,,,,,,11320,11320,106,0,,,,,,9430,,0,626532,9938,33102,,32225,,348198,1063,626532,9938
11/2/20,NJ,A,16357,14564,3,1793,37738,37738,1109,17,,212,4480800,62580,,,,,100,240997,240997,1368,0,,,,,,37342,,0,4721797,63948,,,,,,0,4721797,65691
11/2/20,NM,B,1036,,10,,4737,4737,382,64,,,1143223,7941,,,,,,48104,48104,872,0,,,,,,21758,,0,1191327,8813,,,,,,0,1191327,8813
11/2/20,NV,A+,1784,,3,,,,678,0,,182,714319,2608,,,,,64,102114,102114,635,0,,,,,,,1270643,7460,1270643,7460,,,,,816433,3243,1154583,0
11/2/20,NY,B,25838,,14,,89995,89995,1151,0,,276,14261386,94468,,,,,117,511368,511368,1633,0,,,,,,79831,14772754,96101,14772754,96101,,,,,,0,,0
11/2/20,OH,A+,5340,5026,37,314,19402,19402,1822,182,3899,472,4342994,37236,,,,,264,221909,209274,2909,0,,,,,,171657,,0,4564903,40145,,,,,,0,4552268,39961
11/2/20,OK,A+,1354,,9,,8934,8934,852,23,,322,1494632,0,,,1494632,,,125195,125195,1084,0,5049,,,,135119,107893,,0,1619827,1084,89217,,,,,0,1632701,0
11/2/20,OR,A+,692,,1,,3251,3251,234,47,,74,825922,3559,,,1418571,,27,45978,43633,549,0,,,,,72523,5870,,0,1491094,8849,,,,,869555,16870,1491094,8849
11/2/20,PA,A+,8823,,6,,,,1352,0,,,2338664,10854,,,,,124,211996,201764,2060,0,,,,,,161116,,0,2550660,12914,,,,,2540428,12727,4116344,62698
11/2/20,PR,B,839,639,7,200,,,443,0,,68,305972,0,,,303412,,51,35405,35405,864,0,32767,,,,7002,29352,,0,341377,864,,,,,,0,310546,0
11/2/20,RI,A+,1210,,3,,3385,3385,170,0,,22,406506,1060,,,1113217,,9,34120,34120,232,0,,,,,45170,2811,1158387,4560,1158387,4560,,,,,440626,1292,,0
11/2/20,SC,A+,3946,3697,10,249,10533,10533,749,19,,204,1663121,13792,71844,,1610128,,88,178917,170048,894,0,9107,16969,,,223041,91934,,0,1842038,14686,80951,117152,,,,0,1833169,14612
11/2/20,SD,A,438,,1,,2755,2755,402,34,,,215287,446,,,,,,47850,45932,526,0,,,,,,34087,,0,263127,962,,,,,263127,962,440943,2632
11/2/20,TN,A+,3379,3186,26,193,10340,10340,1467,33,,426,3456070,34323,,,3405610,,191,264587,249356,3161,0,,14635,,,299816,234460,,0,3720657,37484,,124853,,,,0,3705426,37116
11/2/20,TX,A,18097,,20,,,,5770,0,,1692,7634928,21880,,,,,,977785,910038,5455,0,48164,33203,,,1005389,787685,,0,8544966,27063,490032,417575,,,,0,8544966,27063
11/2/20,UT,A+,614,,0,,5576,5576,366,50,1147,138,943464,6583,,,1287739,443,,117706,117706,1196,0,,5778,,5545,122406,86269,,0,1410145,11790,,91159,,41611,1055982,8096,1410145,11790
11/2/20,VA,A+,3658,3402,3,256,12674,12674,1031,27,,214,2493643,14659,,,,,97,183418,169512,1026,0,,,,,201764,20124,2663155,15496,2663155,15496,,,,,,0,,0
11/2/20,VI,D,21,21,0,,,,,0,,,23141,87,,,,,,1378,,2,0,,,,,,1320,,0,24519,89,,,,,,0,24545,85
11/2/20,VT,B,58,58,0,,,,4,0,,3,186617,245,,,,,,2235,2219,23,0,,,,,,1826,,0,415518,2771,,,,,188836,268,415518,2771
11/2/20,WA,B,2366,2366,0,,8611,8611,464,40,,103,2360831,18210,,,,,47,113541,111316,787,0,,,,,,,2469146,19024,2469146,19024,,,,,,0,,0
11/2/20,WI,A+,2113,2050,3,63,11597,11597,1648,100,1499,352,1846618,5413,,,,,,244928,232296,3505,0,,,,,,181845,3327915,17559,3327915,17559,,,,,2078914,8846,,0
11/2/20,WV,B,458,453,1,5,,,254,0,,84,769256,6553,,,,,33,25235,23219,352,0,,,,,,19220,,0,794491,6905,19233,,,,,0,792475,6853
11/2/20,WY,B,87,,0,,458,458,132,16,,,119851,2589,,,276654,,,14167,12059,444,0,,,,,15044,8963,,0,291698,6952,,,,,131910,3372,291698,6952
11/1/20,AK,A,83,83,1,,462,462,98,7,,,588544,-351,,,588975,,5,15663,,351,0,,,,,14906,7104,,0,604207,0,,,,,,0,604207,0
11/1/20,AL,A,2973,2767,6,206,20450,20450,967,0,2066,,1187341,5383,,,,1193,,193985,165239,1700,0,,,,,,81005,,0,1352580,6327,,,64859,,1352580,6327,,0
11/1/20,AR,A+,1925,1758,0,167,7055,7055,639,17,,225,1243490,0,,,1243490,838,106,112190,103482,0,0,,3300,,9841,,100067,,0,1346972,0,,21856,,61220,,0,1346972,0
11/1/20,AS,D,0,,0,,,,,0,,,1616,0,,,,,,0,0,0,0,,,,,,,,0,1616,0,,,,,,0,1616,0
11/1/20,AZ,A+,5981,5663,2,318,21558,21558,875,66,,222,1544171,12748,,,,,112,247473,241596,1527,0,,,,,,41398,,0,2842876,13357,320223,,,,1785767,14214,2842876,13357
11/1/20,CA,B,17667,,41,,,,3193,0,,791,17816781,136469,,,,,,926534,926534,4529,0,,,,,,,,0,18743315,140998,,,,,,0,18743315,140998
11/1/20,CO,A,2288,1896,3,392,9089,9089,788,25,,,1133557,11501,171321,,,,,109910,102766,2560,0,13636,,,,,8038,2034795,30073,2034795,30073,184957,,,,1236323,14047,,0
11/1/20,CT,B,4616,3708,0,908,12257,12257,329,0,,,2217377,0,,,,,,71207,67519,0,0,,,,,,9800,,0,2288584,0,,,,,,0,2284896,0
11/1/20,DC,A+,646,,0,,,,101,0,,34,507877,10891,,,,,11,17369,,103,0,,,,,,13349,525246,11116,525246,11116,,,,,258131,3083,,0
11/1/20,DE,A+,710,623,2,87,,,102,0,,25,327222,1445,,,,,,25126,23955,175,0,,,,,27073,13291,561267,6396,561267,6396,,,,,352348,1620,,0
11/1/20,FL,A,16997,,28,,49981,49981,2370,67,,,5379089,44294,525620,509924,7996560,,,796802,762674,4805,0,60753,,59014,,1039916,,10086898,107550,10086898,107550,586749,,569222,,6175891,49099,9082827,95177
11/1/20,GA,A+,7981,,2,,31720,31720,1720,21,5961,,3225604,0,,,,,,361982,361982,1192,0,30146,,,,338511,,,0,3584111,21429,332581,,,,,0,3584111,21429
11/1/20,GU,A,79,,0,,,,100,0,,16,62873,102,,,,,4,4690,4641,9,0,7,49,,,,2666,,0,67563,111,206,409,,,,0,66618,0
11/1/20,HI,B,219,,3,,1105,1105,58,8,,8,295153,0,,,,,5,15284,15071,68,0,,,,,15012,11776,530264,4234,530264,4234,,,,,308090,0,,0
11/1/20,IA,A+,1717,,1,,,,718,0,,156,775208,4531,,63620,,,57,121967,121967,2212,0,,,3909,8393,,93522,,0,897175,6743,,,67569,81999,898851,6754,,0
11/1/20,ID,A,629,585,3,44,2594,2594,263,22,551,74,329583,1503,,,,,,64608,56399,798,0,,,,,,29867,,0,385982,2068,,,,,385982,2068,523318,2996
11/1/20,IL,A,10075,9792,25,283,,,3294,0,,692,7391023,71478,,,,,284,423539,417280,6980,0,,,,,,,,0,7814562,78458,,,,,,0,7808303,78458
11/1/20,IN,#REF!,4364,4124,32,240,17023,17023,1732,176,3292,495,1527836,8186,,,,,167,182108,,2750,0,,,,,174616,122446,,0,2941037,30420,,,,,1709944,10936,2941037,30420
11/1/20,KS,A+,1029,,0,,3832,3832,512,0,1067,145,557601,0,,,,323,53,85181,,0,0,,,,,,2659,,0,642782,0,,,,,642782,0,,0
11/1/20,KY,B,1489,1467,4,22,7210,7210,964,0,1734,236,1805591,0,,,,,,108642,91343,1423,0,,,,,,18468,,0,1895653,0,86301,62629,,,,0,1895653,0
11/1/20,LA,A,5926,5712,7,214,,,598,0,,,2595398,18376,,,,,70,187720,183341,1071,0,,,,,,168634,,0,2783118,19447,,,,,,0,2778739,19447
11/1/20,MA,A+,10013,9788,22,225,13299,13299,613,13,,113,2602387,15585,,,,,55,159707,155660,1131,0,,,,,201330,127054,,0,6165624,62463,,,127372,188181,2758047,16724,6165624,62463
11/1/20,MD,A,4152,4004,5,148,17178,17178,523,85,,127,1803035,9644,,134409,,,,146145,146145,864,0,,,13664,,176150,8199,,0,3452416,29754,,,148073,,1949180,10508,3452416,29754
11/1/20,ME,A+,147,146,0,1,488,488,17,2,,5,616843,0,11780,,615106,,1,6715,5944,47,0,361,,,,7204,5554,,0,623558,47,12153,,,,,0,622672,0
11/1/20,MI,A+,7699,7340,0,359,,,1728,0,,398,4714186,0,,,4714186,,167,197406,178180,0,0,,,,,238280,121093,,0,4911592,0,329831,,,,,0,4952466,0
11/1/20,MN,A,2475,2455,18,20,10334,10334,738,64,2706,176,1719173,13387,,,,,,150672,150004,2200,0,,,,,,129663,2836227,27094,2836227,27094,,31184,,,1869177,15560,,0
11/1/20,MO,A+,3026,,2,,,,1649,0,,494,1333181,6212,82124,71709,2319312,,214,185535,185535,2349,0,5621,7465,3618,,211106,,,0,2535182,17632,87952,43552,83927,30074,1518716,8561,2535182,17632
11/1/20,MP,D,2,2,0,,4,4,,0,,,15993,0,,,,,,96,96,4,0,,,,,,29,,0,16089,4,,,,,16085,0,22633,0
11/1/20,MS,A+,3348,3010,14,338,6576,6576,673,0,,171,804264,0,,,,,76,120500,105098,340,0,95,,,,,101385,,0,924764,340,44238,94219,,,,0,908108,0
11/1/20,MT,B,376,,1,,1357,1357,376,7,,,468209,2095,,,,,,33495,33495,694,0,,,,,,21398,,0,501704,2789,,,,,,0,501704,2789
11/1/20,NC,A+,4383,4306,5,77,,,1122,0,,328,3818673,38152,,,,,,276692,265171,2057,0,,,,,,231611,,0,4095365,40209,,33369,,,,0,4083844,40146
11/1/20,ND,B,536,,7,,1634,1634,278,16,314,38,250750,602,10222,,,,,45344,44949,1150,0,686,,,,,36142,841049,8940,841049,8940,10908,,,,295793,1729,876350,9545
11/1/20,NE,A,652,,6,,3042,3042,612,9,,,523700,2327,,,860660,,,70732,70732,1087,0,,,,,83285,44247,,0,945178,7055,,,,,594749,3416,945178,7055
11/1/20,NH,B,483,,0,,780,780,38,1,255,,335921,1920,,,,,,11214,11214,130,0,,,,,,9379,,0,616594,0,33039,,32206,,347135,2050,616594,0
11/1/20,NJ,A,16354,14561,4,1793,37721,37721,1104,33,,213,4418220,0,,,,,101,239629,239629,1743,0,,,,,,37231,,0,4657849,1743,,,,,,0,4656106,0
11/1/20,NM,B,1026,,8,,4673,4673,365,56,,,1135282,9052,,,,,,47232,47232,742,0,,,,,,21623,,0,1182514,9794,,,,,,0,1182514,9794
11/1/20,NV,A+,1781,,4,,,,585,0,,165,711711,3987,,,,,58,101479,101479,716,0,,,,,,,1263183,10100,1263183,10100,,,,,813190,4703,1154583,0
11/1/20,NY,B,25824,,17,,89995,89995,1125,0,,259,14166918,146680,,,,,117,509735,509735,2255,0,,,,,,79831,14676653,148935,14676653,148935,,,,,,0,,0
11/1/20,OH,A+,5303,4990,2,313,19220,19220,1687,88,3876,453,4305758,49775,,,,,247,219000,206549,3303,0,,,,,,170259,,0,4524758,53078,,,,,,0,4512307,52968
11/1/20,OK,A+,1345,,8,,8911,8911,852,22,,322,1494632,0,,,1494632,,,124111,124111,1349,0,5049,,,,135119,107082,,0,1618743,1349,89217,,,,,0,1632701,0
11/1/20,OR,A+,691,,2,,3204,3204,211,0,,61,822363,5335,,,1410154,,23,45429,42136,508,0,,,,,72091,5870,,0,1482245,14388,,,,,852685,0,1482245,14388
11/1/20,PA,A+,8817,,5,,,,1267,0,,,2327810,13176,,,,,120,209936,199891,1909,0,,,,,,158100,,0,2537746,15085,,,,,2527701,14904,4053646,0
11/1/20,PR,B,832,632,10,200,,,429,0,,62,305972,0,,,303412,,43,34541,34541,403,0,32120,,,,7002,29903,,0,340513,403,,,,,,0,310546,0
11/1/20,RI,A+,1207,,3,,3385,3385,170,27,,22,405446,2293,,,1108938,,9,33888,33888,480,0,,,,,44889,2811,1153827,11900,1153827,11900,,,,,439334,2773,,0
11/1/20,SC,A+,3936,3687,1,249,10514,10514,773,14,,190,1649329,23891,71712,,1596565,,93,178023,169228,1411,0,9083,16869,,,221992,91466,,0,1827352,25302,80795,116139,,,,0,1818557,25234
11/1/20,SD,A,437,,12,,2721,2721,421,38,,,214841,1301,,,,,,47324,45437,1332,0,,,,,,33749,,0,262165,2633,,,,,262165,2633,438311,5596
11/1/20,TN,A+,3353,3165,0,188,10307,10307,1437,1,,428,3421747,10646,,,3371628,,181,261426,246563,754,0,,14267,,,296682,233175,,0,3683173,11400,,118549,,,,0,3668310,11305
11/1/20,TX,A,18077,,53,,,,5691,0,,1631,7613048,34119,,,,,,972330,904855,71734,0,47829,32759,,,1001616,785282,,0,8517903,38378,487423,414144,,,,0,8517903,38378
11/1/20,UT,A+,614,,10,,5526,5526,355,63,1144,130,936881,4718,,,1277535,443,,116510,116510,1854,0,,5610,,5383,120820,85299,,0,1398355,9293,,90076,,40963,1047886,6146,1398355,9293
11/1/20,VA,A+,3655,3399,1,256,12647,12647,1012,43,,228,2478984,20635,,,,,98,182392,168675,1202,0,,,,,200892,20044,2647659,21607,2647659,21607,,,,,,0,,0
11/1/20,VI,D,21,21,0,,,,,0,,,23054,0,,,,,,1376,,0,0,,,,,,1320,,0,24430,0,,,,,,0,24460,0
11/1/20,VT,B,58,58,0,,,,4,0,,1,186372,415,,,,,,2212,2196,17,0,,,,,,1816,,0,412747,4586,,,,,188568,432,412747,4586
11/1/20,WA,B,2366,2366,0,,8571,8571,470,49,,112,2342621,22809,,,,,47,112754,110553,1147,0,,,,,,,2450122,23737,2450122,23737,,,,,,0,,0
11/1/20,WI,A+,2110,2047,18,63,11497,11497,1512,123,1491,343,1841205,14569,,,,,,241423,228863,3553,0,,,,,,179230,3310356,21236,3310356,21236,,,,,2070068,18062,,0
11/1/20,WV,B,457,452,0,5,,,240,0,,76,762703,8669,,,,,29,24883,22919,423,0,,,,,,19011,,0,787586,9092,19211,,,,,0,785622,9013
11/1/20,WY,B,87,,0,,442,442,117,3,,,117262,0,,,270359,,,13723,11638,425,0,,,,,14387,8676,,0,284746,828,,,,,128538,0,284746,828
10/31/20,AK,A,82,82,1,,455,455,94,7,,,588895,17430,,,588975,,6,15312,,454,0,,,,,14906,7099,,0,604207,17884,,,,,,0,604207,17884
10/31/20,AL,A,2967,2761,35,206,20450,20450,960,0,2065,,1181958,8989,,,,1192,,192285,164295,1789,0,,,,,,81005,,0,1346253,10564,,,64693,,1346253,10564,,0
10/31/20,AR,A+,1925,1758,25,167,7038,7038,652,35,,226,1243490,9324,,,1243490,834,100,112190,103482,1316,0,,3300,,9841,,100067,,0,1346972,10401,,21856,,61220,,0,1346972,10401
10/31/20,AS,D,0,,0,,,,,0,,,1616,0,,,,,,0,0,0,0,,,,,,,,0,1616,0,,,,,,0,1616,0
10/31/20,AZ,A+,5979,5664,45,315,21492,21492,889,68,,197,1531423,10684,,,,,104,245946,240130,1901,0,,,,,,41159,,0,2829519,24885,319537,,,,1771553,12458,2829519,24885
10/31/20,CA,B,17626,,55,,,,3212,0,,771,17680312,152707,,,,,,922005,922005,5087,0,,,,,,,,0,18602317,157794,,,,,,0,18602317,157794
10/31/20,CO,A,2285,1893,7,392,9064,9064,788,33,,,1122056,12015,170938,,,,,107350,100220,2924,0,13571,,,,,7963,2004722,41137,2004722,41137,184509,,,,1222276,14838,,0
10/31/20,CT,B,4616,3708,0,908,12257,12257,329,0,,,2217377,0,,,,,,71207,67519,0,0,,,,,,9800,,0,2288584,0,,,,,,0,2284896,0
10/31/20,DC,A+,646,,0,,,,107,0,,29,496986,0,,,,,11,17266,,122,0,,,,,,13348,514130,0,514130,0,,,,,255048,0,,0
10/31/20,DE,A+,708,621,4,87,,,89,0,,23,325777,2001,,,,,,24951,23787,200,0,,,,,26846,13188,554871,4014,554871,4014,,,,,350728,2201,,0
10/31/20,FL,A,16969,,42,,49914,49914,2297,156,,,5334795,50628,525620,509924,7910274,,,791997,757438,2283,0,60753,,59014,,1031299,,9979348,35722,9979348,35722,586749,,569222,,6126792,52911,8987650,28542
10/31/20,GA,A+,7979,,24,,31699,31699,1725,93,5957,,3225604,24522,,,,,,360790,360790,2565,0,29995,,,,337078,,,0,3562682,26857,331821,,,,,0,3562682,26857
10/31/20,GU,A,79,,0,,,,92,0,,14,62771,370,,,,,4,4681,4632,53,0,7,49,,,,2666,,0,67452,423,206,409,,,,0,66618,0
10/31/20,HI,B,216,,1,,1097,1097,59,7,,11,295153,0,,,,,4,15216,15003,100,0,,,,,14944,11738,526030,4171,526030,4171,,,,,308090,0,,0
10/31/20,IA,A+,1716,,10,,,,630,0,,153,770677,3610,,63357,,,55,119755,119755,2570,0,,,3889,8197,,93200,,0,890432,6180,,,67286,81284,892097,6178,,0
10/31/20,ID,A,626,582,11,44,2572,2572,263,23,549,74,328080,2041,,,,,,63810,55834,1064,0,,,,,,29556,,0,383914,2906,,,,,383914,2906,520322,4548
10/31/20,IL,A,10050,9757,56,283,,,3228,0,,680,7319545,84737,,,,,290,416559,410300,7899,0,,,,,,,,0,7736104,92636,,,,,,0,7729845,92636
10/31/20,IN,A+,4332,4096,46,236,16847,16847,1740,162,3263,515,1519650,10760,,,,,174,179358,,3465,0,,,,,172330,121813,,0,2910617,46698,,,,,1699008,14225,2910617,46698
10/31/20,KS,A+,1029,,0,,3832,3832,512,0,1067,145,557601,0,,,,323,53,85181,,0,0,,,,,,2659,,0,642782,0,,,,,642782,0,,0
10/31/20,KY,B,1485,1463,9,22,7210,7210,964,112,1734,236,1805591,17973,,,,,,107219,90062,1977,0,,,,,,18468,,0,1895653,19523,86301,62629,,,,0,1895653,19523
10/31/20,LA,A,5919,5705,0,214,,,612,0,,,2577022,0,,,,,79,186649,182270,0,0,,,,,,168634,,0,2763671,0,,,,,,0,2759292,0
10/31/20,MA,A+,9991,9766,16,225,13286,13286,623,33,,118,2586802,16830,,,,,53,158576,154521,1430,0,,,,,199991,127054,,0,6103161,93234,,,127219,187483,2741323,18122,6103161,93234
10/31/20,MD,A,4147,4000,10,147,17093,17093,520,70,,126,1793391,11187,,134409,,,,145281,145281,967,0,,,13664,,175075,8181,,0,3422662,32984,,,148073,,1938672,12154,3422662,32984
10/31/20,ME,A+,147,146,1,1,486,486,17,0,,5,616843,0,11780,,615106,,1,6668,5907,98,0,361,,,,7204,5517,,0,623511,98,12153,,,,,0,622672,0
10/31/20,MI,A+,7699,7340,34,359,,,1728,0,,398,4714186,45491,,,4714186,,167,197406,178180,4018,0,,,,,238280,121093,,0,4911592,49509,329831,,,,,0,4952466,50074
10/31/20,MN,A,2457,2438,20,19,10270,10270,738,151,2695,176,1705786,14452,,,,,,148472,147831,3007,0,,,,,,127362,2809133,34438,2809133,34438,,30171,,,1853617,17421,,0
10/31/20,MO,A+,3024,,99,,,,1574,0,,464,1326969,7887,81891,71709,2304229,,189,183186,183186,2986,0,5556,7286,3618,,208594,,,0,2517550,22684,87651,42673,83662,29401,1510155,10873,2517550,22684
10/31/20,MP,D,2,2,0,,4,4,,0,,,15993,0,,,,,,92,92,0,0,,,,,,29,,0,16085,0,,,,,16085,0,22633,0
10/31/20,MS,A+,3334,3002,6,332,6576,6576,673,0,,171,804264,0,,,,,76,120160,104847,824,0,95,,,,,101385,,0,924424,824,44238,94219,,,,0,908108,0
10/31/20,MT,B,375,,11,,1350,1350,369,23,,,466114,5401,,,,,,32801,32801,885,0,,,,,,21353,,0,498915,6286,,,,,,0,498915,6286
10/31/20,NC,A+,4378,4301,46,77,,,1184,0,,345,3780521,46560,,,,,,274635,263177,2805,0,,,,,,231611,,0,4055156,49365,,32124,,,,0,4043698,49028
10/31/20,ND,B,529,,12,,1618,1618,309,32,314,46,250148,693,10173,,,,,44194,43833,1461,0,673,,,,,35533,832109,8782,832109,8782,10846,,,,294064,2126,866805,9303
10/31/20,NE,A,646,,9,,3033,3033,584,56,,,521373,3425,,,854811,,,69645,69645,1495,0,,,,,82081,43952,,0,938123,17459,,,,,591333,4923,938123,17459
10/31/20,NH,B,483,,1,,779,779,42,2,255,,334001,6189,,,,,,11084,11084,200,0,,,,,,9263,,0,616594,6670,33039,,32170,,345085,6389,616594,6670
10/31/20,NJ,A,16350,14557,11,1793,37688,37688,1090,75,,216,4418220,80236,,,,,91,237886,237886,1363,0,,,,,,37127,,0,4656106,81599,,,,,,0,4656106,83575
10/31/20,NM,B,1018,,11,,4617,4617,354,64,,,1126230,10252,,,,,,46490,46490,581,0,,,,,,21570,,0,1172720,10833,,,,,,0,1172720,10833
10/31/20,NV,A+,1777,,0,,,,585,0,,165,707724,3925,,,,,58,100763,100763,977,0,,,,,,,1253083,10374,1253083,10374,,,,,808487,4902,1154583,0
10/31/20,NY,B,25807,,3,,89995,89995,1121,0,,248,14020238,134913,,,,,122,507480,507480,2049,0,,,,,,79717,14527718,136962,14527718,136962,,,,,,0,,0
10/31/20,OH,A+,5301,4988,10,313,19132,19132,1666,163,3859,432,4255983,54829,,,,,235,215697,203356,2915,0,,,,,,168884,,0,4471680,57744,,,,,,0,4459339,57576
10/31/20,OK,A+,1337,,11,,8889,8889,852,111,,322,1494632,14352,,,1494632,,,122762,122762,1267,0,5049,,,,135119,106292,,0,1617394,15619,89217,,,,,0,1632701,14575
10/31/20,OR,A+,689,,14,,3204,3204,211,0,,61,817028,6479,,,1396505,,23,44921,42136,532,0,,,,,71352,5870,,0,1467857,26698,,,,,852685,0,1467857,26698
10/31/20,PA,A+,8812,,28,,,,1259,0,,,2314634,16651,,,,,120,208027,198163,2510,0,,,,,,158100,,0,2522661,19161,,,,,2512797,18870,4053646,47629
10/31/20,PR,B,822,626,2,196,,,430,0,,61,305972,0,,,303412,,39,34138,34138,285,0,31990,,,,7002,29464,,0,340110,285,,,,,,0,310546,0
10/31/20,RI,A+,1204,,3,,3358,3358,153,49,,19,403153,3151,,,1097607,,9,33408,33408,534,0,,,,,44320,2802,1141927,17620,1141927,17620,,,,,436561,3685,,0
10/31/20,SC,A+,3935,3686,39,249,10500,10500,789,48,,197,1625438,12672,71287,,1573073,,80,176612,167885,1018,0,8981,16670,,,220250,90994,,0,1802050,13690,80268,114891,,,,0,1793323,13500
10/31/20,SD,A,425,,10,,2683,2683,415,23,,,213540,1443,,,,,,45992,44216,1433,0,,,,,,31194,,0,259532,2876,,,,,259532,2876,432715,6496
10/31/20,TN,A+,3353,3165,12,188,10306,10306,1589,42,,441,3411101,8500,,,3361082,,177,260672,245904,1184,0,,14144,,,295923,231887,,0,3671773,9684,,116423,,,,0,3657005,9518
10/31/20,TX,A,18024,,90,,,,5696,0,,1631,7578929,71911,,,,,,900596,900596,7145,0,47137,32269,,,995996,782006,,0,8479525,79056,481608,410844,,,,0,8479525,79056
10/31/20,UT,A+,604,,3,,5463,5463,335,68,1138,132,932163,5580,,,1269749,437,,114656,114656,1724,0,,5429,,5202,119313,84101,,0,1389062,11569,,88644,,40083,1041740,7171,1389062,11569
10/31/20,VA,A+,3654,3398,11,256,12604,12604,1026,93,,228,2458349,18236,,,,,104,181190,167703,1551,0,,,,,199544,20008,2626052,19388,2626052,19388,,,,,,0,,0
10/31/20,VI,D,21,21,0,,,,,0,,,23054,197,,,,,,1376,,14,0,,,,,,1320,,0,24430,211,,,,,,0,24460,213
10/31/20,VT,B,58,58,0,,,,4,0,,1,185957,985,,,,,,2195,2179,22,0,,,,,,1800,,0,408161,5108,,,,,188136,1007,408161,5108
10/31/20,WA,B,2366,2366,7,,8522,8522,450,55,,114,2319812,20017,,,,,52,111607,109457,1245,0,,,,,,,2426385,21033,2426385,21033,,,,,,0,,0
10/31/20,WI,A+,2092,2031,63,61,11374,11374,1502,229,1479,349,1826636,9575,,,,,,237870,225370,5808,0,,,,,,175096,3289120,53451,3289120,53451,,,,,2052006,14853,,0
10/31/20,WV,B,457,452,6,5,,,236,0,,73,754034,8722,,,,,26,24460,22575,470,0,,,,,,18827,,0,778494,9192,19145,,,,,0,776609,9109
10/31/20,WY,B,87,,0,,439,439,120,-1,,,117262,307,,,269649,,,13298,11276,270,0,,,,,14269,8541,,0,283918,798,,,,,128538,994,283918,798
10/30/20,AK,A,81,81,4,,448,448,90,6,,,571465,1678,,,572229,,6,14858,,377,0,,,,,13775,7096,,0,586323,2055,,,,,,0,586323,2055
10/30/20,AL,A,2932,2735,18,197,20450,20450,1013,204,2061,,1172969,7071,,,,1187,,190496,162720,1347,0,,,,,,81005,,0,1335689,8254,,,64432,,1335689,8254,,0
10/30/20,AR,A+,1900,1737,6,163,7003,7003,649,36,,234,1234166,10464,,,1234166,834,96,110874,102405,1162,0,,3300,,9501,,99165,,0,1336571,11281,,21856,,58958,,0,1336571,11281
10/30/20,AS,D,0,,0,,,,,0,,,1616,0,,,,,,0,0,0,0,,,,,,,,0,1616,0,,,,,,0,1616,0
10/30/20,AZ,A+,5934,5641,16,293,21424,21424,900,164,,188,1520739,11912,,,,,99,244045,238356,1565,0,,,,,,40906,,0,2804634,28898,318796,,,,1759095,13433,2804634,28898
10/30/20,CA,B,17571,,30,,,,3148,0,,772,17527605,116738,,,,,,916918,916918,4014,0,,,,,,,,0,18444523,120752,,,,,,0,18444523,120752
10/30/20,CO,A,2278,1886,10,392,9031,9031,781,88,,,1110041,8846,170282,,,,,104426,97397,2412,0,13493,,,,,7854,1963585,27177,1963585,27177,183775,,,,1207438,11136,,0
10/30/20,CT,B,4616,3708,7,908,12257,12257,329,0,,,2217377,29931,,,,,,71207,67519,761,0,,,,,,9800,,0,2288584,30692,,,,,,0,2284896,30554
10/30/20,DC,A+,646,,1,,,,102,0,,30,496986,4196,,,,,10,17144,,70,0,,,,,,13348,514130,4266,514130,4266,,,,,255048,1101,,0
10/30/20,DE,A+,704,617,15,87,,,101,0,,22,323776,1906,,,,,,24751,23594,198,0,,,,,26734,13074,550857,4020,550857,4020,,,,,348527,2104,,0
10/30/20,FL,A,16927,,73,,49758,49758,2356,178,,,5284167,0,515517,501250,7884446,,,789714,755749,5383,0,58365,,56856,,1028626,,9943626,88022,9943626,88022,574229,,558367,,6073881,5383,8959108,77047
10/30/20,GA,A+,7955,,32,,31606,31606,1701,90,5940,,3201082,41768,,,,,,358225,358225,1377,0,29713,,,,334743,,,0,3535825,19663,330193,,,,,0,3535825,19663
10/30/20,GU,A,79,,1,,,,92,0,,14,62401,565,,,,,4,4628,4579,79,0,7,49,,,,2666,,0,67029,644,206,409,,,,0,66618,637
10/30/20,HI,B,215,,2,,1090,1090,62,9,,15,295153,0,,,,,8,15116,14911,77,0,,,,,14852,11682,521859,4854,521859,4854,,,,,308090,0,,0
10/30/20,IA,A+,1706,,13,,,,606,0,,152,767067,3185,,62973,,,55,117185,117185,2203,0,,,3850,7759,,92387,,0,884252,5388,,,66863,79221,885919,5392,,0
10/30/20,ID,A,615,571,16,44,2549,2549,286,35,546,72,326039,2018,,,,,,62746,54969,961,0,,,,,,29195,,0,381008,2794,,,,,381008,2794,515774,4633
10/30/20,IL,A,9994,9711,49,283,,,3092,0,,673,7234808,88168,,,,,288,408660,402401,8489,0,,,,,,,,0,7643468,96657,,,,,,0,7637209,95111
10/30/20,IN,A+,4286,4050,26,236,16685,16685,1662,216,3248,517,1508890,10527,,,,,170,175893,,3163,0,,,,,168905,120925,,0,2863919,41067,,,,,1684783,13690,2863919,41067
10/30/20,KS,A+,1029,,22,,3832,3832,512,80,1067,145,557601,6613,,,,323,53,85181,,3136,0,,,,,,2659,,0,642782,9749,,,,,642782,9749,,0
10/30/20,KY,B,1476,1455,15,21,7098,7098,974,29,1716,241,1787618,33470,,,,,,105242,88512,1937,0,,,,,,18407,,0,1876130,35029,86054,61814,,,,0,1876130,35029
10/30/20,LA,A,5919,5705,11,214,,,612,0,,,2577022,11441,,,,,79,186649,182270,433,0,,,,,,168634,,0,2763671,11874,,,,,,0,2759292,11874
10/30/20,MA,A+,9975,9750,24,225,13253,13253,571,18,,106,2569972,18760,,,,,47,157146,153229,1582,0,,,,,198485,127054,,0,6009927,78604,,,127016,184974,2723201,20248,6009927,78604
10/30/20,MD,A,4137,3990,10,147,17023,17023,513,52,,126,1782204,8743,,134409,,,,144314,144314,927,0,,,13664,,173940,8164,,0,3389678,28397,,,148073,,1926518,9670,3389678,28397
10/30/20,ME,A+,146,145,0,1,486,486,17,3,,5,616843,11398,11780,,615106,,1,6570,5829,103,0,361,,,,7204,5495,,0,623413,11501,12153,,,,,0,622672,11478
10/30/20,MI,A+,7665,7309,12,356,,,1728,0,,398,4668695,58021,,,4668695,,167,193388,174388,3345,0,,,,,233697,114939,,0,4862083,61366,328693,,,,,0,4902392,62103
10/30/20,MN,A,2437,2420,18,17,10119,10119,738,128,2665,176,1691334,13250,,,,,,145465,144862,3154,0,,,,,,125052,2774695,31826,2774695,31826,,28643,,,1836196,16323,,0
10/30/20,MO,A+,2925,,26,,,,1530,0,,479,1319082,6158,81716,71709,2284801,,200,180200,180200,2507,0,5501,7009,3618,,205382,,,0,2494866,20470,87421,41139,83459,28275,1499282,8665,2494866,20470
10/30/20,MP,D,2,2,0,,4,4,,0,,,15993,0,,,,,,92,92,0,0,,,,,,29,,0,16085,0,,,,,16085,0,22633,0
10/30/20,MS,A+,3328,2998,18,330,6576,6576,712,0,,173,804264,0,,,,,72,119336,104312,749,0,95,,,,,101385,,0,923600,749,44238,94219,,,,0,908108,0
10/30/20,MT,B,364,,27,,1327,1327,357,15,,,460713,3959,,,,,,31916,31916,1063,0,,,,,,21102,,0,492629,5022,,,,,,0,492629,5022
10/30/20,NC,A+,4332,4257,49,75,,,1196,0,,343,3733961,41639,,,,,,271830,260709,2809,0,,,,,,231611,,0,4005791,44448,,29700,,,,0,3994670,44029
10/30/20,ND,B,517,,13,,1586,1586,294,39,312,44,249455,1065,10173,,,,,42733,42403,1378,0,673,,,,,34696,823327,11315,823327,11315,10846,,,,291938,2418,857502,11935
10/30/20,NE,A,637,,9,,2977,2977,528,27,,,517948,3764,,,838992,,,68150,68150,1605,0,,,,,80454,43516,,0,920664,15374,,,,,586410,5368,920664,15374
10/30/20,NH,B,482,,0,,777,777,30,2,254,,327812,72,,,,,,10884,10884,116,0,,,,,,9186,,0,609924,7194,33004,,32135,,338696,188,609924,7194
10/30/20,NJ,A,16339,14546,7,1793,37613,37613,1058,64,,221,4337984,0,,,,,79,236523,236523,1976,0,,,,,,37016,,0,4574507,1976,,,,,,0,4572531,0
10/30/20,NM,B,1007,,13,,4553,4553,334,61,,,1115978,7697,,,,,,45909,45909,1005,0,,,,,,21491,,0,1161887,8702,,,,,,0,1161887,8702
10/30/20,NV,A+,1777,,8,,,,594,0,,163,703799,3735,,,,,56,99786,99786,1232,0,,,,,,,1242709,11597,1242709,11597,,,,,803585,4967,1154583,0
10/30/20,NY,B,25804,,12,,89995,89995,1085,0,,243,13885325,144630,,,,,116,505431,505431,2255,0,,,,,,79621,14390756,146885,14390756,146885,,,,,,0,,0
10/30/20,OH,A+,5291,4979,16,312,18969,18969,1629,169,3841,427,4201154,45001,,,,,226,212782,200609,3845,0,,,,,,167035,,0,4413936,48846,,,,,,0,4401763,48746
10/30/20,OK,A+,1326,,20,,8778,8778,865,90,,301,1480280,14288,,,1480280,,,121495,121495,1302,0,4814,,,,134069,105137,,0,1601775,15590,87553,,,,,0,1618126,16350
10/30/20,OR,A+,675,,2,,3204,3204,211,34,,61,810549,5547,,,1370599,,23,44389,42136,596,0,,,,,70560,5870,,0,1441159,15627,,,,,852685,6118,1441159,15627
10/30/20,PA,A+,8784,,22,,,,1253,0,,,2297983,15155,,,,,131,205517,195944,2641,0,,,,,,156192,,0,2503500,17796,,,,,2493927,17488,4006017,41245
10/30/20,PR,B,820,626,6,194,,,452,0,,60,305972,0,,,303412,,38,33853,33853,574,0,31890,,,,7002,28912,,0,339825,574,,,,,,0,310546,0
10/30/20,RI,A+,1201,,6,,3309,3309,152,37,,15,400002,2974,,,1080659,,9,32874,32874,562,0,,,,,43648,2763,1124307,17925,1124307,17925,,,,,432876,3536,,0
10/30/20,SC,A+,3896,3653,7,243,10452,10452,777,48,,196,1612766,13615,71021,,1560716,,93,175594,167057,1003,0,8901,16388,,,219107,90215,,0,1788360,14618,79922,112467,,,,0,1779823,14328
10/30/20,SD,A,415,,12,,2660,2660,403,58,,,212097,1583,,,,,,44559,42896,1559,0,,,,,,30624,,0,256656,3142,,,,,256656,3142,426219,6606
10/30/20,TN,A+,3341,3156,78,185,10264,10264,1388,56,,428,3402601,21838,,,3352692,,171,259488,244886,2608,0,,13945,,,294795,229669,,0,3662089,24446,,114176,,,,0,3647487,24149
10/30/20,TX,A,17934,,115,,,,5627,0,,1606,7507018,75058,,,,,,893451,893451,6631,0,46737,31586,,,987286,776580,,0,8400469,81689,480444,402315,,,,0,8400469,81689
10/30/20,UT,A+,601,,3,,5395,5395,338,76,1117,133,926583,7351,,,1259856,432,,112932,112932,2292,0,,5259,,5039,117637,82752,,0,1377493,15541,,85947,,39068,1034569,9212,1377493,15541
10/30/20,VA,A+,3643,3391,7,252,12511,12511,1065,57,,231,2440113,21692,,,,,107,179639,166551,1456,0,,,,,198437,19929,2606664,22859,2606664,22859,,,,,,0,,0
10/30/20,VI,D,21,21,0,,,,,0,,,22857,265,,,,,,1362,,9,0,,,,,,1315,,0,24219,274,,,,,,0,24247,276
10/30/20,VT,B,58,58,0,,,,4,0,,2,184972,556,,,,,,2173,2157,19,0,,,,,,1789,,0,403053,4944,,,,,187129,572,403053,4944
10/30/20,WA,B,2359,2359,6,,8467,8467,433,84,,112,2299795,21206,,,,,46,110362,108251,1102,0,,,,,,,2405352,22020,2405352,22020,,,,,,0,,0
10/30/20,WI,A+,2029,1972,26,57,11145,11145,1546,142,1463,350,1817061,13596,,,,,,232062,220092,5357,0,,,,,,171252,3235669,37568,3235669,37568,,,,,2037153,18692,,0
10/30/20,WV,B,451,446,8,5,,,240,0,,75,745312,9132,,,,,27,23990,22188,524,0,,,,,,18552,,0,769302,9656,19104,,,,,0,767500,9577
10/30/20,WY,B,87,,0,,440,440,120,6,,,116955,0,,,269003,,,13028,11020,521,0,,,,,14117,8455,,0,283120,3685,,,,,127544,0,283120,3685
10/29/20,AK,A,77,77,6,,442,442,89,8,,,569787,3319,,,570308,,6,14481,,350,0,,,,,13641,7094,,0,584268,3669,,,,,,0,584268,3669
10/29/20,AL,A,2914,2718,3,196,20246,20246,1013,130,2056,,1165898,5972,,,,1183,,189149,161537,1443,0,,,,,,81005,,0,1327435,7129,,,64185,,1327435,7129,,0
10/29/20,AR,A+,1894,1732,19,162,6967,6967,647,47,,226,1223702,11511,,,1223702,829,95,109712,101588,1072,0,,3300,,9092,,98340,,0,1325290,12348,,21856,,56296,,0,1325290,12348
10/29/20,AS,D,0,,0,,,,,0,,,1616,0,,,,,,0,0,0,0,,,,,,,,0,1616,0,,,,,,0,1616,0
10/29/20,AZ,A+,5918,5626,13,292,21260,21260,874,13,,186,1508827,13013,,,,,95,242480,236835,1315,0,,,,,,40697,,0,2775736,28512,318101,,,,1745662,14215,2775736,28512
10/29/20,CA,B,17541,,66,,,,3083,0,,768,17410867,95984,,,,,,912904,912904,4191,0,,,,,,,,0,18323771,100175,,,,,,0,18323771,100175
10/29/20,CO,A,2268,1880,19,388,8943,8943,742,89,,,1101195,9545,169651,,,,,102014,95107,1806,0,13404,,,,,7798,1936408,25425,1936408,25425,183055,,,,1196302,11259,,0
10/29/20,CT,B,4609,3702,5,907,12257,12257,321,0,,,2187446,21200,,,,,,70446,66896,1319,0,,,,,,9800,,0,2257892,22519,,,,,,0,2254342,21739
10/29/20,DC,A+,645,,1,,,,102,0,,28,492790,4356,,,,,9,17074,,101,0,,,,,,13325,509864,4457,509864,4457,,,,,253947,1427,,0
10/29/20,DE,A+,689,608,1,81,,,99,0,,22,321870,1323,,,,,,24553,23405,161,0,,,,,26597,13008,546837,2057,546837,2057,,,,,346423,1484,,0
10/29/20,FL,A,16854,,79,,49580,49580,2347,291,,,5284167,34210,515517,501250,7814747,,,784331,751557,4111,0,58365,,56856,,1021507,,9855604,81412,9855604,81412,574229,,558367,,6068498,38321,8882061,65632
10/29/20,GA,A+,7923,,47,,31516,31516,1777,146,5927,,3159314,18932,,,,,,356848,356848,1823,0,29569,,,,333316,,,0,3516162,20755,329039,,,,,0,3516162,20755
10/29/20,GU,A,78,,1,,,,85,0,,14,61836,638,,,,,5,4549,4504,83,0,6,45,,,,2636,,0,66385,721,204,402,,,,0,65981,626
10/29/20,HI,B,213,,-2,,1081,1081,61,8,,15,295153,0,,,,,12,15039,14834,61,0,,,,,14776,11605,517005,4393,517005,4393,,,,,308090,0,,0
10/29/20,IA,A+,1693,,11,,,,605,0,,135,763882,3562,,62691,,,56,114982,114982,1940,0,,,3831,7349,,91449,,0,878864,5502,,,66562,77568,880527,5507,,0
10/29/20,ID,A,599,555,14,44,2514,2514,286,31,546,72,324021,2160,,,,,,61785,54193,862,0,,,,,,28890,,0,378214,2814,,,,,378214,2814,511141,3862
10/29/20,IL,A,9945,9675,56,270,,,3030,0,,643,7146640,76693,,,,,269,400171,395458,6363,0,,,,,,,,0,7546811,83056,,,,,,0,7542098,83056
10/29/20,IN,A+,4260,4024,33,236,16469,16469,1733,196,3204,508,1498363,10385,,,,,159,172730,,3618,0,,,,,166440,119664,,0,2822852,39104,,,,,1671093,14003,2822852,39104
10/29/20,KS,A+,1007,,0,,3752,3752,432,0,1043,120,550988,0,,,,318,40,82045,,0,0,,,,,,2604,,0,633033,0,,,,,633033,0,,0
10/29/20,KY,B,1461,1440,19,21,7069,7069,969,61,1710,234,1754148,8356,,,,,,103305,86953,1811,0,,,,,,18277,,0,1841101,9732,85899,60572,,,,0,1841101,9732
10/29/20,LA,A,5908,5694,18,214,,,612,0,,,2565581,13002,,,,,79,186216,181837,394,0,,,,,,168634,,0,2751797,13396,,,,,,0,2747418,13396
10/29/20,MA,A+,9951,9727,27,224,13235,13235,561,22,,99,2551212,17090,,,,,49,155564,151741,1346,0,,,,,196751,127054,,0,5931323,65752,,,126754,183029,2702953,18333,5931323,65752
10/29/20,MD,A,4127,3980,12,147,16971,16971,502,61,,120,1773461,9934,,134409,,,,143387,143387,962,0,,,13664,,172797,8144,,0,3361281,27719,,,148073,,1916848,10896,3361281,27719
10/29/20,ME,A+,146,145,0,1,483,483,15,-1,,5,605445,8529,10158,,603720,,2,6467,5749,80,0,350,,,,7116,5462,,0,611912,8609,10520,,,,,0,611194,8608
10/29/20,MI,A+,7653,7298,47,355,,,1332,0,,320,4610674,48606,,,4610674,,153,190043,171220,4109,0,,,,,229615,114939,,0,4800717,52715,327051,,,,,0,4840289,107564
10/29/20,MN,A,2419,2404,32,15,9991,9991,867,136,2642,173,1678084,16024,,,,,,142311,141789,2867,0,,,,,,124379,2742869,29792,2742869,29792,,27581,,,1819873,18869,,0
10/29/20,MO,A+,2899,,29,,,,1490,0,,464,1312924,6320,81442,71709,2267061,,179,177693,177693,3061,0,5422,6661,3618,,202697,,,0,2474396,19969,87067,37742,83145,26900,1490617,9381,2474396,19969
10/29/20,MP,D,2,2,0,,4,4,,0,,,15993,0,,,,,,92,92,0,0,,,,,,29,,0,16085,0,,,,,16085,0,22633,0
10/29/20,MS,A+,3310,2985,8,325,6576,6576,699,0,,176,804264,40277,,,,,68,118587,103844,970,0,95,,,,,101385,,0,922851,41247,44238,94219,,,,0,908108,40907
10/29/20,MT,B,337,,12,,1312,1312,373,14,,,456754,2250,,,,,,30853,30853,887,0,,,,,,20042,,0,487607,3137,,,,,,0,487607,3137
10/29/20,NC,A+,4283,4210,38,73,,,1181,0,,340,3692322,35416,,,,,,269021,258319,2885,0,,,,,,231611,,0,3961343,38301,,27145,,,,0,3950641,38042
10/29/20,ND,B,504,,11,,1547,1547,287,28,308,41,248390,773,10140,,,,,41355,41051,1228,0,664,,,,,33860,812012,7845,812012,7845,10804,,,,289520,1996,845567,8450
10/29/20,NE,A,628,,8,,2950,2950,483,45,,,514184,2537,,,825406,,,66545,66545,1169,0,,,,,78673,42850,,0,905290,10905,,,,,581042,3704,905290,10905
10/29/20,NH,B,482,,4,,775,775,30,0,253,,327740,2318,,,,,,10768,10768,127,0,,,,,,9180,,0,602730,7023,32973,,32108,,338508,2445,602730,7023
10/29/20,NJ,A,16332,14539,8,1793,37549,37549,1072,64,,217,4337984,47370,,,,,79,234547,234547,1550,0,,,,,,36849,,0,4572531,48920,,,,,,0,4572531,48920
10/29/20,NM,B,994,,3,,4492,4492,323,63,,,1108281,10921,,,,,,44904,44904,1078,0,,,,,,21389,,0,1153185,11999,,,,,,0,1153185,11999
10/29/20,NV,A+,1769,,3,,,,594,0,,162,700064,-707,,,,,64,98554,98554,1075,0,,,,,,,1231112,3423,1231112,3423,,,,,798618,368,1154583,0
10/29/20,NY,B,25792,,19,,89995,89995,1085,0,,237,13740695,165854,,,,,114,503176,503176,2499,0,,,,,,79501,14243871,168353,14243871,168353,,,,,,0,,0
10/29/20,OH,A+,5275,4963,19,312,18800,18800,1536,194,3816,416,4156153,47463,,,,,226,208937,196864,3590,0,,,,,,165302,,0,4365090,51053,,,,,,0,4353017,50876
10/29/20,OK,A+,1306,,20,,8688,8688,874,79,,305,1465992,9278,,,1465992,,,120193,120193,1041,0,4814,,,,132701,103919,,0,1586185,10319,87553,,,,,0,1601776,11154
10/29/20,OR,A+,673,,2,,3170,3170,235,36,,62,805002,7181,,,1355828,,23,43793,41565,565,0,,,,,69704,5870,,0,1425532,15306,,,,,846567,7713,1425532,15306
10/29/20,PA,A+,8762,,44,,,,1229,0,,,2282828,13582,,,,,127,202876,193611,2202,0,,,,,,156214,,0,2485704,15784,,,,,2476439,15547,3964772,34862
10/29/20,PR,B,814,621,1,193,,,425,0,,63,305972,0,,,303412,,39,33279,33279,752,0,31519,,,,7002,28439,,0,339251,752,,,,,,0,310546,0
10/29/20,RI,A+,1195,,3,,3272,3272,139,16,,16,397028,2617,,,1063344,,9,32312,32312,368,0,,,,,43038,2741,1106382,14394,1106382,14394,,,,,429340,2985,,0
10/29/20,SC,A+,3889,3645,13,244,10404,10404,800,59,,202,1599151,18861,70886,,1547512,,97,174591,166344,1100,0,8874,16203,,,217983,89472,,0,1773742,19961,79760,109636,,,,0,1765495,19728
10/29/20,SD,A,403,,19,,2602,2602,413,57,,,210514,1218,,,,,,43000,41507,1000,0,,,,,,30135,,0,253514,2218,,,,,253514,2218,419613,3924
10/29/20,TN,A+,3263,3087,22,176,10208,10208,1529,68,,432,3380763,26370,,,3331097,,173,256880,242575,2660,0,,13624,,,292241,227271,,0,3637643,29030,,109678,,,,0,3623338,28747
10/29/20,TX,A,17819,,119,,,,5587,0,,1599,7431960,73978,,,,,,886820,886820,6826,0,46323,30780,,,978542,772350,,0,8318780,80804,476253,392149,,,,0,8318780,80804
10/29/20,UT,A+,598,,10,,5319,5319,338,72,1112,123,919232,8073,,,1246283,430,,110640,110640,1837,0,,5051,,4836,115669,81403,,0,1361952,14983,,82886,,37934,1025357,9973,1361952,14983
10/29/20,VA,A+,3636,3384,20,252,12454,12454,1082,70,,249,2418421,19416,,,,,108,178183,165384,1429,0,,,,,196941,19832,2583805,20492,2583805,20492,,,,,,0,,0
10/29/20,VI,D,21,21,0,,,,,0,,,22592,0,,,,,,1353,,0,0,,,,,,1311,,0,23945,0,,,,,,0,23971,0
10/29/20,VT,B,58,58,0,,,,6,0,,2,184416,977,,,,,,2154,2141,16,0,,,,,,1778,,0,398109,2538,,,,,186557,993,398109,2538
10/29/20,WA,B,2353,2353,16,,8383,8383,426,25,,112,2278589,20021,,,,,40,109260,107192,1075,0,,,,,,,2383332,20737,2383332,20737,,,,,,0,,0
10/29/20,WI,A+,2003,1948,60,55,11003,11003,1453,193,1465,330,1803465,8304,,,,,,226705,214996,5146,0,,,,,,168117,3198101,37721,3198101,37721,,,,,2018461,13174,,0
10/29/20,WV,B,443,438,7,5,,,238,0,,84,736180,10285,,,,,28,23466,21743,402,0,,,,,,18276,,0,759646,10687,19062,,,,,0,757923,10619
10/29/20,WY,B,87,,10,,434,434,109,13,,,116955,3269,,,265691,,,12507,10589,361,0,,,,,13744,8236,,0,279435,4153,,,,,127544,4940,279435,4153
10/28/20,AK,A,71,71,1,,434,434,80,9,,,566468,2818,,,566887,,8,14131,,352,0,,,,,13393,7067,,0,580599,3170,,,,,,0,580599,3170
10/28/20,AL,A,2911,2713,19,198,20116,20116,1013,142,2049,,1159926,6478,,,,1176,,187706,160380,1269,0,,,,,,74439,,0,1320306,7419,,,63860,,1320306,7419,,0
10/28/20,AR,A+,1875,1714,18,161,6920,6920,644,79,,228,1212191,9016,,,1212191,825,94,108640,100751,961,0,,3300,,8792,,97450,,0,1312942,9706,,21856,,53975,,0,1312942,9706
10/28/20,AS,D,0,,0,,,,,0,,,1616,0,,,,,,0,0,0,0,,,,,,,,0,1616,0,,,,,,0,1616,0
10/28/20,AZ,A+,5905,5614,14,291,21247,21247,871,75,,188,1495814,5774,,,,,94,241165,235633,1043,0,,,,,,40426,,0,2747224,29084,316805,,,,1731447,6800,2747224,29084
10/28/20,CA,B,17475,,75,,,,2998,0,,770,17314883,92032,,,,,,908713,908713,4515,0,,,,,,,,0,18223596,96547,,,,,,0,18223596,96547
10/28/20,CO,A,2249,1861,13,388,8854,8854,721,76,,,1091650,6629,169104,,,,,100208,93393,1475,0,13307,,,,,7724,1910983,18034,1910983,18034,182411,,,,1185043,7999,,0
10/28/20,CT,B,4604,3697,9,907,12257,12257,309,0,,,2166246,13849,,,,,,69127,66357,490,0,,,,,,9800,,0,2235373,14339,,,,,,0,2232603,14305
10/28/20,DC,A+,644,,0,,,,101,0,,25,488434,2802,,,,,8,16973,,67,0,,,,,,13276,505407,2869,505407,2869,,,,,252520,988,,0
10/28/20,DE,A+,688,607,2,81,,,92,0,,22,320547,1655,,,,,,24392,23251,143,0,,,,,26499,12934,544780,2058,544780,2058,,,,,344939,1798,,0
10/28/20,FL,A,16775,,66,,49289,49289,2340,212,,,5249957,34534,515517,501250,7754583,,,780220,748577,4005,0,58365,,56856,,1016138,,9774192,70701,9774192,70701,574229,,558367,,6030177,38539,8816429,57282
10/28/20,GA,A+,7876,,32,,31370,31370,1779,114,5888,,3140382,18863,,,,,,355025,355025,1653,0,29355,,,,331771,,,0,3495407,20516,327806,,,,,0,3495407,20516
10/28/20,GU,A,77,,2,,,,86,0,,13,61198,571,,,,,6,4466,4432,48,0,6,34,,,,2618,,0,65664,619,204,307,,,,0,65355,619
10/28/20,HI,B,215,,3,,1073,1073,61,6,,15,295153,0,,,,,12,14978,14773,64,0,,,,,14717,11523,512612,4122,512612,4122,,,,,308090,0,,0
10/28/20,IA,A+,1682,,21,,,,596,0,,136,760320,2561,,62495,,,51,113042,113042,1781,0,,,3807,6949,,90532,,0,873362,4342,,,66342,75535,875020,4341,,0
10/28/20,ID,A,585,541,5,44,2483,2483,272,36,542,75,321861,1370,,,,,,60923,53539,882,0,,,,,,28553,,0,375400,2063,,,,,375400,2063,507279,3855
10/28/20,IL,A,9889,9619,51,270,,,2861,0,,600,7069947,64642,,,,,243,393808,389095,6110,0,,,,,,,,0,7463755,70752,,,,,,0,7459042,70752
10/28/20,IN,A+,4227,3991,33,236,16273,16273,1679,209,3155,470,1487978,8000,,,,,166,169112,,2548,0,,,,,163098,118268,,0,2783748,29437,,,,,1657090,10548,2783748,29437
10/28/20,KS,A+,1007,,31,,3752,3752,432,106,1043,120,550988,3733,,,,318,40,82045,,3369,0,,,,,,2604,,0,633033,7102,,,,,633033,7102,,0
10/28/20,KY,B,1442,1421,14,21,7008,7008,927,61,1702,235,1745792,8741,,,,,,101494,85577,1857,0,,,,,,18165,,0,1831369,10141,85839,59010,,,,0,1831369,10141
10/28/20,LA,A,5890,5676,18,214,,,613,0,,,2552579,14026,,,,,80,185822,181443,1098,0,,,,,,168634,,0,2738401,15124,,,,,,0,2734022,14478
10/28/20,MA,A+,9924,9700,36,224,13213,13213,582,53,,106,2534122,17508,,,,,49,154218,150498,1181,0,,,,,195310,122856,,0,5865571,84340,,,126476,180772,2684620,18645,5865571,84340
10/28/20,MD,A,4115,3969,7,146,16910,16910,501,51,,114,1763527,7174,,134409,,,,142425,142425,684,0,,,13664,,171618,8117,,0,3333562,22419,,,148073,,1905952,7858,3333562,22419
10/28/20,ME,A+,146,145,0,1,484,484,16,5,,7,596916,7441,10146,,595202,,0,6387,5670,76,0,349,,,,7039,5441,,0,603303,7517,10507,,,,,0,602586,7518
10/28/20,MI,A+,7606,7257,21,349,,,1332,0,,320,4562068,50942,,,4562068,,153,185934,167545,3590,0,,,,,225150,114939,,0,4748002,54532,323494,,,,,0,4732725,0
10/28/20,MN,A,2387,2373,19,14,9855,9855,680,126,2609,166,1662060,7518,,,,,,139444,138944,1908,0,,,,,,123529,2713077,14964,2713077,14964,,26920,,,1801004,9316,,0
10/28/20,MO,A+,2870,,32,,,,1446,0,,451,1306604,4916,81304,71709,2250415,,173,174632,174632,1915,0,5375,6434,3618,,199417,,,0,2454427,15848,86882,35726,82980,25800,1481236,6831,2454427,15848
10/28/20,MP,D,2,2,0,,4,4,,0,,,15993,0,,,,,,92,92,0,0,,,,,,29,,0,16085,0,,,,,16085,0,22633,0
10/28/20,MS,A+,3302,2979,19,323,6576,6576,666,0,,157,763987,34443,,,,,62,117617,103214,1000,0,95,,,,,101385,,0,881604,35443,42445,81884,,,,0,867201,39704
10/28/20,MT,B,325,,20,,1298,1298,374,53,,,454504,2528,,,,,,29966,29966,620,0,,,,,,19519,,0,484470,3148,,,,,,0,484470,3148
10/28/20,NC,A+,4245,4176,34,69,,,1193,0,,329,3656906,30025,,,,,,266136,255693,2253,0,,,,,,231611,,0,3923042,32278,,24967,,,,0,3912599,21835
10/28/20,ND,B,493,,12,,1519,1519,284,41,304,41,247617,551,10058,,,,,40127,39839,818,0,632,,,,,33172,804167,7653,804167,7653,10690,,,,287524,1328,837117,8065
10/28/20,NE,A,620,,17,,2905,2905,436,30,,,511647,3386,,,815775,,,65376,65376,877,0,,,,,77406,42633,,0,894385,11765,,,,,577338,4262,894385,11765
10/28/20,NH,B,478,,3,,775,775,29,4,250,,325422,1544,,,,,,10641,10641,110,0,,,,,,9129,,0,595707,5343,32940,,32082,,336063,1654,595707,5343
10/28/20,NJ,A,16324,14531,18,1793,37485,37485,1010,71,,194,4290614,37132,,,,,80,232997,232997,1666,0,,,,,,36732,,0,4523611,38798,,,,,,0,4523611,38798
10/28/20,NM,B,991,,11,,4429,4429,313,52,,,1097360,11110,,,,,,43826,43826,657,0,,,,,,21224,,0,1141186,11767,,,,,,0,1141186,11767
10/28/20,NV,A+,1766,,10,,,,565,0,,142,700771,2758,,,,,56,97479,97479,571,0,,,,,,,1227689,7246,1227689,7246,,,,,798250,3329,1154583,0
10/28/20,NY,B,25773,,15,,89995,89995,1085,0,,236,13574841,127629,,,,,120,500677,500677,2031,0,,,,,,79366,14075518,129660,14075518,129660,,,,,,0,,0
10/28/20,OH,A+,5256,4944,17,312,18606,18606,1536,173,3790,416,4108690,28826,,,,,224,205347,193451,2607,0,,,,,,163472,,0,4314037,31433,,,,,,0,4302141,31208
10/28/20,OK,A+,1286,,13,,8609,8609,885,69,,305,1456714,10647,,,1456714,,,119152,119152,743,0,4814,,,,131411,102792,,0,1575866,11390,87553,,,,,0,1590622,11710
10/28/20,OR,A+,671,,7,,3134,3134,206,23,,62,797821,3634,,,1341189,,19,43228,41033,420,0,,,,,69037,5870,,0,1410226,14259,,,,,838854,4029,1410226,14259
10/28/20,PA,A+,8718,,22,,,,1187,0,,,2269246,14723,,,,,114,200674,191646,2228,0,,,,,,154518,,0,2469920,16951,,,,,2460892,16720,3929910,36324
10/28/20,PR,B,813,620,5,193,,,434,0,,61,305972,0,,,303412,,37,32527,32527,66,0,31060,,,,7002,28021,,0,338499,66,,,,,,0,310546,0
10/28/20,RI,A+,1192,,4,,3256,3256,136,27,,18,394411,2387,,,1049453,,8,31944,31944,499,0,,,,,42535,2729,1091988,14318,1091988,14318,,,,,426355,2886,,0
10/28/20,SC,A+,3876,3634,34,242,10345,10345,810,59,,201,1580290,7843,70568,,1529192,,95,173491,165477,912,0,8797,16016,,,216575,88761,,0,1753781,8755,79365,106595,,,,0,1745767,8518
10/28/20,SD,A,384,,9,,2545,2545,412,62,,,209296,861,,,,,,42000,40589,1270,0,,,,,,29683,,0,251296,2131,,,,,251296,2131,415689,6243
10/28/20,TN,A+,3241,3067,34,174,10140,10140,1384,78,,384,3354393,19926,,,3305080,,171,254220,240198,2446,0,,13309,,,289511,224822,,0,3608613,22372,,105788,,,,0,3594591,22000
10/28/20,TX,A,17700,,105,,,,5650,0,,1636,7357982,81735,,,,,,879994,879994,5627,0,45489,30193,,,970102,767905,,0,8237976,87362,473079,384461,,,,0,8237976,87362
10/28/20,UT,A+,588,,10,,5247,5247,316,78,1098,117,911159,4992,,,1233303,425,,108803,108803,1575,0,,4834,,4624,113666,79918,,0,1346969,9731,,80390,,36675,1015384,6236,1346969,9731
10/28/20,VA,A+,3616,3364,16,252,12384,12384,1068,64,,252,2399005,18829,,,,,113,176754,164308,1345,0,,,,,195768,19786,2563313,19798,2563313,19798,,,,,,0,,0
10/28/20,VI,D,21,21,0,,,,,0,,,22592,284,,,,,,1353,,2,0,,,,,,1311,,0,23945,286,,,,,,0,23971,273
10/28/20,VT,B,58,58,0,,,,8,0,,,183439,524,,,,,,2138,2125,11,0,,,,,,1768,,0,395571,4609,,,,,185564,535,395571,4609
10/28/20,WA,B,2337,2337,16,,8358,8358,417,36,,100,2258568,-10528,,,,,44,108185,106157,1133,0,,,,,,,2362595,-10001,2362595,-10001,,,,,,0,,0
10/28/20,WI,A+,1943,1897,48,46,10810,10810,1439,174,1453,339,1795161,6003,,,,,,221559,210126,4130,0,,,,,,164726,3160380,22005,3160380,22005,,,,,2005287,9818,,0
10/28/20,WV,B,436,432,4,4,,,226,0,,83,725895,4864,,,,,27,23064,21409,358,0,,,,,,18071,,0,748959,5222,18984,,,,,0,747304,5113
10/28/20,WY,B,77,,0,,421,421,104,10,,,113686,0,,,261985,,,12146,10288,340,0,,,,,13297,8105,,0,275282,4412,,,,,122604,0,275282,4412
10/27/20,AK,A,70,70,2,,425,425,81,1,,,563650,6197,,,563865,,8,13779,,388,0,,,,,13245,7016,,0,577429,6585,,,,,,0,577429,6585
10/27/20,AL,A,2892,2699,26,193,19974,19974,1001,0,2035,,1153448,4455,,,,1164,,186437,159439,1115,0,,,,,,74439,,0,1312887,5193,,,63683,,1312887,5193,,0
10/27/20,AR,A+,1857,1696,24,161,6841,6841,660,73,,232,1203175,7740,,,1203175,819,89,107679,100061,952,0,,3300,,8484,,96322,,0,1303236,8391,,21856,,49893,,0,1303236,8391
10/27/20,AS,D,0,,0,,,,,0,,,1616,0,,,,,,0,0,0,0,,,,,,,,0,1616,0,,,,,,0,1616,0
10/27/20,AZ,A+,5891,5601,16,290,21172,21172,861,75,,187,1490040,8719,,,,,100,240122,234607,1158,0,,,,,,40169,,0,2718140,28065,316145,,,,1724647,9846,2718140,28065
10/27/20,CA,B,17400,,43,,,,3000,0,,774,17222851,141032,,,,,,904198,904198,3188,0,,,,,,,,0,18127049,144220,,,,,,0,18127049,144220
10/27/20,CO,A,2236,1850,10,386,8778,8778,648,120,,,1085021,6971,168744,,,,,98733,92023,1433,0,13243,,,,,7668,1892949,18848,1892949,18848,181987,,,,1177044,8319,,0
10/27/20,CT,B,4595,3687,6,908,12257,12257,292,0,,,2152397,12559,,,,,,68637,65901,538,0,,,,,,9800,,0,2221034,13097,,,,,,0,2218298,13039
10/27/20,DC,A+,644,,2,,,,106,0,,26,485632,4254,,,,,7,16906,,94,0,,,,,,13215,502538,4348,502538,4348,,,,,251532,1489,,0
10/27/20,DE,A+,686,605,1,81,,,93,0,,20,318892,989,,,,,,24249,23114,81,0,,,,,26432,12846,542722,3323,542722,3323,,,,,343141,1070,,0
10/27/20,FL,A,16709,,57,,49077,49077,2316,235,,,5215423,12687,487730,475588,7702522,,,776215,745829,4226,0,51923,,50676,,1011016,,9703491,64541,9703491,64541,539844,,526404,,5991638,22398,8759147,54792
10/27/20,GA,A,7844,,17,,31256,31256,1823,169,5859,,3121519,12012,,,,,,353372,353372,1491,0,29271,,,,330641,,,0,3474891,13503,327268,,,,,0,3474891,13503
10/27/20,GU,A,75,,0,,,,81,0,,16,60627,509,,,,,5,4418,4384,82,0,6,34,,,,2611,,0,65045,591,204,307,,,,0,64736,584
10/27/20,HI,B,212,,0,,1067,1067,64,2,,15,295153,0,,,,,10,14914,14709,37,0,,,,,14655,11444,508490,3235,508490,3235,,,,,308090,0,,0
10/27/20,IA,A+,1661,,13,,,,564,0,,128,757759,1840,,62237,,,46,111261,111261,857,0,,,3796,6521,,89490,,0,869020,2697,,,66073,73681,870679,2712,,0
10/27/20,ID,A,580,536,7,44,2447,2447,272,16,539,75,320491,2012,,,,,,60041,52846,697,0,,,,,,28309,,0,373337,2596,,,,,373337,2596,503424,5167
10/27/20,IL,A,9838,9568,46,270,,,2758,0,,595,7005305,58074,,,,,241,387698,382985,4000,0,,,,,,,,0,7393003,62074,,,,,,0,7388290,62074
10/27/20,IN,A+,4194,3958,51,236,16064,16064,1687,159,3135,494,1479978,6327,,,,,156,166564,,1983,0,,,,,160768,116834,,0,2754311,19366,,,,,1646542,8310,2754311,19366
10/27/20,KS,A+,976,,0,,3646,3646,362,0,1009,103,547255,0,,,,313,39,78676,,0,0,,,,,,2549,,0,625931,0,,,,,625931,0,,0
10/27/20,KY,B,1428,1408,18,20,6947,6947,913,52,1694,233,1737051,10072,,,,,,99637,84177,1771,0,,,,,,18045,,0,1821228,11357,85579,57656,,,,0,1821228,11357
10/27/20,LA,A,5872,5666,18,206,,,600,0,,,2538553,19789,,,,,91,184724,180991,922,0,,,,,,165282,,0,2723277,20711,,,,,,0,2719544,20711
10/27/20,MA,A+,9888,9664,7,224,13160,13160,567,0,,109,2516614,12702,,,,,47,153037,149361,1260,0,,,,,193911,122856,,0,5781231,57358,,,126155,178728,2665975,13727,5781231,57358
10/27/20,MD,A,4108,3962,9,146,16859,16859,471,40,,105,1756353,8826,,131954,,,,141741,141741,897,0,,,13261,,170766,8099,,0,3311143,23187,,,145215,,1898094,9723,3311143,23187
10/27/20,ME,A+,146,145,0,1,479,479,12,2,,5,589475,7076,10136,,587768,,0,6311,5593,57,0,349,,,,6955,5399,,0,595786,7133,10497,,,,,0,595068,7118
10/27/20,MI,A+,7585,7239,33,346,,,1332,0,,320,4511126,38407,,,4511126,,146,182344,164274,2675,0,,,,,221599,114939,,0,4693470,41082,323494,,,,,0,4732725,41246
10/27/20,MN,A,2368,2354,15,14,9729,9729,658,141,2589,165,1654542,5602,,,,,,137536,137146,2164,0,,,,,,122100,2698113,14099,2698113,14099,,26207,,,1791688,7755,,0
10/27/20,MO,A+,2838,,28,,,,1407,0,,449,1301688,6761,80994,71709,2236660,,162,172717,172717,1695,0,5327,6208,3618,,197358,,,0,2438579,17968,86524,33883,82654,25040,1474405,8456,2438579,17968
10/27/20,MP,D,2,2,0,,4,4,,0,,,15993,270,,,,,,92,92,0,0,,,,,,29,,0,16085,270,,,,,16085,274,22633,421
10/27/20,MS,A+,3283,2964,20,319,6576,6576,678,0,,159,729544,0,,,,,63,116617,102599,854,0,95,,,,,101385,,0,846161,854,41053,72982,,,,0,827497,0
10/27/20,MT,C,305,,2,,1245,1245,350,8,,,451976,4152,,,,,,29346,29346,845,0,,,,,,18981,,0,481322,4997,,,,,,0,481322,4997
10/27/20,NC,A+,4211,4144,41,67,,,1214,0,,329,3626881,15710,,,,,,263883,253847,2141,0,,,,,,231611,,0,3890764,17851,,23444,,,,0,3890764,27656
10/27/20,ND,B,481,,14,,1478,1478,283,41,297,37,247066,829,10058,,,,,39309,39057,903,0,632,,,,,32339,796514,5978,796514,5978,10690,,,,286196,1718,829052,6447
10/27/20,NE,A,603,,7,,2875,2875,427,29,,,508261,2224,,,804996,,,64499,64499,702,0,,,,,76425,42245,,0,882620,9055,,,,,573076,2924,882620,9055
10/27/20,NH,B,475,,0,,771,771,31,3,248,,323878,1160,,,,,,10531,10531,134,0,,,,,,8989,,0,590364,5154,32897,,32004,,334409,1294,590364,5154
10/27/20,NJ,B,16306,14517,14,1789,37414,37414,957,104,,182,4253482,27932,,,,,68,231331,231331,1647,0,,,,,,36609,,0,4484813,29579,,,,,,0,4484813,29579
10/27/20,NM,B,980,,4,,4377,4377,307,56,,,1086250,3914,,,,,,43169,43169,583,0,,,,,,21063,,0,1129419,4497,,,,,,0,1129419,4497
10/27/20,NV,A+,1756,,7,,,,568,0,,144,698013,2870,,,,,58,96908,96908,730,0,,,,,,,1220443,8006,1220443,8006,,,,,794921,3600,1154583,0
10/27/20,NY,B,25758,,16,,89995,89995,1083,0,,233,13447212,109627,,,,,120,498646,498646,1991,0,,,,,,79230,13945858,111618,13945858,111618,,,,,,0,,0
10/27/20,OH,A+,5239,4927,22,312,18433,18433,1456,198,3771,418,4079864,44432,,,,,225,202740,191069,2509,0,,,,,,161704,,0,4282604,46941,,,,,,0,4270933,46763
10/27/20,OK,A+,1273,,22,,8540,8540,907,132,,286,1446067,29043,,,1446067,,,118409,118409,1010,0,4814,,,,130528,101656,,0,1564476,30053,87553,,,,,0,1578912,32674
10/27/20,OR,A+,664,,9,,3111,3111,215,20,,61,794187,6339,,,1327498,,26,42808,40638,372,0,,,,,68469,5870,,0,1395967,14799,,,,,834825,6697,1395967,14799
10/27/20,PA,A+,8696,,23,,,,1170,0,,,2254523,13093,,,,,110,198446,189649,2751,0,,,,,,152803,,0,2452969,15844,,,,,2444172,15566,3893586,35173
10/27/20,PR,B,808,616,4,192,,,395,0,,59,305972,0,,,303412,,38,32461,32461,263,0,31036,,,,7002,27607,,0,338433,263,,,,,,0,310546,0
10/27/20,RI,A+,1188,,4,,3229,3229,168,21,,14,392024,3156,,,1035676,,8,31445,31445,421,0,,,,,41994,2672,1077670,10528,1077670,10528,,,,,423469,3577,,0
10/27/20,SC,A+,3842,3602,19,240,10286,10286,746,50,,188,1572447,10716,70328,,1521519,,93,172579,164802,1078,0,8661,15735,,,215730,87892,,0,1745026,11794,78989,103477,,,,0,1737249,11572
10/27/20,SD,A,375,,0,,2483,2483,395,30,,,208435,1082,,,,,,40730,39494,989,0,,,,,,29167,,0,249165,2071,,,,,249165,2071,409446,4012
10/27/20,TN,A+,3207,3037,44,170,10062,10062,1374,77,,393,3334467,14898,,,3285430,,162,251774,238124,1908,0,,12933,,,287161,222348,,0,3586241,16806,,100419,,,,0,3572591,16504
10/27/20,TX,A,17595,,81,,,,5512,0,,1601,7276247,80034,,,,,,874367,874367,7292,0,45215,29591,,,962580,763108,,0,8150614,87326,470883,375346,,,,0,8150614,87326
10/27/20,UT,A+,578,,4,,5169,5169,309,67,1083,111,906167,5448,,,1224882,423,,107228,107228,1145,0,,4622,,4419,112356,78946,,0,1337238,3119,,77271,,35547,1009148,6588,1337238,3119
10/27/20,VA,A+,3600,3350,19,250,12320,12320,1081,60,,230,2380176,17182,,,,,106,175409,163339,1134,0,,,,,194517,19702,2543515,18094,2543515,18094,,,,,,0,,0
10/27/20,VI,D,21,21,0,,,,,0,,,22308,39,,,,,,1351,,3,0,,,,,,1308,,0,23659,42,,,,,,0,23698,55
10/27/20,VT,B,58,58,0,,,,4,0,,,182915,858,,,,,,2127,2114,31,0,,,,,,1766,,0,390962,1725,,,,,185029,887,390962,1725
10/27/20,WA,B,2321,2321,25,,8322,8322,422,42,,88,2269096,11622,,,,,37,107052,105066,348,0,,,,,,,2372596,12209,2372596,12209,,,,,,0,,0
10/27/20,WI,A+,1895,1852,71,43,10636,10636,1385,220,1442,339,1789158,11266,,,,,,217429,206311,5501,0,,,,,,161260,3138375,34693,3138375,34693,,,,,1995469,16528,,0
10/27/20,WV,B,432,428,8,4,,,221,0,,74,721031,6878,,,,,26,22706,21160,483,0,,,,,,17846,,0,743737,7361,18965,,,,,0,742191,7224
10/27/20,WY,B,77,,0,,411,411,105,10,,,113686,0,,,257988,,,11806,10035,329,0,,,,,12882,7906,,0,270870,5411,,,,,122604,0,270870,5411
10/26/20,AK,A,68,68,0,,424,424,50,3,,,557453,10525,,,557753,,9,13391,,350,0,,,,,12773,6948,,0,570844,10875,,,,,,0,570844,10875
10/26/20,AL,A,2866,2680,0,186,19974,19974,967,379,2025,,1148993,4208,,,,1159,,185322,158701,967,0,,,,,,74439,,0,1307694,5028,,,80313,,1307694,5028,,0
10/26/20,AR,A+,1833,1676,21,157,6768,6768,634,50,,255,1195435,6315,,,1195435,812,97,106727,99410,612,0,,3300,,8126,,95314,,0,1294845,6845,,21856,,47404,,0,1294845,6845
10/26/20,AS,D,0,,0,,,,,0,,,1616,0,,,,,,0,0,0,0,,,,,,,,0,1616,0,,,,,,0,1616,0
10/26/20,AZ,A+,5875,5587,1,288,21097,21097,837,11,,179,1481321,7615,,,,,97,238964,233480,801,0,,,,,,39920,,0,2690075,8960,314045,,,,1714801,8394,2690075,8960
10/26/20,CA,B,17357,,12,,,,2991,0,,735,17081819,191963,,,,,,901010,901010,2981,0,,,,,,,,0,17982829,194944,,,,,,0,17982829,194944
10/26/20,CO,A,2226,1843,3,383,8658,8658,591,36,,,1078050,16905,168532,,,,,97300,90675,2211,0,13218,,,,,7628,1874101,31847,1874101,31847,181750,,,,1168725,19096,,0
10/26/20,CT,B,4589,3683,12,906,12257,12257,270,0,,,2139838,90146,,,,,,68099,65421,2047,0,,,,,,9800,,0,2207937,92193,,,,,,0,2205259,92191
10/26/20,DC,A+,642,,0,,,,98,0,,23,481378,1913,,,,,12,16812,,45,0,,,,,,13179,498190,1958,498190,1958,,,,,250043,471,,0
10/26/20,DE,A+,685,604,4,81,,,108,0,,19,317903,2523,,,,,,24168,23036,207,0,,,,,26323,12732,539399,6187,539399,6187,,,,,342071,2730,,0
10/26/20,FL,A,16652,,20,,48842,48842,2258,76,,,5202736,28649,487730,475588,7653423,,,771989,742588,3336,0,51923,,50676,,1005534,,9638950,56560,9638950,56560,539844,,526404,,5969240,31974,8704355,46833
10/26/20,GA,A,7827,,18,,31087,31087,1740,19,5829,,3109507,15398,,,,,,351881,351881,958,0,29146,,,,329506,,,0,3461388,16356,326408,,,,,0,3461388,16356
10/26/20,GU,A,75,,4,,,,77,0,,17,60118,840,,,,,6,4336,4308,120,0,6,28,,,,2603,,0,64454,960,204,300,,,,0,64152,1538
10/26/20,HI,B,212,,0,,1065,1065,64,0,,15,295153,0,,,,,10,14877,14672,119,0,,,,,14617,11405,505255,4799,505255,4799,,,,,308090,0,,0
10/26/20,IA,A+,1648,,14,,,,561,0,,129,755919,2215,,62105,,,45,110404,110404,747,0,,,3780,6299,,88124,,0,866323,2962,,,65924,72763,867967,2963,,0
10/26/20,ID,A,573,528,1,45,2431,2431,272,22,535,75,318479,1646,,,,,,59344,52262,650,0,,,,,,28056,,0,370741,2172,,,,,370741,2172,498257,2296
10/26/20,IL,A,9792,9522,17,270,,,2638,0,,589,6947231,52535,,,,,238,383698,378985,4729,0,,,,,,,,0,7330929,57264,,,,,,0,7326216,57264
10/26/20,IN,A+,4143,3907,13,236,15905,15905,1634,138,3115,500,1473651,6790,,,,,164,164581,,1974,0,,,,,159199,115425,,0,2734945,23867,,,,,1638232,8764,2734945,23867
10/26/20,KS,A+,976,,1,,3646,3646,362,62,1009,103,547255,7223,,,,313,39,78676,,2446,0,,,,,,2549,,0,625931,9669,,,,,625931,9669,,0
10/26/20,KY,B,1410,1391,3,19,6895,6895,858,30,1689,253,1726979,22528,,,,,,97866,82892,924,0,,,,,,17881,,0,1809871,24685,82558,45138,,,,0,1809871,24685
10/26/20,LA,A,5854,5648,17,206,,,609,0,,,2518764,4832,,,,,71,183802,180069,227,0,,,,,,165282,,0,2702566,5059,,,,,,0,2698833,5059
10/26/20,MA,A+,9881,9657,17,224,13160,13160,550,18,,105,2503912,18870,,,,,43,151777,148336,1212,0,,,,,192778,122856,,0,5723873,55858,,,125973,174754,2652248,20086,5723873,55858
10/26/20,MD,A,4099,3953,3,146,16819,16819,456,62,,112,1747527,8877,,131954,,,,140844,140844,565,0,,,13261,,169684,8067,,0,3287956,21807,,,145215,,1888371,9442,3287956,21807
10/26/20,ME,A+,146,145,0,1,477,477,13,2,,5,582399,14211,10132,,580709,,0,6254,5551,53,0,349,,,,6905,5363,,0,588653,14264,10493,,,,,0,587950,14320
10/26/20,MI,A+,7552,7211,30,341,,,1332,0,,320,4472719,68340,,,4472719,,140,179669,161907,4057,0,,,,,218760,114939,,0,4652388,72397,322810,,,,,0,4691479,72917
10/26/20,MN,A,2353,2339,4,14,9588,9588,614,77,2558,149,1648940,12009,,,,,,135372,134993,1570,0,,,,,,120421,2684014,23691,2684014,23691,,26163,,,1783933,13571,,0
10/26/20,MO,A+,2810,,5,,,,1399,0,,481,1294927,5582,80898,71709,2220575,,174,171022,171022,1527,0,5299,6020,3618,,195500,,,0,2420611,13764,86397,31184,82540,23755,1465949,7109,2420611,13764
10/26/20,MP,D,2,2,0,,4,4,,0,,,15723,0,,,,,,92,92,4,0,,,,,,29,,0,15815,4,,,,,15811,0,22212,0
10/26/20,MS,A+,3263,2951,8,312,6576,6576,679,196,,157,729544,0,,,,,66,115763,102211,675,0,95,,,,,101385,,0,845307,675,41053,72982,,,,0,827497,0
10/26/20,MT,C,303,,6,,1237,1237,360,8,,,447824,10097,,,,,,28501,28501,621,0,,,,,,18343,,0,476325,10718,,,,,,0,476325,10718
10/26/20,NC,A+,4170,4108,13,62,,,1193,0,,332,3611171,26817,,,,,,261742,251937,1643,0,,,,,,231611,,0,3872913,28460,,22972,,,,0,3863108,28422
10/26/20,ND,B,467,,6,,1437,1437,256,20,293,38,246237,546,10058,,,,,38406,38165,532,0,632,,,,,31334,790536,6379,790536,6379,10690,,,,284478,1084,822605,6696
10/26/20,NE,A,596,,1,,2846,2846,435,13,,,506037,1826,,,796729,,,63797,63797,582,0,,,,,75643,41930,,0,873565,4402,,,,,570152,2408,873565,4402
10/26/20,NH,B,475,,2,,768,768,25,2,247,,322718,1485,,,,,,10397,10397,69,0,,,,,,8920,,0,585210,6024,32866,,32015,,333115,1554,585210,6024
10/26/20,NJ,B,16292,14503,7,1789,37310,37310,948,23,,178,4225550,68136,,,,,75,229684,229684,1216,0,,,,,,36545,,0,4455234,69352,,,,,,0,4455234,69352
10/26/20,NM,B,976,,9,,4321,4321,289,44,,,1082336,5355,,,,,,42586,42586,723,0,,,,,,20910,,0,1124922,6078,,,,,,0,1124922,6078
10/26/20,NV,A+,1749,,1,,,,531,0,,148,695143,2977,,,,,64,96178,96178,475,0,,,,,,,1212437,7691,1212437,7691,,,,,791321,3452,1154583,0
10/26/20,NY,B,25742,,12,,89995,89995,1059,0,,237,13337585,80926,,,,,118,496655,496655,1191,0,,,,,,79162,13834240,82117,13834240,82117,,,,,,0,,0
10/26/20,OH,A+,5217,4907,11,310,18235,18235,1406,140,3751,408,4035432,34090,,,,,216,200231,188738,2116,0,,,,,,159877,,0,4235663,36206,,,,,,0,4224170,36125
10/26/20,OK,A+,1251,,2,,8408,8408,924,22,,305,1417024,0,,,1417024,,,117399,117399,663,0,4814,,,,127051,100357,,0,1534423,663,87553,,,,,0,1546238,0
10/26/20,OR,A+,655,,2,,3091,3091,214,57,,49,787848,4699,,,1313219,,22,42436,40280,335,0,,,,,67949,5870,,0,1381168,8408,,,,,828128,15014,1381168,8408
10/26/20,PA,A+,8673,,7,,,,1138,0,,,2241430,11453,,,,,108,195695,187176,1407,0,,,,,,152642,,0,2437125,12860,,,,,2428606,12763,3858413,63274
10/26/20,PR,B,804,612,3,192,,,356,0,,58,305972,0,,,303412,,45,32198,32198,461,0,30937,,,,7002,27603,,0,338170,461,,,,,,0,310546,0
10/26/20,RI,A+,1184,,1,,3208,3208,163,0,,14,388868,1305,,,1025570,,8,31024,31024,167,0,,,,,41572,2658,1067142,3925,1067142,3925,,,,,419892,1472,,0
10/26/20,SC,A+,3823,3587,21,236,10236,10236,737,12,,201,1561731,25995,70263,,1511121,,93,171501,163946,823,0,8624,15411,,,214556,86928,,0,1733232,26818,78887,99939,,,,0,1725677,26798
10/26/20,SD,A,375,,0,,2453,2453,377,17,,,207353,626,,,,,,39741,38504,538,0,,,,,,28305,,0,247094,1164,,,,,247094,1164,405434,3521
10/26/20,TN,A+,3163,2999,32,164,9985,9985,1228,44,,366,3319569,20420,,,3270812,,161,249866,236518,2279,0,,12548,,,285275,219230,,0,3569435,22699,,94352,,,,0,3556087,22618
10/26/20,TX,A,17514,,10,,,,5278,0,,1545,7196213,21895,,,,,,867075,867075,4700,0,44950,28917,,,953479,758192,,0,8063288,26595,468501,365010,,,,0,8063288,26595
10/26/20,UT,A+,574,,2,,5102,5102,311,53,1067,112,900719,4362,,,1222143,419,,106083,106083,1201,0,,4476,,4279,111976,78212,,0,1334119,4659,,75058,,34696,1002560,5392,1334119,4659
10/26/20,VA,A+,3581,3331,2,250,12260,12260,1048,27,,230,2362994,14549,,,,,114,174275,162427,904,0,,,,,193427,19583,2525421,15308,2525421,15308,,,,,,0,,0
10/26/20,VI,D,21,21,0,,,,,0,,,22269,180,,,,,,1348,,2,0,,,,,,1305,,0,23617,182,,,,,,0,23643,180
10/26/20,VT,B,58,58,0,,,,11,0,,,182057,415,,,,,,2096,2085,9,0,,,,,,1741,,0,389237,771,,,,,184142,424,389237,771
10/26/20,WA,B,2296,2296,0,,8280,8280,389,0,,100,2257474,0,,,,,43,106704,104735,589,0,,,,,,,2360387,0,2360387,0,,,,,,0,,0
10/26/20,WI,A+,1824,1788,11,36,10416,10416,1350,84,1424,329,1777892,9866,,,,,,211928,201049,3011,0,,,,,,158158,3103682,27878,3103682,27878,,,,,1978941,12749,,0
10/26/20,WV,B,424,420,1,4,,,215,0,,71,714153,12852,,,,,23,22223,20814,317,0,,,,,,16768,,0,736376,13169,18884,,,,,0,734967,13099
10/26/20,WY,B,77,,9,,401,401,102,7,,,113686,0,,,253073,,,11477,9783,436,0,,,,,12386,7675,,0,265459,6055,,,,,122604,0,265459,6055
10/25/20,AK,A,68,68,0,,421,421,58,2,,,546928,6705,,,547543,,9,13041,,518,0,,,,,12110,6946,,0,559969,7223,,,,,,0,559969,7223
10/25/20,AL,A,2866,2680,0,186,19595,19595,922,0,2022,,1144785,5863,,,,1157,,184355,157881,1079,0,,,,,,74439,,0,1302666,6798,,,63508,,1302666,6798,,0
10/25/20,AR,A+,1812,1655,15,157,6718,6718,618,11,,244,1189120,7315,,,1189120,808,91,106115,98880,797,0,,3300,,8031,,94528,,0,1288000,7982,,21856,,46772,,0,1288000,7982
10/25/20,AS,D,0,,0,,,,,0,,,1616,0,,,,,,0,0,0,0,,,,,,,,0,1616,0,,,,,,0,1616,0
10/25/20,AZ,A+,5874,5586,5,288,21086,21086,828,43,,181,1473706,11512,,,,,91,238163,232701,1391,0,,,,,,39742,,0,2681115,13744,313239,,,,1706407,12858,2681115,13744
10/25/20,CA,B,17345,,34,,,,2969,0,,722,16889856,173487,,,,,,898029,898029,5219,0,,,,,,,,0,17787885,178706,,,,,,0,17787885,178706
10/25/20,CO,A,2223,1839,5,384,8622,8622,586,24,,,1061145,10390,167544,,,,,95089,88484,1689,0,12921,,,,,7578,1842254,24058,1842254,24058,180465,,,,1149629,12059,,0
10/25/20,CT,B,4577,3674,0,903,12257,12257,233,0,,,2049692,0,,,,,,66052,63376,0,0,,,,,,9800,,0,2115744,0,,,,,,0,2113068,0
10/25/20,DC,A+,642,,0,,,,95,0,,21,479465,4618,,,,,8,16767,,61,0,,,,,,13104,496232,4679,496232,4679,,,,,249572,1383,,0
10/25/20,DE,A+,681,600,1,81,,,103,0,,21,315380,1951,,,,,,23961,22838,114,0,,,,,26149,12643,533212,4782,533212,4782,,,,,339341,2065,,0
10/25/20,FL,A,16632,,12,,48766,48766,2219,82,,,5174087,12277,487730,475588,7611074,,,768653,739764,2348,0,51923,,50676,,1001127,,9582390,50215,9582390,50215,539844,,526404,,5937266,14632,8657522,38842
10/25/20,GA,A,7809,,1,,31068,31068,1668,22,5825,,3094109,17604,,,,,,350923,350923,1318,0,29049,,,,328321,,,0,3445032,18922,325899,,,,,0,3445032,18922
10/25/20,GU,A,71,,0,,,,77,0,,17,59278,213,,,,,6,4216,4196,41,0,6,20,,,,2503,,0,63494,254,203,290,,,,0,62614,0
10/25/20,HI,B,212,,3,,1065,1065,64,8,,15,295153,0,,,,,10,14758,14553,89,0,,,,,14497,11346,500456,4163,500456,4163,,,,,308090,0,,0
10/25/20,IA,A+,1634,,3,,,,541,0,,119,753704,2799,,62080,,,42,109657,109657,1143,0,,,3772,6187,,87739,,0,863361,3942,,,65891,72039,865004,3937,,0
10/25/20,ID,A,572,527,10,45,2409,2409,259,22,530,66,316833,1688,,,,,,58694,51736,1021,0,,,,,,27760,,0,368569,2522,,,,,368569,2522,495961,3500
10/25/20,IL,A,9775,9505,24,270,,,2605,0,,565,6894696,68035,,,,,214,378969,374256,4062,0,,,,,,,,0,7273665,72097,,,,,,0,7268952,72097
10/25/20,IN,A+,4130,3894,12,236,15767,15767,1666,140,3093,500,1466861,8984,,,,,165,162607,,2153,0,,,,,157582,113994,,0,2711078,29881,,,,,1629468,11137,2711078,29881
10/25/20,KS,A+,975,,0,,3584,3584,403,0,1001,2,540032,0,,,,309,41,76230,,0,0,,,,,,2518,,0,616262,0,,,,,616262,0,,0
10/25/20,KY,B,1407,1388,3,19,6865,6865,840,0,1681,208,1704451,0,,,,,,96942,82087,1462,0,,,,,,17723,,0,1785186,0,82256,43446,,,,0,1785186,0
10/25/20,LA,A,5837,5631,17,206,,,596,0,,,2513932,25297,,,,,66,183575,179842,972,0,,,,,,165282,,0,2697507,26269,,,,,,0,2693774,26269
10/25/20,MA,A+,9864,9640,25,224,13142,13142,538,16,,109,2485042,15923,,,,,45,150565,147120,1077,0,,,,,191267,122856,,0,5668015,82846,,,125829,174264,2632162,17020,5668015,82846
10/25/20,MD,A,4096,3950,5,146,16757,16757,446,52,,103,1738650,11210,,131954,,,,140279,140279,792,0,,,13261,,169003,8064,,0,3266149,31865,,,145215,,1878929,12002,3266149,31865
10/25/20,ME,A+,146,145,0,1,475,475,8,2,,0,568188,0,10065,,566501,,0,6201,5521,64,0,348,,,,6797,5334,,0,574389,64,10425,,,,,0,573630,0
10/25/20,MI,A+,7522,7182,0,340,,,1182,0,,273,4404379,0,,,4404379,,121,175612,158026,0,0,,,,,214183,114939,,0,4579991,0,321825,,,,,0,4618562,0
10/25/20,MN,A,2349,2335,21,14,9511,9511,584,67,2538,163,1636931,24938,,,,,,133802,133431,1680,0,,,,,,118485,2660323,34933,2660323,34933,,25979,,,1770362,26616,,0
10/25/20,MO,A+,2805,,4,,,,1404,0,,484,1289345,6782,80812,71709,2208498,,167,169495,169495,2043,0,5289,5928,3618,,193832,,,0,2406847,18566,86301,30609,82459,23325,1458840,8825,2406847,18566
10/25/20,MP,D,2,2,0,,4,4,,0,,,15723,0,,,,,,88,88,0,0,,,,,,29,,0,15811,0,,,,,15811,0,22212,0
10/25/20,MS,A+,3255,2944,0,311,6380,6380,683,0,,154,729544,0,,,,,65,115088,101683,0,0,95,,,,,97675,,0,844632,0,41053,72982,,,,0,827497,0
10/25/20,MT,C,297,,3,,1229,1229,357,49,,,437727,837,,,,,,27880,27880,738,0,,,,,,17832,,0,465607,1575,,,,,,0,465607,1575
10/25/20,NC,A+,4157,4097,13,60,,,1148,0,,321,3584354,33569,,,,,,260099,250332,1807,0,,,,,,218541,,0,3844453,35376,,22622,,,,0,3834686,35281
10/25/20,ND,B,461,,8,,1417,1417,272,12,291,37,245691,897,10047,,,,,37874,37638,849,0,627,,,,,30757,784157,8371,784157,8371,10674,,,,283394,1726,815909,8856
10/25/20,NE,A,595,,4,,2833,2833,436,16,,,504211,2446,,,792969,,,63215,63215,705,0,,,,,75000,41364,,0,869163,6283,,,,,567744,3155,869163,6283
10/25/20,NH,B,473,,0,,766,766,23,1,246,,321233,2414,,,,,,10328,10328,90,0,,,,,,8823,,0,579186,4999,32840,,31995,,331561,2504,579186,4999
10/25/20,NJ,B,16285,14496,4,1789,37287,37287,868,25,,164,4157414,44859,,,,,72,228468,228468,1129,0,,,,,,36477,,0,4385882,45988,,,,,,0,4385882,47897
10/25/20,NM,B,967,,2,,4277,4277,287,38,,,1076981,8926,,,,,,41863,41863,823,0,,,,,,20837,,0,1118844,9749,,,,,,0,1118844,9749
10/25/20,NV,A+,1748,,5,,,,493,0,,134,692166,3271,,,,,51,95703,95703,891,0,,,,,,,1204746,8635,1204746,8635,,,,,787869,4162,1154583,0
10/25/20,NY,B,25730,,12,,89995,89995,1015,0,,227,13256659,119198,,,,,118,495464,495464,1632,0,,,,,,79092,13752123,120830,13752123,120830,,,,,,0,,0
10/25/20,OH,A+,5206,4896,0,310,18095,18095,1338,89,3714,377,4001342,47379,,,,,195,198115,186703,2309,0,,,,,,158836,,0,4199457,49688,,,,,,0,4188045,49554
10/25/20,OK,A+,1249,,4,,8386,8386,924,26,,305,1417024,0,,,1417024,,,116736,116736,1051,0,4814,,,,127051,99541,,0,1533760,1051,87553,,,,,0,1546238,0
10/25/20,OR,A+,653,,0,,3034,3034,197,0,,53,783149,3746,,,1305145,,21,42101,39261,362,0,,,,,67615,5870,,0,1372760,12124,,,,,813114,0,1372760,12124
10/25/20,PA,A+,8666,,12,,,,1104,0,,,2229977,14920,,,,,115,194288,185866,1666,0,,,,,,150245,,0,2424265,16586,,,,,2415843,16487,3795139,0
10/25/20,PR,B,801,610,7,191,,,370,0,,60,305972,0,,,303412,,46,31737,31737,665,0,30766,,,,7002,27348,,0,337709,665,,,,,,0,310546,0
10/25/20,RI,A+,1183,,0,,3208,3208,163,11,,14,387563,2071,,,1021837,,8,30857,30857,274,0,,,,,41380,2658,1063217,9963,1063217,9963,,,,,418420,2345,,0
10/25/20,SC,A+,3802,3567,9,235,10224,10224,725,12,,206,1535736,25993,70079,,1485359,,95,170678,163143,1337,0,8587,15305,,,213520,86524,,0,1706414,27330,78666,98080,,,,0,1698879,27300
10/25/20,SD,A,375,,9,,2436,2436,366,58,,,206727,1188,,,,,,39203,37979,1062,0,,,,,,28083,,0,245930,2250,,,,,245930,2250,401913,4639
10/25/20,TN,A+,3131,2971,31,160,9941,9941,1094,15,,343,3299149,38096,,,3250692,,138,247587,234320,3500,0,,12439,,,282777,218067,,0,3546736,41596,,93656,,,,0,3533469,41245
10/25/20,TX,A,17504,,48,,,,5206,0,,1550,7174318,32849,,,,,,862375,862375,4304,0,44745,28548,,,949518,755095,,0,8036693,37153,466962,362005,,,,0,8036693,37153
10/25/20,UT,A+,572,,4,,5049,5049,313,52,1067,120,896357,6740,,,1218009,419,,104882,104882,1765,0,,4370,,4174,111451,77145,,0,1329460,11115,,74457,,34343,997168,8022,1329460,11115
10/25/20,VA,A+,3579,3329,1,250,12233,12233,979,35,,216,2348445,20271,,,,,109,173371,161668,999,0,,,,,192590,19520,2510113,21096,2510113,21096,,,,,,0,,0
10/25/20,VI,D,21,21,0,,,,,0,,,22089,0,,,,,,1346,,0,0,,,,,,1305,,0,23435,0,,,,,,0,23463,0
10/25/20,VT,B,58,58,0,,,,3,0,,,181642,771,,,,,,2087,2076,30,0,,,,,,1733,,0,388466,6591,,,,,183718,799,388466,6591
10/25/20,WA,B,2296,2296,0,,8280,8280,405,49,,101,2257474,39888,,,,,43,106115,104151,835,0,,,,,,,2360387,41456,2360387,41456,,,,,,0,,0
10/25/20,WI,A+,1813,1778,10,35,10332,10332,1293,95,1412,320,1768026,10396,,,,,,208917,198166,3778,0,,,,,,155814,3075804,29127,3075804,29127,,,,,1966192,14022,,0
10/25/20,WV,B,423,419,1,4,,,214,0,,75,701301,7323,,,,,24,21906,20567,194,0,,,,,,16654,,0,723207,7517,18874,,,,,0,721868,7463
10/25/20,WY,B,68,,0,,394,394,95,2,,,113686,0,,,247531,,,11041,9396,236,0,,,,,11873,7525,,0,259404,594,,,,,122604,0,259404,594
10/24/20,AK,A,68,68,0,,419,419,58,4,,,540223,-356,,,540786,,8,12523,,356,0,,,,,11644,6939,,0,552746,0,,,,,,0,552746,0
10/24/20,AL,A,2866,2680,7,186,19595,19595,920,0,2021,,1138922,5064,,,,1157,,183276,156946,2360,0,,,,,,74439,,0,1295868,6095,,,63359,,1295868,6095,,0
10/24/20,AR,A+,1797,1640,15,157,6707,6707,606,29,,242,1181805,11643,,,1181805,808,94,105318,98213,1183,0,,3300,,7891,,93977,,0,1280018,12517,,21856,,46505,,0,1280018,12517
10/24/20,AS,D,0,,0,,,,,0,,,1616,0,,,,,,0,0,0,0,,,,,,,,0,1616,0,,,,,,0,1616,0
10/24/20,AZ,A+,5869,5581,4,288,21043,21043,819,76,,191,1462194,11213,,,,,87,236772,231355,890,0,,,,,,39525,,0,2667371,22591,312232,,,,1693549,12080,2667371,22591
10/24/20,CA,B,17311,,49,,,,3007,0,,744,16716369,119941,,,,,,892810,892810,5945,0,,,,,,,,0,17609179,125886,,,,,,0,17609179,125886
10/24/20,CO,A,2218,1835,7,383,8598,8598,599,41,,,1050755,11426,167199,,,,,93400,86815,1828,0,12853,,,,,7513,1818196,27792,1818196,27792,180052,,,,1137570,13161,,0
10/24/20,CT,B,4577,3674,0,903,12257,12257,233,0,,,2049692,0,,,,,,66052,63376,0,0,,,,,,9800,,0,2115744,0,,,,,,0,2113068,0
10/24/20,DC,A+,642,,0,,,,93,0,,21,474847,5703,,,,,6,16706,,97,0,,,,,,13068,491553,5800,491553,5800,,,,,248189,1562,,0
10/24/20,DE,A+,680,599,2,81,,,103,0,,22,313429,2004,,,,,,23847,22724,160,0,,,,,26003,12610,528430,5276,528430,5276,,,,,337276,2164,,0
10/24/20,FL,A,16620,,76,,48684,48684,2162,174,,,5161810,67838,487730,475588,7575340,,,766305,737835,4381,0,51923,,50676,,998106,,9532175,120483,9532175,120483,539844,,526404,,5922634,72244,8618680,96036
10/24/20,GA,A,7808,,42,,31046,31046,1684,97,5822,,3076505,16641,,,,,,349605,349605,1846,0,28865,,,,326890,,,0,3426110,18487,324963,,,,,0,3426110,18487
10/24/20,GU,A,71,,2,,,,77,0,,17,59065,300,,,,,6,4175,4155,34,0,6,20,,,,2503,,0,63240,334,203,290,,,,0,62614,0
10/24/20,HI,B,209,,3,,1057,1057,71,12,,18,295153,0,,,,,11,14669,14464,140,0,,,,,14409,11292,496293,4843,496293,4843,,,,,308090,0,,0
10/24/20,IA,A+,1631,,11,,,,545,0,,130,750905,4830,,61848,,,49,108514,108514,1640,0,,,3766,6117,,87463,,0,859419,6470,,,65653,71378,861067,6468,,0
10/24/20,ID,A,562,518,9,44,2387,2387,259,24,527,66,315145,2078,,,,,,57673,50902,1073,0,,,,,,27509,,0,366047,2999,,,,,366047,2999,492461,4565
10/24/20,IL,A,9751,9481,63,270,,,2616,0,,560,6826661,77356,,,,,222,374907,370194,6161,0,,,,,,,,0,7201568,83517,,,,,,0,7196855,83517
10/24/20,IN,A+,4118,3882,26,236,15627,15627,1685,129,3066,481,1457877,9994,,,,,152,160454,,2741,0,,,,,155443,113498,,0,2681197,38675,,,,,1618331,12735,2681197,38675
10/24/20,KS,A+,975,,0,,3584,3584,403,0,1001,2,540032,0,,,,309,41,76230,,0,0,,,,,,2518,,0,616262,0,,,,,616262,0,,0
10/24/20,KY,B,1404,1385,8,19,6865,6865,840,49,1681,208,1704451,20995,,,,,,95480,80735,1732,0,,,,,,17723,,0,1785186,22455,82256,43446,,,,0,1785186,22455
10/24/20,LA,A,5820,5614,0,206,,,620,0,,,2488635,0,,,,,65,182603,178870,0,0,,,,,,165282,,0,2671238,0,,,,,,0,2667505,0
10/24/20,MA,A+,9839,9616,9,223,13126,13126,551,20,,114,2469119,18040,,,,,45,149488,146023,1203,0,,,,,189918,122856,,0,5585169,70021,,,125639,173868,2615142,19168,5585169,70021
10/24/20,MD,A,4091,3945,13,146,16705,16705,455,55,,109,1727440,10837,,131954,,,,139487,139487,796,0,,,13261,,168014,8055,,0,3234284,32510,,,145215,,1866927,11633,3234284,32510
10/24/20,ME,A+,146,145,0,1,473,473,8,0,,0,568188,0,10065,,566501,,0,6137,5475,42,0,348,,,,6797,5317,,0,574325,42,10425,,,,,0,573630,0
10/24/20,MI,A+,7522,7182,38,340,,,1182,0,,273,4404379,50615,,,4404379,,121,175612,158026,3490,0,,,,,214183,114939,,0,4579991,54105,321825,,,,,0,4618562,53493
10/24/20,MN,A,2328,2316,14,12,9444,9444,584,106,2533,163,1611993,7611,,,,,,132122,131753,2259,0,,,,,,116693,2625390,34465,2625390,34465,,24238,,,1743746,9853,,0
10/24/20,MO,A+,2801,,113,,,,1443,0,,522,1282563,7781,80547,71709,2192171,,175,167452,167452,2918,0,5231,5820,3618,,191640,,,0,2388281,24470,85977,29938,82171,22821,1450015,10699,2388281,24470
10/24/20,MP,D,2,2,0,,4,4,,0,,,15723,0,,,,,,88,88,0,0,,,,,,29,,0,15811,0,,,,,15811,0,22212,0
10/24/20,MS,A+,3255,2944,17,311,6380,6380,683,0,,154,729544,0,,,,,65,115088,101683,1212,0,95,,,,,97675,,0,844632,1212,41053,72982,,,,0,827497,0
10/24/20,MT,C,294,,12,,1180,1180,348,10,,,436890,2393,,,,,,27142,27142,639,0,,,,,,17436,,0,464032,3032,,,,,,0,464032,3032
10/24/20,NC,A+,4144,4085,30,59,,,1182,0,,338,3550785,43178,,,,,,258292,248620,2584,0,,,,,,218541,,0,3809077,45762,,21790,,,,0,3799405,45452
10/24/20,ND,B,453,,8,,1405,1405,278,17,287,41,244794,1031,10039,,,,,37025,36795,967,0,621,,,,,30116,775786,7377,775786,7377,10660,,,,281668,1966,807053,7748
10/24/20,NE,A,591,,4,,2817,2817,426,34,,,501765,3742,,,787484,,,62510,62510,1225,0,,,,,74213,41008,,0,862880,15611,,,,,564589,4964,862880,15611
10/24/20,NH,B,473,,2,,765,765,19,0,246,,318819,2780,,,,,,10238,10238,126,0,,,,,,8819,,0,574187,6592,32801,,31958,,329057,2906,574187,6592
10/24/20,NJ,B,16281,14492,8,1789,37262,37262,886,40,,171,4112555,0,,,,,72,227339,227339,1909,0,,,,,,36379,,0,4339894,1909,,,,,,0,4337985,0
10/24/20,NM,B,965,,5,,4239,4239,264,70,,,1068055,8739,,,,,,41040,41040,872,0,,,,,,20765,,0,1109095,9611,,,,,,0,1109095,9611
10/24/20,NV,A+,1743,,5,,,,493,0,,134,688895,1914,,,,,51,94812,94812,1146,0,,,,,,,1196111,11042,1196111,11042,,,,,783707,3060,1154583,0
10/24/20,NY,B,25718,,13,,89995,89995,1045,0,,231,13137461,154879,,,,,113,493832,493832,2061,0,,,,,,78960,13631293,156940,13631293,156940,,,,,,0,,0
10/24/20,OH,A+,5206,4896,22,310,18006,18006,1355,140,3705,383,3953963,45518,,,,,200,195806,184528,2858,0,,,,,,157744,,0,4149769,48376,,,,,,0,4138491,48177
10/24/20,OK,A+,1245,,11,,8360,8360,924,95,,305,1417024,19328,,,1417024,,,115685,115685,1829,0,4814,,,,127051,98700,,0,1532709,21157,87553,,,,,0,1546238,20677
10/24/20,OR,A+,653,,4,,3034,3034,197,0,,53,779403,5550,,,1293524,,21,41739,39261,391,0,,,,,67112,5870,,0,1360636,13589,,,,,813114,0,1360636,13589
10/24/20,PA,A+,8654,,29,,,,1087,0,,,2215057,14189,,,,,126,192622,184299,2043,0,,,,,,150245,,0,2407679,16232,,,,,2399356,16052,3795139,39038
10/24/20,PR,B,794,604,3,190,,,395,0,,60,305972,0,,,303412,,43,31072,31072,116,0,30208,,,,7002,26866,,0,337044,116,,,,,,0,310546,0
10/24/20,RI,A+,1183,,6,,3197,3197,163,71,,15,385492,2760,,,1012200,,9,30583,30583,465,0,,,,,41054,2647,1053254,18682,1053254,18682,,,,,416075,3225,,0
10/24/20,SC,A+,3793,3560,16,233,10212,10212,743,51,,200,1509743,10791,69729,,1459763,,97,169341,161836,792,0,8480,15204,,,211816,86031,,0,1679084,11583,78209,97080,,,,0,1671579,11392
10/24/20,SD,A,366,,10,,2378,2378,356,42,,,205539,1739,,,,,,38141,36962,939,0,,,,,,27557,,0,243680,2678,,,,,243680,2678,397274,5365
10/24/20,TN,A+,3100,2944,24,156,9926,9926,1382,44,,403,3261053,24071,,,3213008,,162,244087,231171,2574,0,,12092,,,279216,216744,,0,3505140,26645,,89377,,,,0,3492224,26312
10/24/20,TX,A,17456,,81,,,,4995,0,,1513,7141469,62958,,,,,,858071,858071,6499,0,44466,28179,,,944643,753611,,0,7999540,69457,465309,358918,,,,0,7999540,69457
10/24/20,UT,A+,568,,1,,4997,4997,319,58,1062,110,889617,6989,,,1208374,417,,103117,103117,1608,0,,4248,,4055,109971,75776,,0,1318345,12974,,72847,,33663,989146,9187,1318345,12974
10/24/20,VA,A+,3578,3328,39,250,12198,12198,979,58,,220,2328174,16117,,,,,117,172372,160843,1088,0,,,,,191459,19455,2489017,16956,2489017,16956,,,,,,0,,0
10/24/20,VI,D,21,21,0,,,,,0,,,22089,0,,,,,,1346,,0,0,,,,,,1305,,0,23435,0,,,,,,0,23463,0
10/24/20,VT,B,58,58,0,,,,4,0,,,180871,1613,,,,,,2057,2048,28,0,,,,,,1728,,0,381875,4878,,,,,182919,1641,381875,4878
10/24/20,WA,B,2296,2296,7,,8231,8231,412,48,,114,2217586,21836,,,,,48,105280,103363,849,0,,,,,,,2318931,22656,2318931,22656,,,,,,0,,0
10/24/20,WI,A+,1803,1770,29,33,10237,10237,1237,199,1405,276,1757630,13558,,,,,,205139,194540,4673,0,,,,,,152928,3046677,41161,3046677,41161,,,,,1952170,17620,,0
10/24/20,WV,B,422,418,0,4,,,209,0,,71,693978,5013,,,,,24,21712,20427,320,0,,,,,,16578,,0,715690,5333,18594,,,,,0,714405,5249
10/24/20,WY,B,68,,0,,392,392,83,0,,,113686,0,,,247059,,,10805,9177,260,0,,,,,11751,7471,,0,258810,989,,,,,122604,0,258810,989
10/23/20,AK,A,68,68,0,,415,415,59,14,,,540579,3789,,,540786,,7,12167,,248,0,,,,,11644,6915,,0,552746,4037,,,,,,0,552746,4037
10/23/20,AL,A,2859,2674,16,185,19595,19595,888,147,2001,,1133858,8105,,,,1148,,180916,155915,3852,0,,,,,,74439,,0,1289773,9078,,,62498,,1289773,9078,,0
10/23/20,AR,A+,1782,1626,10,156,6678,6678,610,152,,237,1170162,10920,,,1170162,807,92,104135,97339,1337,0,,3300,,7546,,93215,,0,1267501,11967,,21856,,44666,,0,1267501,11967
10/23/20,AS,D,0,,0,,,,,0,,,1616,0,,,,,,0,0,0,0,,,,,,,,0,1616,0,,,,,,0,1616,0
10/23/20,AZ,A+,5865,5578,6,287,20967,20967,815,29,,172,1450981,11984,,,,,85,235882,230488,976,0,,,,,,39306,,0,2644780,24855,311920,,,,1681469,12907,2644780,24855
10/23/20,CA,B,17262,,73,,,,3011,0,,754,16596428,118382,,,,,,886865,886865,6141,0,,,,,,,,0,17483293,124523,,,,,,0,17483293,124523
10/23/20,CO,A,2211,1829,13,382,8557,8557,550,79,,,1039329,9351,166491,,,,,91572,85080,1350,0,12741,,,,,7463,1790404,25756,1790404,25756,179232,,,,1124409,10610,,0
10/23/20,CT,B,4577,3674,8,903,12257,12257,233,0,,,2049692,22802,,,,,,66052,63376,679,0,,,,,,9800,,0,2115744,23481,,,,,,0,2113068,23435
10/23/20,DC,A+,642,,0,,,,91,0,,23,469144,6246,,,,,8,16609,,72,0,,,,,,13028,485753,6318,485753,6318,,,,,246627,1076,,0
10/23/20,DE,A+,678,597,8,81,,,106,0,,25,311425,1894,,,,,,23687,22567,159,0,,,,,25862,12493,523154,2913,523154,2913,,,,,335112,2053,,0
10/23/20,FL,A,16544,,74,,48510,48510,2114,190,,,5093972,40124,487730,475588,7484952,,,761924,734208,3618,0,51923,,50676,,992669,,9411692,92812,9411692,92812,539844,,526404,,5850390,43749,8522644,69522
10/23/20,GA,A,7766,,37,,30949,30949,1741,120,5801,,3059864,37865,,,,,,347759,347759,2224,0,28706,,,,325642,,,0,3407623,40089,323918,,,,,0,3407623,40089
10/23/20,GU,A,69,,0,,,,77,0,,17,58765,534,,,,,6,4141,4121,85,0,6,19,,,,2503,,0,62906,619,203,290,,,,0,62614,616
10/23/20,HI,B,206,,3,,1045,1045,75,12,,18,295153,0,,,,,13,14529,14335,102,0,,,,,14282,11232,491450,4139,491450,4139,,,,,308090,0,,0
10/23/20,IA,A+,1620,,19,,,,536,0,,134,746075,3430,,61512,,,49,106874,106874,1249,0,,,3748,6043,,86630,,0,852949,4679,,,65299,71282,854599,4674,,0
10/23/20,ID,A,553,509,7,44,2363,2363,193,36,524,54,313067,2110,,,,,,56600,49981,950,0,,,,,,27221,,0,363048,2863,,,,,363048,2863,487896,12467
10/23/20,IL,A,9688,9418,41,270,,,2498,0,,511,6749305,78382,,,,,197,368746,364033,5000,0,,,,,,,,0,7118051,83382,,,,,,0,7113338,82256
10/23/20,IN,A+,4092,3858,27,234,15498,15498,1548,194,3049,433,1447883,8764,,,,,152,157713,,2467,0,,,,,153266,112914,,0,2642522,31257,,,,,1605596,11231,2642522,31257
10/23/20,KS,A+,975,,23,,3584,3584,403,78,1001,2,540032,8979,,,,309,41,76230,,1774,0,,,,,,2518,,0,616262,10753,,,,,616262,10753,,0
10/23/20,KY,B,1396,1378,16,18,6816,6816,819,55,1669,205,1683456,17703,,,,,,93748,79275,1449,0,,,,,,17722,,0,1762731,18728,82113,42676,,,,0,1762731,18728
10/23/20,LA,A,5820,5614,21,206,,,620,0,,,2488635,19379,,,,,65,182603,178870,699,0,,,,,,165282,,0,2671238,20078,,,,,,0,2667505,20078
10/23/20,MA,A+,9830,9608,20,222,13106,13106,570,24,,125,2451079,14793,,,,,43,148285,144895,1070,0,,,,,188566,122856,,0,5515148,74082,,,125399,171903,2595974,15761,5515148,74082
10/23/20,MD,A,4078,3932,8,146,16650,16650,458,47,,122,1716603,11227,,131954,,,,138691,138691,712,0,,,13261,,167025,8030,,0,3201774,32472,,,145215,,1855294,11939,3201774,32472
10/23/20,ME,A+,146,145,0,1,473,473,8,0,,0,568188,6870,10065,,566501,,0,6095,5442,31,0,348,,,,6797,5307,,0,574283,6901,10425,,,,,0,573630,6901
10/23/20,MI,A+,7484,7147,20,337,,,1182,0,,273,4353764,54977,,,4353764,,121,172122,154688,2046,0,,,,,211305,109539,,0,4525886,57023,318590,,,,,0,4565069,58181
10/23/20,MN,A,2314,2302,13,12,9338,9338,584,112,2510,163,1604382,9637,,,,,,129863,129511,1711,0,,,,,,114679,2590925,26434,2590925,26434,,23199,,,1733893,11320,,0
10/23/20,MO,A+,2688,,31,,,,1349,0,,215,1274782,5033,80126,71709,2170868,,172,164534,164534,1811,0,5130,5614,3618,,188511,,,0,2363811,17321,85454,28459,81713,21837,1439316,6844,2363811,17321
10/23/20,MP,D,2,2,0,,4,4,,0,,,15723,0,,,,,,88,88,0,0,,,,,,29,,0,15811,0,,,,,15811,0,22212,0
10/23/20,MS,A+,3238,2932,7,306,6380,6380,701,0,,158,729544,0,,,,,70,113876,100939,795,0,95,,,,,97675,,0,843420,795,41053,72982,,,,0,827497,0
10/23/20,MT,C,282,,4,,1170,1170,351,79,,,434497,7291,,,,,,26503,26503,863,0,,,,,,16611,,0,461000,8154,,,,,,0,461000,8154
10/23/20,NC,A+,4114,4058,32,56,,,1181,0,,325,3507607,32924,,,,,,255708,246346,2716,0,,,,,,218541,,0,3763315,35640,,19839,,,,0,3753953,35347
10/23/20,ND,B,445,,18,,1388,1388,282,37,286,44,243763,1123,9962,,,,,36058,35872,896,0,590,,,,,29136,768409,8091,768409,8091,10552,,,,279702,2010,799305,8567
10/23/20,NE,A,587,,11,,2783,2783,389,42,,,498023,3792,,,773277,,,61285,61285,977,0,,,,,72815,40494,,0,847269,10467,,,,,559625,4768,847269,10467
10/23/20,NH,B,471,,1,,765,765,15,0,246,,316039,2860,,,,,,10112,10112,118,0,,,,,,8745,,0,567595,6563,32765,,31919,,326151,2978,567595,6563
10/23/20,NJ,B,16273,14484,10,1789,37222,37222,874,12705,,212,4112555,39328,,,,,73,225430,225430,1045,0,,,,,,36317,,0,4337985,40373,,,,,,0,4337985,40373
10/23/20,NM,B,960,,7,,4169,4169,229,41,,,1059316,9543,,,,,,40168,40168,791,0,,,,,,20655,,0,1099484,10334,,,,,,0,1099484,10334
10/23/20,NV,A+,1738,,2,,,,493,0,,134,686981,5739,,,,,51,93666,93666,813,0,,,,,,,1185069,9655,1185069,9655,,,,,780647,6552,1154583,0
10/23/20,NY,B,25705,,11,,89995,89995,1023,0,,223,12982582,139871,,,,,109,491771,491771,1637,0,,,,,,78854,13474353,141508,13474353,141508,,,,,,0,,0
10/23/20,OH,A+,5184,4874,23,310,17866,17866,1347,184,3682,370,3908445,43750,,,,,195,192948,181869,2518,0,,,,,,156421,,0,4101393,46268,,,,,,0,4090314,46195
10/23/20,OK,A+,1234,,13,,8265,8265,956,95,,313,1397696,19091,,,1397696,,,113856,113856,1373,0,4635,,,,125427,97490,,0,1511552,20464,85717,,,,,0,1525561,21493
10/23/20,OR,A+,649,,3,,3034,3034,197,29,,53,773853,8662,,,1280428,,21,41348,39261,538,0,,,,,66619,5870,,0,1347047,18765,,,,,813114,9182,1347047,18765
10/23/20,PA,A+,8625,,33,,,,1068,0,,,2200868,15789,,,,,122,190579,182436,2219,0,,,,,,148651,,0,2391447,18008,,,,,2383304,17742,3756101,41676
10/23/20,PR,B,791,602,8,189,,,381,0,,51,305972,0,,,303412,,39,30956,30956,1152,0,30028,,,,7002,26430,,0,336928,1152,,,,,,0,310546,0
10/23/20,RI,A+,1177,,4,,3126,3126,140,10,,13,382732,4024,,,994022,,9,30118,30118,524,0,,,,,40550,2602,1034572,18852,1034572,18852,,,,,412850,4548,,0
10/23/20,SC,A+,3777,3545,22,232,10161,10161,718,59,,191,1498952,17086,69440,,1449305,,96,168549,161235,1064,0,8423,14993,,,210882,85420,,0,1667501,18150,77863,95199,,,,0,1660187,17937
10/23/20,SD,A,356,,9,,2336,2336,349,59,,,203800,1371,,,,,,37202,36109,1185,0,,,,,,26984,,0,241002,2556,,,,,241002,2556,391909,6762
10/23/20,TN,A+,3076,2923,65,153,9882,9882,1426,80,,414,3236982,38555,,,3189241,,164,241513,228930,3606,0,,11734,,,276671,214634,,0,3478495,42161,,85642,,,,0,3465912,41827
10/23/20,TX,A,17375,,89,,,,5065,0,,1511,7078511,72284,,,,,,851572,851572,6472,0,43966,27563,,,937845,748252,,0,7930083,78756,462309,351741,,,,0,7930083,78756
10/23/20,UT,A+,567,,4,,4939,4939,321,59,1056,109,882628,6051,,,1197212,415,,101509,101509,1960,0,,4116,,3932,108159,74688,,0,1305371,12352,,70201,,32781,979959,7527,1305371,12352
10/23/20,VA,A+,3539,3293,15,246,12140,12140,1012,67,,233,2312057,19419,,,,,113,171284,160004,1180,0,,,,,190579,19406,2472061,20363,2472061,20363,,,,,,0,,0
10/23/20,VI,D,21,21,0,,,,,0,,,22089,178,,,,,,1346,,3,0,,,,,,1305,,0,23435,181,,,,,,0,23463,175
10/23/20,VT,B,58,58,0,,,,3,0,,,179258,1135,,,,,,2029,2020,30,0,,,,,,1723,,0,376997,9007,,,,,181278,1165,376997,9007
10/23/20,WA,B,2289,2289,3,,8183,8183,437,34,,103,2195750,19171,,,,,49,104431,102550,785,0,,,,,,,2296275,19822,2296275,19822,,,,,,0,,0
10/23/20,WI,A+,1774,1745,49,29,10038,10038,1245,183,1396,332,1744072,13426,,,,,,200466,190478,4643,0,,,,,,149534,3005516,40443,3005516,40443,,,,,1934550,17804,,0
10/23/20,WV,B,422,418,4,4,,,193,0,,68,688965,4871,,,,,18,21392,20191,335,0,,,,,,16368,,0,710357,5206,18890,,,,,0,709156,5155
10/23/20,WY,B,68,,0,,392,392,83,19,,,113686,1864,,,246262,,,10545,8918,426,0,,,,,11559,7357,,0,257821,3927,,,,,122604,2477,257821,3927
10/22/20,AK,A,68,68,0,,401,401,41,6,,,536790,1330,,,537045,,5,11919,,239,0,,,,,11348,6812,,0,548709,1569,,,,,,0,548709,1569
10/22/20,AL,A,2843,2660,38,183,19448,19448,864,118,1985,,1125753,5246,,,,1137,,177064,154942,2536,0,,,,,,74439,,0,1280695,7172,,,62257,,1280695,7172,,0
10/22/20,AR,A+,1772,1616,21,156,6526,6526,603,0,,236,1159242,11889,,,1159242,796,91,102798,96292,1202,0,,3300,,7231,,92288,,0,1255534,12782,,21856,,42624,,0,1255534,12782
10/22/20,AS,D,0,,0,,,,,0,,,1616,0,,,,,,0,0,0,0,,,,,,,,0,1616,0,,,,,,0,1616,0
10/22/20,AZ,A+,5859,5573,5,286,20938,20938,848,118,,164,1438997,10205,,,,,92,234906,229565,994,0,,,,,,39089,,0,2619925,29539,311019,,,,1668562,11173,2619925,29539
10/22/20,CA,B,17189,,162,,,,3051,0,,758,16478046,62691,,,,,,880724,880724,2940,0,,,,,,,,0,17358770,65631,,,,,,0,17358770,65631
10/22/20,CO,A,2198,1816,4,382,8478,8478,547,98,,,1029978,8584,165942,,,,,90222,83821,1373,0,12684,,,,,7394,1764648,22065,1764648,22065,178626,,,,1113799,9847,,0
10/22/20,CT,B,4569,3667,2,902,12257,12257,232,214,,,2026890,21635,,,,,,65373,62743,502,0,,,,,,9800,,0,2092263,22137,,,,,,0,2089633,22117
10/22/20,DC,A+,642,,0,,,,95,0,,23,462898,2953,,,,,9,16537,,39,0,,,,,,12979,479435,2992,479435,2992,,,,,245551,1370,,0
10/22/20,DE,A+,670,589,0,81,,,110,0,,25,309531,1426,,,,,,23528,22412,153,0,,,,,25757,12410,520241,1483,520241,1483,,,,,333059,1579,,0
10/22/20,FL,A,16470,,162,,48320,48320,2074,425,,,5053848,46290,487730,475588,7420252,,,758306,731460,5461,0,51923,,50676,,988033,,9318880,97356,9318880,97356,539844,,526404,,5806641,42812,8453122,68685
10/22/20,GA,A,7729,,25,,30829,30829,1699,153,5774,,3021999,27434,,,,,,345535,345535,1785,0,28346,,,,323551,,,0,3367534,29219,321823,,,,,0,3367534,29219
10/22/20,GU,A,69,,0,,,,78,0,,15,58231,956,,,,,7,4056,4037,88,0,6,19,,,,2471,,0,62287,1044,203,287,,,,0,61998,798
10/22/20,HI,B,203,,14,,1033,1033,75,8,,18,295153,0,,,,,15,14427,14233,77,0,,,,,14180,11188,487311,4329,487311,4329,,,,,308090,0,,0
10/22/20,IA,A+,1601,,17,,,,530,0,,135,742645,4293,,61217,,,53,105625,105625,1435,0,,,3725,5801,,85697,,0,848270,5728,,,64981,70128,849925,5731,,0
10/22/20,ID,A,546,503,11,43,2327,2327,193,50,514,54,310957,1648,,,,,,55650,49228,987,0,,,,,,26916,,0,360185,2352,,,,,360185,2352,475429,3729
10/22/20,IL,A,9647,9387,42,260,,,2463,0,,525,6670923,76035,,,,,212,363746,360159,4942,0,,,,,,,,0,7034669,80977,,,,,,0,7031082,80977
10/22/20,IN,A+,4065,3831,42,234,15304,15304,1515,141,3006,433,1439119,10406,,,,,143,155246,,2850,0,,,,,150959,111792,,0,2611265,36465,,,,,1594365,13256,2611265,36465
10/22/20,KS,A+,952,,0,,3506,3506,329,0,975,1,531053,0,,,,299,45,74456,,0,0,,,,,,2485,,0,605509,0,,,,,605509,0,,0
10/22/20,KY,B,1380,1363,17,17,6761,6761,800,40,1658,214,1665753,28111,,,,,,92299,78250,1303,0,,,,,,17627,,0,1744003,29128,81974,42157,,,,0,1744003,29128
10/22/20,LA,A,5799,5593,9,206,,,598,0,,,2469256,18984,,,,,64,181904,178171,772,0,,,,,,165282,,0,2651160,19756,,,,,,0,2647427,19756
10/22/20,MA,A+,9810,9589,30,221,13082,13082,521,26,,103,2436286,16980,,,,,38,147215,143927,1049,0,,,,,187420,122856,,0,5441066,74672,,,125118,169922,2580213,17966,5441066,74672
10/22/20,MD,A,4070,3924,12,146,16603,16603,458,54,,125,1705376,10605,,131954,,,,137979,137979,743,0,,,13261,,166166,7999,,0,3169302,30427,,,145215,,1843355,11348,3169302,30427
10/22/20,ME,A+,146,145,0,1,473,473,7,3,,0,561318,6535,10051,,559643,,0,6064,5411,37,0,347,,,,6758,5269,,0,567382,6572,10410,,,,,0,566729,6565
10/22/20,MI,A+,7464,7129,46,335,,,1182,0,,273,4298787,45828,,,4298787,,112,170076,152862,2204,0,,,,,208101,109539,,0,4468863,48032,317645,,,,,0,4506888,48224
10/22/20,MN,A,2301,2289,20,12,9226,9226,584,79,2485,154,1594745,12822,,,,,,128152,127828,1561,0,,,,,,113976,2564491,25115,2564491,25115,,22777,,,1722573,14388,,0
10/22/20,MO,A+,2657,,16,,,,1352,0,,240,1269749,22744,79963,71709,2155560,,163,162723,162723,1854,0,5082,5432,3618,,186526,,,0,2346490,19622,85243,27656,81519,21494,1432472,24598,2346490,19622
10/22/20,MP,D,2,2,0,,4,4,,0,,,15723,0,,,,,,88,88,0,0,,,,,,29,,0,15811,0,,,,,15811,0,22212,0
10/22/20,MS,A+,3231,2926,8,305,6380,6380,695,0,,157,729544,0,,,,,68,113081,100465,958,0,95,,,,,97675,,0,842625,958,41053,72982,,,,0,827497,0
10/22/20,MT,C,278,,3,,1091,1091,353,23,,,427206,3924,,,,,,25640,25640,928,0,,,,,,16266,,0,452846,4852,,,,,,0,452846,4852
10/22/20,NC,A+,4082,4028,50,54,,,1205,0,,333,3474683,33232,,,,,,252992,243923,2400,0,,,,,,218541,,0,3727675,35632,,18776,,,,0,3718606,35363
10/22/20,ND,B,427,,0,,1351,1351,276,27,282,38,242640,1209,9962,,,,,35162,34989,1048,0,590,,,,,28271,760318,7823,760318,7823,10552,,,,277692,2096,790738,8252
10/22/20,NE,A,576,,11,,2741,2741,400,35,,,494231,3718,,,763923,,,60308,60308,899,0,,,,,71719,39905,,0,836802,13898,,,,,554857,4618,836802,13898
10/22/20,NH,B,470,,1,,765,765,18,2,246,,313179,4804,,,,,,9994,9994,77,0,,,,,,8692,,0,561032,8107,32710,,31879,,323173,4881,561032,8107
10/22/20,NJ,B,16263,14474,18,1789,24517,24517,852,76,,187,4073227,32327,,,,,74,224385,224385,1162,0,,,,,,36213,,0,4297612,33489,,,,,,0,4297612,33489
10/22/20,NM,B,953,,3,,4128,4128,213,49,,,1049773,10401,,,,,,39377,39377,662,0,,,,,,20562,,0,1089150,11063,,,,,,0,1089150,11063
10/22/20,NV,A+,1736,,4,,,,520,0,,161,681242,3693,,,,,53,92853,92853,789,0,,,,,,,1175414,10000,1175414,10000,,,,,774095,4482,1154583,0
10/22/20,NY,B,25694,,15,,89995,89995,986,0,,209,12842711,133713,,,,,106,490134,490134,1628,0,,,,,,78753,13332845,135341,13332845,135341,,,,,,0,,0
10/22/20,OH,A+,5161,4850,12,311,17682,17682,1293,159,3657,345,3864695,41187,,,,,172,190430,179424,2425,0,,,,,,155181,,0,4055125,43612,,,,,,0,4044119,43513
10/22/20,OK,A+,1221,,11,,8170,8170,910,93,,297,1378605,11235,,,1378605,,,112483,112483,1628,0,4635,,,,123241,96245,,0,1491088,12863,85717,,,,,0,1504068,12227
10/22/20,OR,A+,646,,11,,3005,3005,194,16,,55,765191,5699,,,1262236,,21,40810,38741,367,0,,,,,66046,5870,,0,1328282,13457,,,,,803932,6034,1328282,13457
10/22/20,PA,A+,8592,,30,,,,1042,0,,,2185079,17543,,,,,110,188360,180483,2063,0,,,,,,148804,,0,2373439,19606,,,,,2365562,19378,3714425,40722
10/22/20,PR,B,783,596,9,187,,,395,0,,53,305972,0,,,303412,,44,29804,29804,87,0,29233,,,,7002,26253,,0,335776,87,,,,,,0,310546,0
10/22/20,RI,A+,1173,,4,,3116,3116,140,25,,13,378708,3151,,,975904,,8,29594,29594,471,0,,,,,39816,2595,1015720,17160,1015720,17160,,,,,408302,3622,,0
10/22/20,SC,A+,3755,3526,47,229,10102,10102,766,40,,185,1481866,14674,69308,,1432507,,91,167485,160384,1128,0,8314,14678,,,209743,84761,,0,1649351,15802,77622,90041,,,,0,1642250,15625
10/22/20,SD,A,347,,14,,2277,2277,355,38,,,202429,1223,,,,,,36017,34977,973,0,,,,,,26397,,0,238446,2196,,,,,238446,2196,385147,4486
10/22/20,TN,A+,3011,2872,41,139,9802,9802,1424,68,,388,3198427,18033,,,3151098,,167,237907,225658,2046,0,,11442,,,272987,212555,,0,3436334,20079,,81638,,,,0,3424085,19824
10/22/20,TX,A,17286,,85,,,,4931,0,,1454,7006227,75127,,,,,,845100,845100,6291,0,43576,26863,,,929657,744283,,0,7851327,81418,459439,342539,,,,0,7851327,81418
10/22/20,UT,A+,563,,6,,4880,4880,318,73,1050,110,876577,7691,,,1186599,409,,99549,99549,1543,0,,3944,,3768,106420,73586,,0,1293019,12708,,67628,,31854,972432,9424,1293019,12708
10/22/20,VA,A+,3524,3274,9,250,12073,12073,1109,63,,218,2292638,18900,,,,,120,170104,159060,1332,0,,,,,189561,19321,2451698,19962,2451698,19962,,,,,,0,,0
10/22/20,VI,D,21,21,0,,,,,0,,,21911,143,,,,,,1343,,6,0,,,,,,1303,,0,23254,149,,,,,,0,23288,115
10/22/20,VT,B,58,58,0,,,,3,0,,,178123,871,,,,,,1999,1990,16,0,,,,,,1718,,0,367990,5084,,,,,180113,886,367990,5084
10/22/20,WA,B,2286,2286,4,,8149,8149,407,25,,92,2176579,22941,,,,,43,103646,101792,918,0,,,,,,,2276453,23665,2276453,23665,,,,,,0,,0
10/22/20,WI,A+,1725,1703,23,22,9855,9855,1202,151,1386,324,1730646,12082,,,,,,195823,186100,3632,0,,,,,,145509,2965073,40867,2965073,40867,,,,,1916746,15495,,0
10/22/20,WV,B,418,414,5,4,,,188,0,,63,684094,8231,,,,,21,21057,19907,323,0,,,,,,16166,,0,705151,8554,18849,,,,,0,704001,8474
10/22/20,WY,B,68,,7,,373,373,81,0,,,111822,0,,,242722,,,10119,8537,271,0,,,,,11172,7220,,0,253894,4469,,,,,120127,0,253894,4469
10/21/20,AK,A,68,68,1,,395,395,41,6,,,535460,391,,,535629,,8,11680,,224,0,,,,,11195,6751,,0,547140,615,,,,,,0,547140,615
10/21/20,AL,A,2805,2633,0,172,19330,19330,863,249,1967,,1120507,7948,,,,1121,,174528,153016,0,0,,,,,,74439,,0,1273523,7948,,,62008,,1273523,7948,,0
10/21/20,AR,A+,1751,1599,23,152,6526,6526,626,98,,241,1147353,10119,,,1147353,796,94,101596,95399,1155,0,,3300,,6891,,91317,,0,1242752,11100,,21856,,39902,,0,1242752,11100
10/21/20,AS,D,0,,0,,,,,0,,,1616,0,,,,,,0,0,0,0,,,,,,,,0,1616,0,,,,,,0,1616,0
10/21/20,AZ,A+,5854,5567,17,287,20820,20820,832,101,,171,1428792,9117,,,,,91,233912,228597,975,0,,,,,,38883,,0,2590386,27308,310123,,,,1657389,10044,2590386,27308
10/21/20,CA,B,17027,,35,,,,3077,0,,763,16415355,100362,,,,,,877784,877784,3707,0,,,,,,,,0,17293139,104069,,,,,,0,17293139,104069
10/21/20,CO,A,2194,1812,12,382,8380,8380,532,48,,,1021394,7201,165390,,,,,88849,82558,1267,0,12616,,,,,7352,1742583,18545,1742583,18545,178006,,,,1103952,8231,,0
10/21/20,CT,B,4567,3666,8,901,12043,12043,213,0,,,2005255,15448,,,,,,64871,62261,416,0,,,,,,9651,,0,2070126,15864,,,,,,0,2067516,15846
10/21/20,DC,A+,642,,0,,,,96,0,,23,459945,2583,,,,,9,16498,,53,0,,,,,,12938,476443,2636,476443,2636,,,,,244181,882,,0
10/21/20,DE,A+,670,589,2,81,,,99,0,,23,308105,704,,,,,,23375,22263,50,0,,,,,25687,12335,518758,3377,518758,3377,,,,,331480,754,,0
10/21/20,FL,A,16308,,0,,47895,47895,2125,0,,,5007558,0,487730,475588,7358921,,,752845,726989,2106,0,51923,,50676,,980858,,9221524,31901,9221524,31901,539844,,526404,,5763829,11033,8384437,27032
10/21/20,GA,A,7704,,30,,30676,30676,1736,135,5734,,2994565,9167,,,,,,343750,343750,1312,0,28101,,,,321274,,,0,3338315,10479,320491,,,,,0,3338315,10479
10/21/20,GU,A,69,,2,,,,71,0,,12,57275,655,,,,,4,3968,3950,82,0,6,18,,,,2398,,0,61243,737,202,41,,,,0,61200,735
10/21/20,HI,B,189,,2,,1025,1025,81,13,,19,295153,0,,,,,13,14350,14156,88,0,,,,,14097,11150,482982,3681,482982,3681,,,,,308090,0,,0
10/21/20,IA,A+,1584,,29,,,,534,0,,134,738352,3645,,60834,,,49,104190,104190,1179,0,,,3695,5615,,84671,,0,842542,4824,,,64568,68339,844194,4846,,0
10/21/20,ID,A,535,492,4,43,2277,2277,187,46,509,54,309309,1697,,,,,,54663,48524,873,0,,,,,,26549,,0,357833,2451,,,,,357833,2451,471700,3991
10/21/20,IL,A,9605,9345,68,260,,,2338,0,,502,6594888,62449,,,,,194,358804,355217,4342,0,,,,,,,,0,6953692,66791,,,,,,0,6950105,66791
10/21/20,IN,A+,4023,3790,15,233,15163,15163,1484,180,2976,412,1428713,7027,,,,,141,152396,,1732,0,,,,,148743,110746,,0,2574800,23394,,,,,1581109,8759,2574800,23394
10/21/20,KS,A+,952,,80,,3506,3506,329,85,975,1,531053,5627,,,,299,45,74456,,1488,0,,,,,,2485,,0,605509,7115,,,,,605509,7115,,0
10/21/20,KY,B,1363,1346,21,17,6721,6721,794,56,1651,203,1637642,6858,,,,,,90996,77233,1452,0,,,,,,17534,,0,1714875,7978,81800,40741,,,,0,1714875,7978
10/21/20,LA,A,5790,5584,18,206,,,608,0,,,2450272,13584,,,,,68,181132,177399,1363,0,,,,,,165282,,0,2631404,14947,,,,,,0,2627671,14302
10/21/20,MA,A+,9780,9559,22,221,13056,13056,519,35,,91,2419306,12076,,,,,36,146166,142941,702,0,,,,,186257,118892,,0,5366394,60353,,,124834,168123,2562247,12722,5366394,60353
10/21/20,MD,A,4058,3912,8,146,16549,16549,463,33,,131,1694771,6610,,131954,,,,137236,137236,492,0,,,13261,,165228,7960,,0,3138875,17076,,,145215,,1832007,7102,3138875,17076
10/21/20,ME,A+,146,145,0,1,470,470,7,1,,0,554783,6678,10036,,553123,,0,6027,5381,38,0,346,,,,6715,5244,,0,560810,6716,10394,,,,,0,560164,6718
10/21/20,MI,A+,7418,7086,35,332,,,1050,0,,267,4252959,33162,,,4252959,,112,167872,150989,1878,0,,,,,205705,109539,,0,4420831,35040,316762,,,,,0,4458664,35177
10/21/20,MN,A,2281,2269,35,12,9147,9147,588,105,2473,160,1581923,7189,,,,,,126591,126262,1060,0,,,,,,113158,2539376,16377,2539376,16377,,21144,,,1708185,8236,,0
10/21/20,MO,A,2641,,26,,,,1415,0,,450,1247005,12006,79737,71709,2137998,,170,160869,160869,1244,0,5027,5307,3618,,184494,,,0,2326868,30194,84961,26609,69077,14660,1407874,14774,2326868,30194
10/21/20,MP,D,2,2,0,,4,4,,0,,,15723,0,,,,,,88,88,0,0,,,,,,29,,0,15811,0,,,,,15811,0,22212,0
10/21/20,MS,A+,3223,2919,21,304,6380,6380,711,0,,151,729544,0,,,,,73,112123,99919,801,0,95,,,,,97675,,0,841667,801,41053,72982,,,,0,827497,0
10/21/20,MT,C,275,,23,,1068,1068,345,13,,,423282,2354,,,,,,24712,24712,619,0,,,,,,15085,,0,447994,2973,,,,,,0,447994,2973
10/21/20,NC,A+,4032,3981,40,51,,,1219,0,,337,3441451,18408,,,,,,250592,241792,1842,0,,,,,,218541,,0,3692043,20250,,17543,,,,0,3683243,19903
10/21/20,ND,B,427,,10,,1324,1324,219,23,281,33,241431,525,9962,,,,,34114,33957,521,0,590,,,,,27769,752495,6131,752495,6131,10552,,,,275596,1024,782486,6447
10/21/20,NE,A,565,,11,,2706,2706,380,26,,,490513,2661,,,751071,,,59409,59409,592,0,,,,,70666,39687,,0,822904,12406,,,,,550239,3253,822904,12406
10/21/20,NH,B,469,,1,,763,763,14,0,246,,308375,2112,,,,,,9917,9917,89,0,,,,,,8650,,0,552925,9363,32680,,31852,,318292,2201,552925,9363
10/21/20,NJ,B,16245,14456,18,1789,24441,24441,844,79,,175,4040900,27793,,,,,63,223223,223223,1030,0,,,,,,36110,,0,4264123,28823,,,,,,0,4264123,28823
10/21/20,NM,B,950,,8,,4079,4079,202,49,,,1039372,6787,,,,,,38715,38715,819,0,,,,,,20332,,0,1078087,7606,,,,,,0,1078087,7606
10/21/20,NV,A+,1732,,5,,,,535,0,,147,677549,2736,,,,,47,92064,92064,565,0,,,,,,,1165414,9385,1165414,9385,,,,,769613,3301,1154583,0
10/21/20,NY,B,25679,,7,,89995,89995,950,0,,201,12708998,122763,,,,,103,488506,488506,2026,0,,,,,,78645,13197504,124789,13197504,124789,,,,,,0,,0
10/21/20,OH,#REF!,5149,4839,66,310,17523,17523,1252,135,3632,345,3823508,29733,,,,,164,188005,177098,2366,0,,,,,,153769,,0,4011513,32099,,,,,,0,4000606,31972
10/21/20,OK,A+,1210,,19,,8077,8077,870,113,,317,1367370,9908,,,1367370,,,110855,110855,1307,0,4635,,,,122518,94979,,0,1478225,11215,85717,,,,,0,1491841,11078
10/21/20,OR,A+,635,,2,,2989,2989,183,25,,57,759492,4311,,,1249260,,21,40443,38406,307,0,,,,,65565,5870,,0,1314825,11514,,,,,797898,4599,1314825,11514
10/21/20,PA,A+,8562,,29,,,,966,0,,,2167536,11897,,,,,104,186297,178648,1425,0,,,,,,147174,,0,2353833,13322,,,,,2346184,13136,3673703,27447
10/21/20,PR,B,774,590,5,184,,,378,0,,62,305972,0,,,303412,,45,29717,29717,132,0,29113,,,,7002,26018,,0,335689,132,,,,,,0,310546,0
10/21/20,RI,A+,1169,,5,,3091,3091,130,19,,14,375557,3151,,,959236,,6,29123,29123,474,0,,,,,39324,2580,998560,13240,998560,13240,,,,,404680,3625,,0
10/21/20,SC,A+,3708,3487,12,221,10062,10062,743,34,,197,1467192,12763,69038,,1418122,,98,166357,159433,864,0,8225,14381,,,208503,84052,,0,1633549,13627,77263,87938,,,,0,1626625,13449
10/21/20,SD,#REF!,333,,3,,2239,2239,332,46,,,201206,937,,,,,,35044,34031,587,0,,,,,,26023,,0,236250,1524,,,,,236250,1524,380661,4666
10/21/20,TN,A+,2970,2834,18,136,9734,9734,1424,53,,388,3180394,17227,,,3133279,,167,235861,223867,2292,0,,11167,,,270982,210243,,0,3416255,19519,,78781,,,,0,3404261,19210
10/21/20,TX,A,17201,,114,,,,4782,0,,1424,6931100,77607,,,,,,838809,838809,5252,0,43253,26165,,,920980,739140,,0,7769909,82859,457228,333932,,,,0,7769909,82859
10/21/20,UT,A+,557,,6,,4807,4807,338,54,1040,111,868886,5587,,,1175636,406,,98006,98006,1363,0,,3890,,3718,104675,72606,,0,1280311,11847,,65372,,30987,963008,6536,1280311,11847
10/21/20,VA,A+,3515,3266,30,249,12010,12010,1010,55,,202,2273738,19011,,,,,97,168772,157998,1018,0,,,,,188401,19226,2431736,19796,2431736,19796,,,,,,0,,0
10/21/20,VI,D,21,21,0,,,,,0,,,21768,251,,,,,,1337,,2,0,,,,,,1303,,0,23105,253,,,,,,0,23173,294
10/21/20,VT,B,58,58,0,,,,4,0,,,177252,771,,,,,,1983,1975,20,0,,,,,,1708,,0,362906,2103,,,,,179227,790,362906,2103
10/21/20,WA,B,2282,2282,24,,8124,8124,414,47,,109,2153638,7963,,,,,43,102728,100906,913,0,,,,,,,2252788,8452,2252788,8452,,,,,,0,,0
10/21/20,WI,A+,1702,1681,50,21,9704,9704,1190,167,1371,299,1718564,5681,,,,,,192191,182687,4363,0,,,,,,142485,2924206,13633,2924206,13633,,,,,1901251,9886,,0
10/21/20,WV,B,413,409,5,4,,,188,0,,65,675863,4573,,,,,25,20734,19664,215,0,,,,,,15215,,0,696597,4788,18791,,,,,0,695527,4724
10/21/20,WY,B,61,,0,,373,373,66,2,,,111822,3068,,,238683,,,9848,8305,322,0,,,,,10742,7070,,0,249425,4292,,,,,120127,4036,249425,4292
10/20/20,AK,A,67,67,0,,389,389,38,2,,,535069,10071,,,535040,,10,11456,,231,0,,,,,11169,6681,,0,546525,10302,,,,,,0,546525,10302
10/20/20,AL,A,2805,2633,16,172,19081,19081,846,0,1954,,1112559,4731,,,,1114,,174528,153016,1043,0,,,,,,74238,,0,1265575,5475,,,61855,,1265575,5475,,0
10/20/20,AR,A+,1728,1576,14,152,6428,6428,627,67,,257,1137234,7110,,,1137234,782,96,100441,94418,844,0,,3300,,6672,,90283,,0,1231652,7738,,21856,,37538,,0,1231652,7738
10/20/20,AS,D,0,,0,,,,,0,,,1616,0,,,,,,0,0,0,0,,,,,,,,0,1616,0,,,,,,0,1616,0
10/20/20,AZ,A+,5837,5550,7,287,20719,20719,777,71,,170,1419675,6571,,,,,91,232937,227670,1040,0,,,,,,38705,,0,2563078,26554,309446,,,,1647345,7560,2563078,26554
10/20/20,CA,B,16992,,22,,,,3104,0,,781,16314993,143376,,,,,,874077,874077,3286,0,,,,,,,,0,17189070,146662,,,,,,0,17189070,146662
10/20/20,CO,A,2182,1801,2,381,8332,8332,516,84,,,1014193,5287,165070,,,,,87582,81528,1208,0,12594,,,,,7286,1724038,15588,1724038,15588,177664,,,,1095721,6279,,0
10/20/20,CT,B,4559,3658,5,901,12043,12043,217,0,,,1989807,14231,,,,,,64455,61863,434,0,,,,,,9651,,0,2054262,14665,,,,,,0,2051670,14653
10/20/20,DC,A+,642,,1,,,,85,0,,20,457362,4717,,,,,9,16445,,50,0,,,,,,12884,473807,4767,473807,4767,,,,,243299,1678,,0
10/20/20,DE,A+,668,587,2,81,,,107,0,,25,307401,1579,,,,,,23325,22220,129,0,,,,,25574,12245,515381,2352,515381,2352,,,,,330726,1708,,0
10/20/20,FL,A,16308,,86,,47895,47895,2094,231,,,5007558,25002,487730,475588,7334681,,,750739,725571,3556,0,51923,,50676,,978150,,9189623,58302,9189623,58302,539844,,526404,,5752796,28581,8357405,48510
10/20/20,GA,A,7674,,17,,30541,30541,1713,153,5701,,2985398,12429,,,,,,342438,342438,1128,0,28073,,,,320414,,,0,3327836,13557,320265,,,,,0,3327836,13557
10/20/20,GU,A,67,,1,,,,70,0,,17,56620,827,,,,,6,3886,3869,130,0,6,17,,,,2354,,0,60506,957,202,39,,,,0,60465,954
10/20/20,HI,B,187,,0,,1012,1012,96,7,,22,295153,0,,,,,15,14262,14068,37,0,,,,,14014,11078,479301,1985,479301,1985,,,,,308090,0,,0
10/20/20,IA,A+,1555,,17,,,,501,0,,122,734707,1651,,60605,,,45,103011,103011,494,0,,,3685,5433,,83518,,0,837718,2145,,,64329,67096,839348,2147,,0
10/20/20,ID,A,531,488,3,43,2231,2231,187,25,506,54,307612,1597,,,,,,53790,47770,698,0,,,,,,26238,,0,355382,2192,,,,,355382,2192,467709,4161
10/20/20,IL,A,9537,9277,41,260,,,2261,0,,489,6532439,55363,,,,,195,354462,350875,3714,0,,,,,,,,0,6886901,59077,,,,,,0,6883314,59077
10/20/20,IN,A+,4008,3775,48,233,14983,14983,1425,157,2954,412,1421686,6130,,,,,141,150664,,1498,0,,,,,147110,109675,,0,2551406,17543,,,,,1572350,7628,2551406,17543
10/20/20,KS,A+,872,,0,,3421,3421,285,0,952,81,525426,0,,,,294,39,72968,,0,0,,,,,,2415,,0,598394,0,,,,,598394,0,,0
10/20/20,KY,B,1342,1326,16,16,6665,6665,776,49,1638,202,1630784,7112,,,,,,89544,76113,1297,0,,,,,,17402,,0,1706897,8082,81597,39937,,,,0,1706897,8082
10/20/20,LA,A,5772,5572,6,200,,,586,0,,,2436688,18294,,,,,62,179769,176681,699,0,,,,,,161792,,0,2616457,18993,,,,,,0,2613369,18993
10/20/20,MA,A+,9758,9537,5,221,13021,13021,517,12,,94,2407230,16417,,,,,35,145464,142295,976,0,,,,,185451,118892,,0,5306041,66390,,,124711,166394,2549525,17238,5306041,66390
10/20/20,MD,A,4050,3904,9,146,16516,16516,464,41,,123,1688161,7593,,129260,,,,136744,136744,590,0,,,12794,,164580,7926,,0,3121799,17966,,,142054,,1824905,8183,3121799,17966
10/20/20,ME,A+,146,145,0,1,469,469,9,0,,1,548105,4590,10025,,546444,,0,5989,5341,27,0,345,,,,6676,5206,,0,554094,4617,10382,,,,,0,553446,4608
10/20/20,MI,A+,7383,7053,20,330,,,1050,0,,267,4219797,48296,,,4219797,,106,165994,149392,1871,0,,,,,203690,109539,,0,4385791,50167,316115,,,,,0,4423487,50752
10/20/20,MN,A,2246,2235,7,11,9042,9042,567,126,2451,155,1574734,4604,,,,,,125531,125215,1092,0,,,,,,111634,2522999,11604,2522999,11604,,20649,,,1699949,5684,,0
10/20/20,MO,A,2615,,25,,,,1439,0,,429,1234999,0,79502,71709,2110912,,156,159625,159625,1524,0,4953,5104,3618,,181463,,,0,2296674,0,84652,25263,68919,14224,1393100,0,2296674,0
10/20/20,MP,D,2,2,0,,4,4,,0,,,15723,267,,,,,,88,88,2,0,,,,,,29,,0,15811,269,,,,,15811,278,22212,2377
10/20/20,MS,A+,3202,2903,31,299,6380,6380,664,0,,161,729544,0,,,,,73,111322,99451,730,0,95,,,,,97675,,0,840866,730,41053,72982,,,,0,827497,0
10/20/20,MT,C,252,,11,,1055,1055,360,35,,,420928,1952,,,,,,24093,24093,703,0,,,,,,14842,,0,445021,2655,,,,,,0,445021,2655
10/20/20,NC,A+,3992,3941,53,51,,,1203,0,,326,3423043,21851,,,,,,248750,240297,1578,0,,,,,,218541,,0,3671793,23429,,16457,,,,0,3663340,23254
10/20/20,ND,B,417,,4,,1301,1301,209,34,279,39,240906,806,9943,,,,,33593,33448,1049,0,584,,,,,27222,746364,5204,746364,5204,10527,,,,274572,1835,776039,5529
10/20/20,NE,A,554,,6,,2680,2680,380,22,,,487852,2707,,,739379,,,58817,58817,749,0,,,,,69955,39313,,0,810498,10919,,,,,546986,3456,810498,10919
10/20/20,NH,B,468,,0,,763,763,16,2,246,,306263,1203,,,,,,9828,9828,82,0,,,,,,8536,,0,543562,0,32594,,31802,,316091,1285,543562,0
10/20/20,NJ,B,16227,14438,13,1789,24362,24362,781,89,,169,4013107,16607,,,,,69,222193,222193,988,0,,,,,,36005,,0,4235300,17595,,,,,,0,4235300,17595
10/20/20,NM,B,942,,7,,4030,4030,205,53,,,1032585,8619,,,,,,37896,37896,594,0,,,,,,20165,,0,1070481,9213,,,,,,0,1070481,9213
10/20/20,NV,A+,1727,,15,,,,506,0,,141,674813,2454,,,,,57,91499,91499,656,0,,,,,,,1156029,28,1156029,28,,,,,766312,3110,1154583,0
10/20/20,NY,B,25672,,13,,89995,89995,942,0,,194,12586235,89339,,,,,99,486480,486480,1201,0,,,,,,78530,13072715,90540,13072715,90540,,,,,,0,,0
10/20/20,OH,A+,5083,4775,8,308,17388,17388,1221,216,3597,322,3793775,35832,,,,,161,185639,174859,2015,0,,,,,,152460,,0,3979414,37847,,,,,,0,3968634,37694
10/20/20,OK,A+,1191,,18,,7964,7964,821,149,,319,1357462,29930,,,1357462,,,109548,109548,1475,0,4635,,,,121425,93698,,0,1467010,31405,85717,,,,,0,1480763,32604
10/20/20,OR,A+,633,,5,,2964,2964,183,17,,57,755181,6466,,,1238092,,14,40136,38118,342,0,,,,,65219,5870,,0,1303311,13204,,,,,793299,6803,1303311,13204
10/20/20,PA,A+,8533,,33,,,,918,0,,,2155639,11673,,,,,94,184872,177409,1557,0,,,,,,146048,,0,2340511,13230,,,,,2333048,13028,3646256,30064
10/20/20,PR,B,769,586,1,183,,,378,0,,61,305972,0,,,303412,,38,29585,29585,447,0,29058,,,,7002,25947,,0,335557,447,,,,,,0,310546,0
10/20/20,RI,A+,1164,,5,,3072,3072,135,22,,16,372406,1427,,,946494,,6,28649,28649,302,0,,,,,38826,2558,985320,7409,985320,7409,,,,,401055,1729,,0
10/20/20,SC,A+,3696,3475,35,221,10028,10028,697,69,,182,1454429,8838,68860,,1405705,,92,165493,158747,884,0,8177,14103,,,207471,83361,,0,1619922,9722,77037,85898,,,,0,1613176,9615
10/20/20,SD,A,330,,7,,2193,2193,329,47,,,200269,1655,,,,,,34457,33466,621,0,,,,,,25686,,0,234726,2276,,,,,234726,2276,375995,8455
10/20/20,TN,A+,2952,2817,30,135,9681,9681,1424,63,,399,3163167,11836,,,3116332,,179,233569,221884,1508,0,,,,,268719,208182,,0,3396736,13344,,,,,,0,3385051,13154
10/20/20,TX,A,17087,,65,,,,4588,0,,1349,6853493,76005,,,,,,833557,833557,7884,0,42991,25532,,,913649,733758,,0,7687050,83889,455327,323967,,,,0,7687050,83889
10/20/20,UT,A+,551,,5,,4753,4753,311,65,1030,104,863299,3982,,,1165291,403,,96643,96643,1081,0,,3640,,3471,103173,71693,,0,1268464,8322,,62268,,29952,956472,4919,1268464,8322
10/20/20,VA,A+,3485,3236,28,249,11955,11955,937,73,,194,2254727,13055,,,,,98,167754,157213,926,0,,,,,187280,19170,2411940,13829,2411940,13829,,,,,,0,,0
10/20/20,VI,D,21,21,0,,,,,0,,,21517,0,,,,,,1335,,0,0,,,,,,1296,,0,22852,0,,,,,,0,22879,0
10/20/20,VT,B,58,58,0,,,,0,0,,,176481,348,,,,,,1963,1956,12,0,,,,,,1701,,0,360803,875,,,,,178437,360,360803,875
10/20/20,WA,B,2258,2258,19,,8077,8077,392,59,,82,2145675,13091,,,,,36,101815,100029,298,0,,,,,,,2244336,13551,2244336,13551,,,,,,0,,0
10/20/20,WI,A+,1652,1633,35,19,9537,9537,1192,218,1354,315,1712883,9070,,,,,,187828,178482,4686,0,,,,,,139455,2910573,15330,2910573,15330,,,,,1891365,13661,,0
10/20/20,WV,B,408,404,9,4,,,191,0,,62,671290,3593,,,,,23,20519,19513,226,0,,,,,,14988,,0,691809,3819,18742,,,,,0,690803,3778
10/20/20,WY,B,61,,4,,371,371,66,7,,,108754,0,,,234782,,,9526,8070,215,0,,,,,10351,6944,,0,245133,4982,,,,,116091,0,245133,4982
10/19/20,AK,A,67,67,0,,387,387,65,4,,,524998,3308,,,525048,,8,11225,,204,0,,,,,10859,6516,,0,536223,3512,,,,,,0,536223,3512
10/19/20,AL,A,2789,2621,1,168,19081,19081,859,226,1939,,1107828,5459,,,,1106,,173485,152272,859,0,,,,,,74238,,0,1260100,6204,,,61800,,1260100,6204,,0
10/19/20,AR,A+,1714,1562,10,152,6361,6361,604,46,,248,1130124,7536,,,1130124,776,95,99597,93790,531,0,,3300,,6413,,89217,,0,1223914,7970,,21856,,36212,,0,1223914,7970
10/19/20,AS,D,0,,0,,,,,0,,,1616,0,,,,,,0,0,0,0,,,,,,,,0,1616,0,,,,,,0,1616,0
10/19/20,AZ,A+,5830,5544,3,286,20648,20648,721,8,,177,1413104,8043,,,,,94,231897,226681,748,0,,,,,,38553,,0,2536524,10128,309007,,,,1639785,8762,2536524,10128
10/19/20,CA,B,16970,,27,,,,3002,0,,758,16171617,146872,,,,,,870791,870791,3474,0,,,,,,,,0,17042408,150346,,,,,,0,17042408,150346
10/19/20,CO,A,2180,1800,4,380,8248,8248,465,21,,,1008906,8240,164811,,,,,86374,80536,1072,0,12564,,,,,7225,1708450,19137,1708450,19137,177375,,,,1089442,9284,,0
10/19/20,CT,B,4554,3652,12,902,12043,12043,195,0,,,1975576,70773,,,,,,64021,61441,1191,0,,,,,,9651,,0,2039597,71964,,,,,,0,2037017,71905
10/19/20,DC,A+,641,,0,,,,84,0,,20,452645,2210,,,,,9,16395,,25,0,,,,,,12824,469040,2235,469040,2235,,,,,241621,662,,0
10/19/20,DE,A+,666,585,1,81,,,107,0,,19,305822,1619,,,,,,23196,22098,103,0,,,,,25524,12113,513029,6458,513029,6458,,,,,329018,1722,,0
10/19/20,FL,A,16222,,54,,47664,47664,2057,72,,,4982556,15184,487730,475588,7291080,,,747183,722626,1691,0,51923,,50676,,973367,,9131321,36064,9131321,36064,539844,,526404,,5724215,35105,8308895,31025
10/19/20,GA,A,7657,,19,,30388,30388,1664,12,5665,,2972969,15069,,,,,,341310,341310,752,0,27990,,,,319431,,,0,3314279,15821,319648,,,,,0,3314279,15821
10/19/20,GU,A,66,,0,,,,68,0,,14,55793,500,,,,,3,3756,3742,81,0,6,14,,,,2350,,0,59549,581,202,36,,,,0,59511,1423
10/19/20,HI,B,187,,1,,1005,1005,96,4,,22,295153,0,,,,,15,14225,14031,82,0,,,,,13975,11044,477316,3735,477316,3735,,,,,308090,0,,0
10/19/20,IA,A+,1538,,10,,,,480,0,,113,733056,2480,,60408,,,45,102517,102517,557,0,,,3674,5221,,82188,,0,835573,3037,,,64121,65534,837201,3041,,0
10/19/20,ID,A,528,486,-1,42,2206,2206,221,13,504,55,306015,2457,,,,,,53092,47175,510,0,,,,,,25980,,0,353190,2878,,,,,353190,2878,463548,3318
10/19/20,IL,A,9496,9236,22,260,,,2096,0,,485,6477076,45571,,,,,179,350748,347161,3113,0,,,,,,,,0,6827824,48684,,,,,,0,6824237,48684
10/19/20,IN,A+,3960,3727,23,233,14826,14826,1373,111,2926,383,1415556,7701,,,,,125,149166,,1584,0,,,,,146170,108462,,0,2533863,21689,,,,,1564722,9285,2533863,21689
10/19/20,KS,A+,872,,13,,3421,3421,285,51,952,81,525426,7092,,,,294,39,72968,,2113,0,,,,,,2415,,0,598394,9205,,,,,598394,9205,,0
10/19/20,KY,B,1326,1310,9,16,6616,6616,764,24,1629,190,1623672,22939,,,,,,88247,75143,640,0,,,,,,17229,,0,1698815,24167,81180,39338,,,,0,1698815,24167
10/19/20,LA,A,5766,5566,16,200,,,553,0,,,2418394,4665,,,,,64,179070,175982,201,0,,,,,,161792,,0,2597464,4866,,,,,,0,2594376,4866
10/19/20,MA,A+,9753,9532,16,221,13009,13009,500,8,,86,2390813,16827,,,,,33,144488,141474,828,0,,,,,184514,118892,,0,5239651,70708,,,124340,162655,2532287,17654,5239651,70708
10/19/20,MD,A,4041,3895,4,146,16475,16475,434,40,,116,1680568,9563,,129260,,,,136154,136154,497,0,,,12794,,163872,7892,,0,3103833,24671,,,142054,,1816722,10060,3103833,24671
10/19/20,ME,A+,146,145,0,1,469,469,8,1,,0,543515,15739,10022,,541884,,0,5962,5323,23,0,345,,,,6630,5175,,0,549477,15762,10379,,,,,0,548838,15819
10/19/20,MI,A+,7363,7031,46,332,,,1050,0,,267,4171501,59863,,,4171501,,95,164123,147806,5004,0,,,,,201234,109539,,0,4335624,64867,315661,,,,,0,4372735,111021
10/19/20,MN,A,2239,2229,5,10,8916,8916,532,50,2414,138,1570130,11624,,,,,,124439,124135,1627,0,,,,,,109963,2511395,22177,2511395,22177,,20603,,,1694265,12947,,0
10/19/20,MO,B,2590,,8,,,,1439,0,,476,1234999,5159,79502,71709,2110912,,,158101,158101,1405,0,4953,5104,3618,,181463,,,0,2296674,11607,84652,25263,68919,14224,1393100,6564,2296674,11607
10/19/20,MP,D,2,2,0,,4,4,,0,,,15456,0,,,,,,86,86,0,0,,,,,,29,,0,15542,0,,,,,15533,0,19835,0
10/19/20,MS,A+,3171,2879,0,292,6380,6380,653,143,,151,729544,0,,,,,70,110592,98947,586,0,95,,,,,97675,,0,840136,586,41053,72982,,,,0,827497,0
10/19/20,MT,C,241,,0,,1020,1020,339,10,,,418976,10663,,,,,,23390,23390,569,0,,,,,,13538,,0,442366,11232,,,,,,0,442366,11232
10/19/20,NC,A+,3939,3892,5,47,,,1142,0,,311,3401192,29962,,,,,,247172,238894,1144,0,,,,,,218541,,0,3648364,31106,,15544,,,,0,3640086,31051
10/19/20,ND,B,413,,4,,1267,1267,205,14,277,38,240100,1523,9918,,,,,32544,32416,658,0,572,,,,,26392,741160,8072,741160,8072,10490,,,,272737,2182,770510,8427
10/19/20,NE,A,548,,0,,2658,2658,343,8,,,485145,3352,,,729099,,,58068,58068,734,0,,,,,69055,38956,,0,799579,7949,,,,,543530,4088,799579,7949
10/19/20,NH,B,468,,1,,761,761,16,0,246,,305060,1390,,,,,,9746,9746,52,0,,,,,,8258,,0,543562,4949,32594,,31773,,314806,1442,543562,4949
10/19/20,NJ,B,16214,14425,3,1789,24273,24273,758,113,,166,3996500,79442,,,,,62,221205,221205,1192,0,,,,,,35944,,0,4217705,80634,,,,,,0,4217705,81909
10/19/20,NM,B,935,,1,,3977,3977,183,37,,,1023966,5863,,,,,,37302,37302,514,0,,,,,,20001,,0,1061268,6377,,,,,,0,1061268,6377
10/19/20,NV,A+,1712,,2,,,,485,0,,148,672359,3112,,,,,53,90843,90843,582,0,,,,,,,1156001,1348,1156001,1348,,,,,763202,3694,1154583,0
10/19/20,NY,B,25659,,15,,89995,89995,934,0,,198,12496896,81011,,,,,106,485279,485279,998,0,,,,,,78442,12982175,82009,12982175,82009,,,,,,0,,0
10/19/20,OH,A+,5075,4767,8,308,17172,17172,1154,111,3561,303,3757943,39081,,,,,158,183624,172997,1837,0,,,,,,151037,,0,3941567,40918,,,,,,0,3930940,40833
10/19/20,OK,A+,1173,,2,,7815,7815,792,17,,301,1327532,0,,,1327532,,,108073,108073,774,0,4635,,,,118537,92367,,0,1435605,774,85717,,,,,0,1448159,0
10/19/20,OR,A+,628,,8,,2947,2947,168,61,,50,748715,3143,,,1225279,,11,39794,37781,262,0,,,,,64828,5870,,0,1290107,9333,,,,,786496,13271,1290107,9333
10/19/20,PA,A+,8500,,8,,,,870,0,,,2143966,11315,,,,,89,183315,176054,1103,0,,,,,,146652,,0,2327281,12418,,,,,2320020,12321,3616192,54078
10/19/20,PR,B,768,585,2,183,,,327,0,,64,305972,0,,,303412,,41,29138,29138,427,0,28812,,,,7002,25939,,0,335110,427,,,,,,0,310546,0
10/19/20,RI,A+,1159,,1,,3050,3050,124,0,,16,370979,1017,,,939292,,4,28347,28347,85,0,,,,,38619,2546,977911,2927,977911,2927,,,,,399326,1102,,0
10/19/20,SC,A+,3661,3449,11,212,9959,9959,697,20,,182,1445591,8318,68662,,1397088,,92,164609,157970,619,0,8160,13882,,,206473,82637,,0,1610200,8937,76822,83607,,,,0,1603561,8894
10/19/20,SD,A,323,,0,,2146,2146,304,27,,,198614,836,,,,,,33836,32904,567,0,,,,,,25125,,0,232450,1403,,,,,232450,1403,367540,3131
10/19/20,TN,A+,2922,2789,13,133,9618,9618,1338,41,,390,3151331,39256,,,3104663,,177,232061,220566,3317,0,,,,,267234,205832,,0,3383392,42573,,,,,,0,3371897,42410
10/19/20,TX,A,17022,,8,,,,4319,0,,1349,6777488,22035,,,,,,825673,825673,1894,0,42646,24713,,,905339,729762,,0,7603161,23929,452388,313129,,,,0,7603161,23929
10/19/20,UT,A+,546,,3,,4688,4688,304,32,1022,103,859317,5466,,,1158217,401,,95562,95562,1168,0,,3451,,3288,101925,71035,,0,1260142,7159,,60235,,29106,951553,6487,1260142,7159
10/19/20,VA,A+,3457,3209,24,248,11882,11882,972,21,,210,2241672,10732,,,,,81,166828,156439,690,0,,,,,186494,19096,2398111,11333,2398111,11333,,,,,,0,,0
10/19/20,VI,D,21,21,0,,,,,0,,,21517,0,,,,,,1335,,0,0,,,,,,1296,,0,22852,0,,,,,,0,22879,0
10/19/20,VT,B,58,58,0,,,,0,0,,,176133,1047,,,,,,1951,1944,8,0,,,,,,1696,,0,359928,4271,,,,,178077,1055,359928,4271
10/19/20,WA,B,2239,2239,0,,8018,8018,388,24,,72,2132584,15695,,,,,26,101517,99734,409,0,,,,,,,2230785,16225,2230785,16225,,,,,,0,,0
10/19/20,WI,A+,1617,1600,29,17,9319,9319,1172,292,1340,302,1703813,113244,,,,,,183142,173891,7915,0,,,,,,136910,2895243,20113,2895243,20113,,,,,1877704,120949,,0
10/19/20,WV,B,399,395,0,4,,,177,0,,67,667697,6906,,,,,26,20293,19328,212,0,,,,,,14799,,0,687990,7118,18733,,,,,0,687025,7092
10/19/20,WY,B,57,,0,,364,364,68,4,,,108754,0,,,230230,,,9311,7924,286,0,,,,,9921,6796,,0,240151,6226,,,,,116091,0,240151,6226
10/18/20,AK,A,67,67,0,,383,383,73,6,,,521690,2001,,,521666,,11,11021,,210,0,,,,,10729,6488,,0,532711,2211,,,,,,0,532711,2211
10/18/20,AL,A,2788,2620,0,168,18855,18855,823,0,1934,,1102369,4270,,,,1103,,172626,151527,964,0,,,,,,74238,,0,1253896,5101,,,61573,,1253896,5101,,0
10/18/20,AR,A+,1704,1552,20,152,6315,6315,565,37,,241,1122588,7773,,,1122588,769,96,99066,93356,644,0,,3300,,6308,,88450,,0,1215944,8302,,21856,,35634,,0,1215944,8302
10/18/20,AS,D,0,,0,,,,,0,,,1616,0,,,,,,0,0,0,0,,,,,,,,0,1616,0,,,,,,0,1616,0
10/18/20,AZ,A+,5827,5541,3,286,20640,20640,714,22,,176,1405061,9622,,,,,85,231149,225962,742,0,,,,,,38384,,0,2526396,12365,308189,,,,1631023,10320,2526396,12365
10/18/20,CA,B,16943,,44,,,,3020,0,,727,16024745,132489,,,,,,867317,867317,2862,0,,,,,,,,0,16892062,135351,,,,,,0,16892062,135351
10/18/20,CO,A,2176,1796,0,380,8227,8227,445,10,,,1000666,9258,164456,,,,,85302,79492,933,0,12531,,,,,7176,1689313,21260,1689313,21260,176987,,,,1080158,10181,,0
10/18/20,CT,B,4542,3641,0,901,12043,12043,184,0,,,1904803,0,,,,,,62830,60309,0,0,,,,,,9651,,0,1967633,0,,,,,,0,1965112,0
10/18/20,DC,A+,641,,0,,,,78,0,,20,450435,3801,,,,,8,16370,,36,0,,,,,,12801,466805,3837,466805,3837,,,,,240959,1124,,0
10/18/20,DE,A+,665,584,1,81,,,106,0,,21,304203,2676,,,,,,23093,21997,151,0,,,,,25347,12018,506571,5098,506571,5098,,,,,327296,2827,,0
10/18/20,FL,A,16168,,50,,47592,47592,2005,79,,,4967372,15753,487730,475588,7262384,,,745492,721118,2474,0,51923,,50676,,971097,,9095257,53114,9095257,53114,539844,,526404,,5689110,0,8277870,39555
10/18/20,GA,A,7638,,31,,30376,30376,1654,26,5663,,2957900,16616,,,,,,340558,340558,1174,0,27884,,,,318366,,,0,3298458,17790,319165,,,,,0,3298458,17790
10/18/20,GU,A,66,,2,,,,63,0,,13,55293,230,,,,,4,3675,3664,58,0,6,11,,,,2297,,0,58968,288,201,32,,,,0,58088,0
10/18/20,HI,B,186,,1,,1001,1001,96,13,,22,295153,0,,,,,15,14143,13949,96,0,,,,,13890,10995,473581,3897,473581,3897,,,,,308090,0,,0
10/18/20,IA,A+,1528,,1,,,,475,0,,108,730576,3795,,60388,,,45,101960,101960,857,0,,,3667,5161,,81811,,0,832536,4652,,,64094,65140,834160,4657,,0
10/18/20,ID,A,529,487,6,42,2193,2193,221,19,503,55,303558,1126,,,,,,52582,46754,878,0,,,,,,25679,,0,350312,1794,,,,,350312,1794,460230,2586
10/18/20,IL,A,9474,9214,22,260,,,2012,0,,408,6431505,75051,,,,,157,347635,344048,4245,0,,,,,,,,0,6779140,79296,,,,,,0,6775553,79296
10/18/20,IN,A+,3937,3704,19,233,14715,14715,1387,111,2907,403,1407855,7905,,,,,136,147582,,1605,0,,,,,144379,107148,,0,2512174,26668,,,,,1555437,9510,2512174,26668
10/18/20,KS,A+,859,,0,,3370,3370,456,0,933,123,518334,0,,,,284,47,70855,,0,0,,,,,,2379,,0,589189,0,,,,,589189,0,,0
10/18/20,KY,B,1317,1303,5,14,6592,6592,691,0,1629,185,1600733,0,,,,,,87607,74600,810,0,,,,,,17155,,0,1674648,0,80982,39004,,,,0,1674648,0
10/18/20,LA,A,5750,5550,23,200,,,550,0,,,2413729,25803,,,,,60,178869,175781,1143,0,,,,,,161792,,0,2592598,26946,,,,,,0,2589510,26946
10/18/20,MA,A+,9737,9517,14,220,13001,13001,483,11,,83,2373986,14844,,,,,32,143660,140647,730,0,,,,,183400,118892,,0,5168943,80146,,,124154,162157,2514633,15588,5168943,80146
10/18/20,MD,A,4037,3891,1,146,16435,16435,433,83,,115,1671005,11228,,129260,,,,135657,135657,530,0,,,12794,,163239,7890,,0,3079162,29528,,,142054,,1806662,11758,3079162,29528
10/18/20,ME,A+,146,145,0,1,468,468,11,1,,5,527776,0,9979,,526133,,1,5939,5309,26,0,344,,,,6563,5145,,0,533715,26,10353,,,,,0,533019,0
10/18/20,MI,A+,7317,6987,0,330,,,1000,0,,254,4111638,0,,,4111638,,94,159119,143106,0,0,,,,,197889,109539,,0,4270757,0,310344,,,,,0,4261714,0
10/18/20,MN,A,2234,2224,17,10,8866,8866,484,65,2405,126,1558506,17973,,,,,,122812,122524,1722,0,,,,,,108316,2489218,30947,2489218,30947,,20516,,,1681318,19967,,0
10/18/20,MO,B,2582,,2,,,,918,0,,,1229840,6105,79346,71709,2100802,,,156696,156696,1768,0,4983,5042,3618,,179986,,,0,2285067,18079,84527,25059,68797,14120,1386536,7873,2285067,18079
10/18/20,MP,D,2,2,0,,4,4,,0,,,15456,0,,,,,,86,86,0,0,,,,,,29,,0,15542,0,,,,,15533,0,19835,0
10/18/20,MS,A+,3171,2879,0,292,6237,6237,609,0,,140,729544,0,,,,,69,110006,98475,0,0,95,,,,,94165,,0,839550,0,41053,72982,,,,0,827497,0
10/18/20,MT,C,241,,1,,1010,1010,331,9,,,408313,2418,,,,,,22821,22821,588,0,,,,,,13441,,0,431134,3006,,,,,,0,431134,3006
10/18/20,NC,A+,3934,3887,5,47,,,1129,0,,310,3371230,32383,,,,,,246028,237805,2303,0,,,,,,206471,,0,3617258,34686,,15275,,,,0,3609035,34591
10/18/20,ND,B,409,,5,,1253,1253,210,11,277,35,238577,1166,9914,,,,,31886,31760,713,0,572,,,,,25922,733088,6901,733088,6901,10486,,,,270555,1883,762083,7314
10/18/20,NE,A,548,,1,,2650,2650,320,3,,,481793,3160,,,721983,,,57334,57334,620,0,,,,,68235,38629,,0,791630,7195,,,,,539442,3781,791630,7195
10/18/20,NH,B,467,,1,,761,761,17,0,246,,303670,1680,,,,,,9694,9694,69,0,,,,,,8256,,0,538613,15272,32583,,31764,,313364,1749,538613,15272
10/18/20,NJ,B,16211,14422,7,1789,24160,24160,732,0,,169,3917058,0,,,,,67,220013,220013,1275,0,,,,,,35889,,0,4137071,1275,,,,,,0,4135796,0
10/18/20,NM,B,934,,5,,3940,3940,171,29,,,1018103,7719,,,,,,36788,36788,445,0,,,,,,19894,,0,1054891,8164,,,,,,0,1054891,8164
10/18/20,NV,A+,1710,,3,,,,503,0,,139,669247,3665,,,,,60,90261,90261,609,0,,,,,,,1154653,4230,1154653,4230,,,,,759508,4274,1154583,0
10/18/20,NY,B,25644,,7,,89995,89995,913,0,,200,12415885,127373,,,,,102,484281,484281,1390,0,,,,,,78362,12900166,128763,12900166,128763,,,,,,0,,0
10/18/20,OH,A+,5067,4759,0,308,17061,17061,1097,52,3547,289,3718862,44688,,,,,133,181787,171245,1562,0,,,,,,150167,,0,3900649,46250,,,,,,0,3890107,46122
10/18/20,OK,A+,1171,,3,,7798,7798,792,28,,301,1327532,0,,,1327532,,,107299,107299,796,0,4635,,,,118537,91643,,0,1434831,796,85717,,,,,0,1448159,0
10/18/20,OR,A+,620,,0,,2886,2886,190,0,,44,745572,3245,,,1216298,,15,39532,36971,216,0,,,,,64476,5870,,0,1280774,8454,,,,,773225,0,1280774,8454
10/18/20,PA,A+,8492,,26,,,,841,0,,,2132651,12801,,,,,93,182212,175048,1269,0,,,,,,144754,,0,2314863,14070,,,,,2307699,13999,3562114,0
10/18/20,PR,B,766,583,5,183,,,292,0,,59,305972,0,,,303412,,39,28711,28711,418,0,28582,,,,7002,25870,,0,334683,418,,,,,,0,310546,0
10/18/20,RI,A+,1158,,0,,3050,3050,124,11,,16,369962,3166,,,936469,,4,28262,28262,284,0,,,,,38515,2546,974984,13977,974984,13977,,,,,398224,3450,,0
10/18/20,SC,A+,3650,3439,13,211,9939,9939,716,22,,186,1437273,15436,68524,,1388936,,97,163990,157394,776,0,8105,13785,,,205731,82119,,0,1601263,16212,76629,82974,,,,0,1594667,16175
10/18/20,SD,A,323,,8,,2119,2119,300,42,,,197778,1185,,,,,,33269,32339,658,0,,,,,,24934,,0,231047,1843,,,,,231047,1843,364409,4422
10/18/20,TN,A+,2909,2776,6,133,9577,9577,1105,22,,324,3112075,33081,,,3065776,,143,228744,217412,2605,0,,,,,263711,204726,,0,3340819,35686,,,,,,0,3329487,35431
10/18/20,TX,A,17014,,30,,,,4226,0,,1340,6755453,29143,,,,,,823779,823779,3216,0,42428,24447,,,902376,726231,,0,7579232,32359,450891,310816,,,,0,7579232,32359
10/18/20,UT,A+,543,,3,,4656,4656,307,46,1022,102,853851,5904,,,1151842,401,,94394,94394,1097,0,,3424,,3261,101141,70166,,0,1252983,9579,,59735,,28872,945066,7205,1252983,9579
10/18/20,VA,A+,3433,3186,11,247,11861,11861,972,30,,205,2230940,19628,,,,,95,166138,155838,900,0,,,,,185890,19034,2386778,20398,2386778,20398,,,,,,0,,0
10/18/20,VI,D,21,21,0,,,,,0,,,21517,342,,,,,,1335,,6,0,,,,,,1296,,0,22852,348,,,,,,0,22879,345
10/18/20,VT,B,58,58,0,,,,2,0,,,175086,1028,,,,,,1943,1936,11,0,,,,,,1689,,0,355657,5301,,,,,177022,1038,355657,5301
10/18/20,WA,B,2239,2239,0,,7994,7994,376,23,,91,2116889,19529,,,,,26,101108,99334,664,0,,,,,,,2214560,20306,2214560,20306,,,,,,0,,0
10/18/20,WI,A+,1588,1574,0,14,9027,9027,1090,0,1325,284,1590569,0,,,,,,175227,166186,0,0,,,,,,130231,2875130,26894,2875130,26894,,,,,1756755,0,,0
10/18/20,WV,B,399,395,0,4,,,173,0,,64,660791,8231,,,,,28,20081,19142,280,0,,,,,,14742,,0,680872,8511,18724,,,,,0,679933,8470
10/18/20,WY,B,57,,0,,360,360,51,2,,,108754,0,,,224580,,,9025,7673,209,0,,,,,9345,6627,,0,233925,797,,,,,116091,0,233925,797
10/17/20,AK,A,67,67,1,,377,377,68,4,,,519689,7626,,,519506,,9,10811,,210,0,,,,,10678,6448,,0,530500,7836,,,,,,0,530500,7836
10/17/20,AL,A,2788,2620,2,168,18855,18855,823,0,1933,,1098099,6641,,,,1102,,171662,150696,1288,0,,,,,,74238,,0,1248795,7613,,,61431,,1248795,7613,,0
10/17/20,AR,A+,1684,1533,19,151,6278,6278,573,35,,236,1114815,9034,,,1114815,766,92,98422,92827,883,0,,3300,,6192,,87920,,0,1207642,9744,,21856,,35396,,0,1207642,9744
10/17/20,AS,D,0,,0,,,,,0,,,1616,0,,,,,,0,0,0,0,,,,,,,,0,1616,0,,,,,,0,1616,0
10/17/20,AZ,A+,5824,5539,18,285,20618,20618,757,127,,174,1395439,10458,,,,,81,230407,225264,921,0,,,,,,38193,,0,2514031,20992,307425,,,,1620703,11323,2514031,20992
10/17/20,CA,B,16899,,69,,,,2995,0,,743,15892256,131776,,,,,,864455,864455,2979,0,,,,,,,,0,16756711,134755,,,,,,0,16756711,134755
10/17/20,CO,A,2176,1796,4,380,8217,8217,428,48,,,991408,9154,164003,,,,,84369,78569,1139,0,12492,,,,,7127,1668053,21496,1668053,21496,176495,,,,1069977,10146,,0
10/17/20,CT,B,4542,3641,0,901,12043,12043,184,0,,,1904803,0,,,,,,62830,60309,0,0,,,,,,9651,,0,1967633,0,,,,,,0,1965112,0
10/17/20,DC,A+,641,,0,,,,84,0,,23,446634,7102,,,,,8,16334,,79,0,,,,,,12793,462968,7181,462968,7181,,,,,239835,2161,,0
10/17/20,DE,A+,664,583,2,81,,,101,0,,26,301527,3109,,,,,,22942,21849,218,0,,,,,25217,11928,501473,6058,501473,6058,,,,,324469,3327,,0
10/17/20,FL,A,16118,,88,,47513,47513,2031,117,,,4951619,26371,487730,475588,7226175,,,743018,718916,3968,0,51923,,50676,,967848,,9042143,76807,9042143,76807,539844,,526404,,5689110,30330,8238315,58132
10/17/20,GA,A,7607,,51,,30350,30350,1622,133,5654,,2941284,24864,,,,,,339384,339384,1534,0,27746,,,,317180,,,0,3280668,26398,318261,,,,,0,3280668,26398
10/17/20,GU,A,64,,1,,,,67,0,,15,55063,479,,,,,4,3617,3606,79,0,6,11,,,,2297,,0,58680,558,201,32,,,,0,58088,0
10/17/20,HI,B,185,,1,,988,988,100,10,,25,295153,0,,,,,14,14047,13853,85,0,,,,,13794,10947,469684,3654,469684,3654,,,,,308090,0,,0
10/17/20,IA,A+,1527,,4,,,,461,0,,104,726781,3952,,60167,,,46,101103,101103,1157,0,,,3663,5158,,81502,,0,827884,5109,,,63869,65216,829503,5119,,0
10/17/20,ID,A,523,482,6,41,2174,2174,221,37,495,55,302432,2070,,,,,,51704,46086,1094,0,,,,,,25457,,0,348518,2933,,,,,348518,2933,457644,4943
10/17/20,IL,A,9452,9192,27,260,,,2073,0,,422,6356454,73860,,,,,165,343390,339803,3629,0,,,,,,,,0,6699844,77489,,,,,,0,6696257,77489
10/17/20,IN,A+,3918,3685,31,233,14604,14604,1358,131,2883,403,1399950,10496,,,,,136,145977,,2482,0,,,,,143090,106319,,0,2485506,34221,,,,,1545927,12978,2485506,34221
10/17/20,KS,A+,859,,0,,3370,3370,456,0,933,123,518334,0,,,,284,47,70855,,0,0,,,,,,2379,,0,589189,0,,,,,589189,0,,0
10/17/20,KY,B,1312,1298,12,14,6592,6592,691,47,1629,185,1600733,19810,,,,,,86797,73915,1291,0,,,,,,17155,,0,1674648,20801,80982,39004,,,,0,1674648,20801
10/17/20,LA,A,5727,5527,0,200,,,557,0,,,2387926,0,,,,,60,177726,174638,0,0,,,,,,161792,,0,2565652,0,,,,,,0,2562564,0
10/17/20,MA,A+,9723,9503,21,220,12990,12990,500,19,,88,2359142,11845,,,,,36,142930,139903,584,0,,,,,182472,118892,,0,5088797,75834,,,123968,161945,2499045,12395,5088797,75834
10/17/20,MD,A,4036,3891,4,145,16352,16352,422,64,,108,1659777,11649,,129260,,,,135127,135127,798,0,,,12794,,162576,7880,,0,3049634,36527,,,142054,,1794904,12447,3049634,36527
10/17/20,ME,A+,146,145,1,1,467,467,11,1,,5,527776,0,9979,,526133,,1,5913,5283,48,0,344,,,,6563,5112,,0,533689,48,10353,,,,,0,533019,0
10/17/20,MI,A+,7317,6987,0,330,,,1000,0,,254,4111638,45347,,,4111638,,94,159119,143106,0,0,,,,,197889,109539,,0,4270757,45347,310344,,,,,0,4261714,0
10/17/20,MN,A,2217,2208,5,9,8801,8801,484,83,2393,126,1540533,12974,,,,,,121090,120818,1694,0,,,,,,106774,2458271,27720,2458271,27720,,18861,,,1661351,14647,,0
10/17/20,MO,B,2580,,121,,,,1431,0,,,1223735,15043,79062,71709,2084659,,,154928,154928,2357,0,4929,4963,3618,,178082,,,0,2266988,44134,84189,24668,68599,13907,1378663,19417,2266988,44134
10/17/20,MP,D,2,2,0,,4,4,,0,,,15456,0,,,,,,86,86,6,0,,,,,,29,,0,15542,6,,,,,15533,0,19835,-1455
10/17/20,MS,A+,3171,2879,11,292,6237,6237,609,0,,140,729544,0,,,,,69,110006,98475,751,0,95,,,,,94165,,0,839550,751,41053,72982,,,,0,827497,0
10/17/20,MT,C,240,,5,,1001,1001,324,15,,,405895,2028,,,,,,22233,22233,638,0,,,,,,13395,,0,428128,2666,,,,,,0,428128,2666
10/17/20,NC,A+,3929,3882,19,47,,,1140,0,,316,3338847,40739,,,,,,243725,235597,2102,0,,,,,,206471,,0,3582572,42841,,14658,,,,0,3574444,42604
10/17/20,ND,B,404,,11,,1242,1242,217,21,274,39,237411,1065,9909,,,,,31173,31050,771,0,569,,,,,25492,726187,7170,726187,7170,10478,,,,268672,1809,754769,7530
10/17/20,NE,A,547,,12,,2647,2647,322,16,,,478633,4795,,,715487,,,56714,56714,1286,0,,,,,67543,38083,,0,784435,13928,,,,,535661,6080,784435,13928
10/17/20,NH,B,466,,1,,761,761,18,0,246,,301990,5689,,,,,,9625,9625,111,0,,,,,,8222,,0,523341,1,32487,,31731,,311615,5800,523341,1
10/17/20,NJ,B,16204,14415,2,1789,24160,24160,759,0,,179,3917058,33463,,,,,60,218738,218738,934,0,,,,,,35812,,0,4135796,34397,,,,,,0,4135796,34397
10/17/20,NM,B,929,,1,,3911,3911,173,50,,,1010384,10303,,,,,,36343,36343,573,0,,,,,,19853,,0,1046727,10876,,,,,,0,1046727,10876
10/17/20,NV,A+,1707,,0,,,,503,0,,139,665582,6596,,,,,60,89652,89652,967,0,,,,,,,1150423,8160,1150423,8160,,,,,755234,7563,1154583,0
10/17/20,NY,B,25637,,9,,89995,89995,929,0,,195,12288512,158188,,,,,103,482891,482891,1784,0,,,,,,78235,12771403,159972,12771403,159972,,,,,,0,,0
10/17/20,OH,A+,5067,4759,13,308,17009,17009,1079,99,3539,282,3674174,48678,,,,,127,180225,169811,2234,0,,,,,,149351,,0,3854399,50912,,,,,,0,3843985,50815
10/17/20,OK,A+,1168,,14,,7770,7770,792,169,,301,1327532,14692,,,1327532,,,106503,106503,1195,0,4635,,,,118537,90845,,0,1434035,15887,85717,,,,,0,1448159,15928
10/17/20,OR,A+,620,,3,,2886,2886,190,0,,44,742327,6073,,,1208130,,15,39316,36971,381,0,,,,,64190,5870,,0,1272320,11502,,,,,773225,0,1272320,11502
10/17/20,PA,A+,8466,,9,,,,847,0,,,2119850,16806,,,,,92,180943,173850,1857,0,,,,,,144754,,0,2300793,18663,,,,,2293700,18487,3562114,44427
10/17/20,PR,B,761,578,3,183,,,317,0,,56,305972,0,,,303412,,39,28293,28293,119,0,28357,,,,7002,25645,,0,334265,119,,,,,,0,310546,0
10/17/20,RI,A+,1158,,6,,3039,3039,125,24,,13,366796,4310,,,922827,,4,27978,27978,287,0,,,,,38180,2535,961007,25384,961007,25384,,,,,394774,4597,,0
10/17/20,SC,A+,3637,3427,22,210,9917,9917,759,63,,205,1421837,17773,68341,,1373750,,103,163214,156655,961,0,8057,13716,,,204742,81703,,0,1585051,18734,76398,82295,,,,0,1578492,18629
10/17/20,SD,A,315,,8,,2077,2077,295,33,,,196593,1408,,,,,,32611,31711,806,0,,,,,,24528,,0,229204,2214,,,,,229204,2214,359987,5883
10/17/20,TN,A+,2903,2770,32,133,9555,9555,1299,66,,364,3078994,27974,,,3033011,,171,226139,215062,2646,0,,,,,261045,203586,,0,3305133,30620,,,,,,0,3294056,30354
10/17/20,TX,A,16984,,81,,,,4275,0,,1348,6726310,61103,,,,,,820563,820563,4885,0,42170,24170,,,898621,723204,,0,7546873,65988,449341,308431,,,,0,7546873,65988
10/17/20,UT,A+,540,,3,,4610,4610,313,51,1016,96,847947,14476,,,1143332,401,,93297,93297,1340,0,,3387,,3227,100072,69110,,0,1243404,11802,,59052,,28590,937861,17073,1243404,11802
10/17/20,VA,A+,3422,3175,14,247,11831,11831,993,51,,219,2211312,18539,,,,,100,165238,155068,1114,0,,,,,184857,18996,2366380,19481,2366380,19481,,,,,,0,,0
10/17/20,VI,D,21,21,0,,,,,0,,,21175,0,,,,,,1329,,0,0,,,,,,1294,,0,22504,0,,,,,,0,22534,0
10/17/20,VT,B,58,58,0,,,,3,0,,,174058,677,,,,,,1932,1926,9,0,,,,,,1687,,0,350356,7915,,,,,175984,686,350356,7915
10/17/20,WA,B,2239,2239,7,,7971,7971,396,15,,82,2097360,24353,,,,,27,100444,98704,770,0,,,,,,,2194254,25062,2194254,25062,,,,,,0,,0
10/17/20,WI,A+,1588,1574,0,14,9027,9027,1068,0,1325,268,1590569,0,,,,,,175227,166186,0,0,,,,,,130231,2848236,32435,2848236,32435,,,,,1756755,0,,0
10/17/20,WV,B,399,395,3,4,,,180,0,,65,652560,4561,,,,,28,19801,18903,221,0,,,,,,14563,,0,672361,4782,18671,,,,,0,671463,4746
10/17/20,WY,B,57,,0,,358,358,51,-1,,,108754,0,,,223882,,,8816,7479,151,0,,,,,9246,6559,,0,233128,721,,,,,116091,0,233128,721
10/16/20,AK,A,66,66,1,,373,373,59,8,,,512063,2982,,,512012,,8,10601,,221,0,,,,,10337,6237,,0,522664,3203,,,,,,0,522664,3203
10/16/20,AL,A,2786,2618,30,168,18855,18855,859,220,1926,,1091458,6043,,,,1099,,170374,149724,1212,0,,,,,,74238,,0,1241182,7108,,,61222,,1241182,7108,,0
10/16/20,AR,A+,1665,1514,20,151,6243,6243,583,44,,238,1105781,11082,,,1105781,764,101,97539,92117,1015,0,,3300,,6008,,87256,,0,1197898,11896,,21856,,34343,,0,1197898,11896
10/16/20,AS,D,0,,0,,,,,0,,,1616,0,,,,,,0,0,0,0,,,,,,,,0,1616,0,,,,,,0,1616,0
10/16/20,AZ,A+,5806,5519,17,287,20491,20491,747,29,,167,1384981,7640,,,,,79,229486,224399,738,0,,,,,,37994,,0,2493039,21201,305662,,,,1609380,8347,2493039,21201
10/16/20,CA,B,16830,,73,,,,3035,0,,713,15760480,101069,,,,,,861476,861476,3075,0,,,,,,,,0,16621956,104144,,,,,,0,16621956,104144
10/16/20,CO,A,2172,1792,10,380,8169,8169,434,42,,,982254,8065,163468,,,,,83230,77577,1312,0,12432,,,,,7087,1646557,21030,1646557,21030,175900,,,,1059831,9265,,0
10/16/20,CT,B,4542,3641,2,901,12043,12043,184,0,,,1904803,32262,,,,,,62830,60309,802,0,,,,,,9651,,0,1967633,33064,,,,,,0,1965112,33048
10/16/20,DC,A+,641,,3,,,,86,0,,21,439532,5084,,,,,6,16255,,89,0,,,,,,12731,455787,5173,455787,5173,,,,,237674,1799,,0
10/16/20,DE,A+,662,581,1,81,,,104,0,,26,298418,2345,,,,,,22724,21635,164,0,,,,,25062,11818,495415,3199,495415,3199,,,,,321142,2509,,0
10/16/20,FL,A,16030,,98,,47396,47396,2083,173,,,4925248,26715,487730,475588,7173295,,,739050,715492,3365,0,51923,,50676,,962813,,8965336,77646,8965336,77646,539844,,526404,,5658780,30105,8180183,50288
10/16/20,GA,A,7556,,64,,30217,30217,1668,136,5614,,2916420,22880,,,,,,337850,337850,1609,0,27535,,,,315665,,,0,3254270,24489,317061,,,,,0,3254270,24489
10/16/20,GU,A,63,,1,,,,67,0,,15,54584,546,,,,,4,3538,3527,111,0,6,11,,,,2297,,0,58122,657,201,32,,,,0,58088,655
10/16/20,HI,B,184,,1,,978,978,103,17,,23,295153,0,,,,,5,13962,13764,90,0,,,,,13703,10915,466030,3489,466030,3489,,,,,308090,0,,0
10/16/20,IA,A+,1523,,17,,,,468,0,,105,722829,-14060,,59835,,,48,99946,99946,1229,0,,,3654,5026,,80560,,0,822775,-12831,,,63528,63948,824384,-12831,,0
10/16/20,ID,A,517,476,1,41,2137,2137,219,15,494,56,300362,2143,,,,,,50610,45223,718,0,,,,,,25214,,0,345585,2715,,,,,345585,2715,452701,452701
10/16/20,IL,A,9425,9165,52,260,,,2016,0,,410,6282594,83205,,,,,151,339761,336174,5103,0,,,,,,,,0,6622355,88308,,,,,,0,6618768,87759
10/16/20,IN,A+,3887,3654,23,233,14473,14473,1311,120,2867,379,1389454,9264,,,,,136,143495,,2283,0,,,,,140959,106319,,0,2451285,1006,,,,,1532949,11547,2451285,1006
10/16/20,KS,A+,859,,21,,3370,3370,456,61,933,123,518334,7662,,,,284,47,70855,,1700,0,,,,,,2379,,0,589189,9362,,,,,589189,9362,,0
10/16/20,KY,B,1300,1286,4,14,6545,6545,667,39,1622,187,1580923,19739,,,,,,85506,72924,1311,0,,,,,,17018,,0,1653847,20767,80845,38657,,,,0,1653847,20767
10/16/20,LA,A,5727,5527,20,200,,,557,0,,,2387926,18871,,,,,60,177726,174638,774,0,,,,,,161792,,0,2565652,19645,,,,,,0,2562564,19645
10/16/20,MA,A+,9702,9482,30,220,12971,12971,513,25,,77,2347297,14260,,,,,33,142346,139353,767,0,,,,,181769,118892,,0,5012963,57641,,,123893,160204,2486650,14962,5012963,57641
10/16/20,MD,A,4032,3887,4,145,16288,16288,416,33,,111,1648128,10841,,129260,,,,134329,134329,781,0,,,12794,,161583,7869,,0,3013107,27647,,,142054,,1782457,11622,3013107,27647
10/16/20,ME,A+,145,144,1,1,466,466,11,2,,5,527776,7545,9979,,526133,,1,5865,5243,29,0,344,,,,6563,5099,,0,533641,7574,10353,,,,,0,533019,7582
10/16/20,MI,A+,7317,6987,15,330,,,1000,0,,254,4066291,51215,,,4066291,,94,159119,143106,2206,0,,,,,195423,104271,,0,4225410,53421,310344,,,,,0,4261714,53356
10/16/20,MN,A,2212,2203,13,9,8718,8718,484,66,2375,126,1527559,21148,,,,,,119396,119145,2290,0,,,,,,105120,2430551,43703,2430551,43703,,17764,,,1646704,23428,,0
10/16/20,MO,B,2459,,17,,,,1443,0,,,1208692,0,78502,71709,2045374,,,152571,152571,2017,0,4830,4696,3618,,173299,,,0,2222854,0,83529,23021,68258,13340,1359246,0,2222854,0
10/16/20,MP,D,2,2,0,,4,4,,0,,,15456,0,,,,,,80,80,3,0,,,,,,29,,0,15536,3,,,,,15533,0,21290,0
10/16/20,MS,A+,3160,2869,8,291,6237,6237,596,0,,146,729544,24889,,,,,75,109255,97953,1116,0,95,,,,,94165,,0,838799,26005,41053,72982,,,,0,827497,30529
10/16/20,MT,C,235,,5,,986,986,319,27,,,403867,4968,,,,,,21595,21595,662,0,,,,,,13212,,0,425462,5630,,,,,,0,425462,5630
10/16/20,NC,A+,3910,3864,36,46,,,1148,0,,299,3298108,36284,,,,,,241623,233732,2684,0,,,,,,206471,,0,3539731,38968,,13588,,,,0,3531840,38654
10/16/20,ND,B,393,,18,,1221,1221,217,29,271,39,236346,1238,9887,,,,,30402,30302,880,0,563,,,,,24882,719017,8751,719017,8751,10450,,,,266863,2102,747239,9219
10/16/20,NE,A,535,,5,,2631,2631,323,38,,,473838,4528,,,703017,,,55428,55428,961,0,,,,,66100,37653,,0,770507,14047,,,,,529581,5487,770507,14047
10/16/20,NH,B,465,,2,,761,761,16,0,246,,296301,2151,,,,,,9514,9514,88,0,,,,,,8155,,0,523340,5196,32487,,31675,,305815,2239,523340,5196
10/16/20,NJ,B,16202,14413,5,1789,24160,24160,728,68,,178,3883595,30232,,,,,60,217804,217804,810,0,,,,,,35753,,0,4101399,31042,,,,,,0,4101399,31042
10/16/20,NM,B,928,,6,,3861,3861,168,42,,,1000081,7647,,,,,,35770,35770,812,0,,,,,,19613,,0,1035851,8459,,,,,,0,1035851,8459
10/16/20,NV,A+,1707,,9,,,,469,0,,142,658986,1611,,,,,60,88685,88685,716,0,,,,,,,1142263,8475,1142263,8475,,,,,747671,2327,1154583,0
10/16/20,NY,B,25628,,10,,89995,89995,918,0,,200,12130324,134332,,,,,97,481107,481107,1707,0,,,,,,78117,12611431,136039,12611431,136039,,,,,,0,,0
10/16/20,OH,A+,5054,4746,16,308,16910,16910,1084,86,3522,279,3625496,40360,,,,,134,177991,167674,2148,0,,,,,,148284,,0,3803487,42508,,,,,,0,3793170,42407
10/16/20,OK,A+,1154,,11,,7601,7601,793,0,,291,1312840,17908,,,1312840,,,105308,105308,1472,0,4411,,,,117116,89815,,0,1418148,19380,83562,,,,,0,1432231,19474
10/16/20,OR,A+,617,,6,,2886,2886,190,18,,44,736254,5503,,,1196961,,15,38935,36971,410,0,,,,,63857,5870,,0,1260818,14156,,,,,773225,5889,1260818,14156
10/16/20,PA,A+,8457,,25,,,,830,0,,,2103044,13847,,,,,80,179086,172169,1566,0,,,,,,143268,,0,2282130,15413,,,,,2275213,15222,3517687,35611
10/16/20,PR,B,758,575,15,183,,,341,0,,64,305972,0,,,303412,,35,28174,28174,227,0,28238,,,,7002,25298,,0,334146,227,,,,,,0,310546,0
10/16/20,RI,A+,1152,,3,,3015,3015,137,16,,14,362486,3148,,,897780,,5,27691,27691,253,0,,,,,37843,2501,935623,8439,935623,8439,,,,,390177,3401,,0
10/16/20,SC,A+,3615,3405,8,210,9854,9854,769,56,,206,1404064,18562,68013,,1356282,,98,162253,155799,1147,0,7925,13448,,,203581,81106,,0,1566317,19709,75938,79570,,,,0,1559863,19492
10/16/20,SD,A,307,,3,,2044,2044,299,44,,,195185,1958,,,,,,31805,30940,793,0,,,,,,24186,,0,226990,2751,,,,,226990,2751,354104,6888
10/16/20,TN,A+,2871,2738,7,133,9489,9489,1281,73,,361,3051020,5184,,,3005275,,154,223493,212682,666,0,,,,,258427,201831,,0,3274513,5850,,,,,,0,3263702,5750
10/16/20,TX,A,16903,,91,,,,4248,0,,1290,6665207,62512,,,,,,815678,815678,5870,0,41811,23677,,,892654,719478,,0,7480885,68382,447010,302744,,,,0,7480885,68382
10/16/20,UT,A+,537,,8,,4559,4559,304,48,1007,96,833471,0,,,1132959,400,,91957,91957,1496,0,,3312,,3157,98643,68092,,0,1231602,12129,,56742,,27965,920788,0,1231602,12129
10/16/20,VA,A+,3408,3161,20,247,11780,11780,1002,76,,222,2192773,19088,,,,,104,164124,154126,1183,0,,,,,183829,18911,2346899,20097,2346899,20097,,,,,,0,,0
10/16/20,VI,D,21,21,1,,,,,0,,,21175,137,,,,,,1329,,2,0,,,,,,1294,,0,22504,139,,,,,,0,22534,138
10/16/20,VT,B,58,58,0,,,,1,0,,,173381,820,,,,,,1923,1917,13,0,,,,,,1687,,0,342441,1866,,,,,175298,833,342441,1866
10/16/20,WA,B,2232,2232,11,,7956,7956,376,73,,77,2073007,22007,,,,,18,99674,97960,771,0,,,,,,,2169192,22683,2169192,22683,,,,,,0,,0
10/16/20,WI,A+,1588,1574,23,14,9027,9027,1101,135,1325,274,1590569,10725,,,,,,175227,166186,4105,0,,,,,,130231,2815801,35157,2815801,35157,,,,,1756755,14586,,0
10/16/20,WV,B,396,392,3,4,,,188,0,,70,647999,10667,,,,,31,19580,18718,498,0,,,,,,14269,,0,667579,11165,18627,,,,,0,666717,11025
10/16/20,WY,B,57,,0,,359,359,51,5,,,108754,740,,,223260,,,8665,7337,290,0,,,,,9147,6494,,0,232407,3328,,,,,116091,988,232407,3328
10/15/20,AK,A,65,65,1,,365,365,60,9,,,509081,2118,,,508970,,7,10380,,166,0,,,,,10178,6066,,0,519461,2284,,,,,,0,519461,2284
10/15/20,AL,A,2756,2590,50,166,18635,18635,844,0,1914,,1085415,6939,,,,1091,,169162,148659,1185,0,,,,,,74238,,0,1234074,7853,,,60916,,1234074,7853,,0
10/15/20,AR,A+,1645,1494,11,151,6199,6199,587,51,,236,1094699,11592,,,1094699,760,103,96524,91303,1278,0,,3300,,5789,,86447,,0,1186002,12660,,21856,,32741,,0,1186002,12660
10/15/20,AS,D,0,,0,,,,,0,,,1616,0,,,,,,0,0,0,0,,,,,,,,0,1616,0,,,,,,0,1616,0
10/15/20,AZ,A+,5789,5502,17,287,20462,20462,726,96,,173,1377341,10731,,,,,75,228748,223692,1113,0,,,,,,37782,,0,2471838,24411,304875,,,,1601033,11831,2471838,24411
10/15/20,CA,B,16757,,118,,,,3078,0,,706,15659411,88996,,,,,,858401,858401,3329,0,,,,,,,,0,16517812,92325,,,,,,0,16517812,92325
10/15/20,CO,A,2162,1783,2,379,8127,8127,420,59,,,974189,9699,163043,,,,,81918,76377,1141,0,12385,,,,,7034,1625527,22571,1625527,22571,175428,,,,1050566,10791,,0
10/15/20,CT,B,4540,3640,3,900,12043,12043,191,198,,,1872541,15678,,,,,,62028,59523,167,0,,,,,,9651,,0,1934569,15845,,,,,,0,1932064,15817
10/15/20,DC,A+,638,,0,,,,88,0,,22,434448,2318,,,,,10,16166,,34,0,,,,,,12681,450614,2352,450614,2352,,,,,235875,612,,0
10/15/20,DE,A+,661,580,1,81,,,111,0,,28,296073,1715,,,,,,22560,21473,95,0,,,,,24954,11724,492216,1608,492216,1608,,,,,318633,1810,,0
10/15/20,FL,A,15932,,144,,47223,47223,2119,212,,,4898533,24918,487730,475588,7127425,,,735685,712788,3286,0,51923,,50676,,958498,,8887690,63585,8887690,63585,539844,,526404,,5628675,28206,8129895,46803
10/15/20,GA,A,7492,,22,,30081,30081,1682,163,5580,,2893540,23833,,,,,,336241,336241,1640,0,27277,,,,314154,,,0,3229781,25483,315202,,,,,0,3229781,25483
10/15/20,GU,A,62,,1,,,,72,0,,19,54038,485,,,,,4,3427,3417,86,0,6,10,,,,2294,,0,57465,571,199,30,,,,0,57433,568
10/15/20,HI,B,183,,10,,961,961,105,10,,27,295153,0,,,,,9,13872,13674,99,0,,,,,13613,10883,462541,4069,462541,4069,,,,,308090,0,,0
10/15/20,IA,A+,1506,,9,,,,482,0,,107,736889,5020,,59547,,,49,98717,98717,1333,0,,,3638,4921,,80203,,0,835606,6353,,,63224,44640,837215,6354,,0
10/15/20,ID,A,516,475,4,41,2122,2122,219,36,492,56,298219,1603,,,,,,49892,44651,645,0,,,,,,24983,,0,342870,2094,,,,,342870,2094,,0
10/15/20,IL,A,9373,9127,53,246,,,1932,0,,388,6199389,63071,,,,,147,334658,331620,4015,0,,,,,,,,0,6534047,67086,,,,,,0,6531009,67086
10/15/20,IN,A+,3864,3632,28,232,14353,14353,1355,125,2845,377,1380190,8399,,,,,132,141212,,1943,0,,,,,140901,105594,,0,2450279,7707,,,,,1521402,10342,2450279,7707
10/15/20,KS,A+,838,,0,,3309,3309,488,0,913,128,510672,0,,,,280,42,69155,,0,0,,,,,,2340,,0,579827,0,,,,,579827,0,,0
10/15/20,KY,B,1296,1282,20,14,6506,6506,738,27,1616,192,1561184,30356,,,,,,84195,71896,1182,0,,,,,,16928,,0,1633080,31193,80048,38136,,,,0,1633080,31193
10/15/20,LA,A,5707,5507,12,200,,,566,0,,,2369055,25541,,,,,61,176952,173864,743,0,,,,,,161792,,0,2546007,26284,,,,,,0,2542919,26284
10/15/20,MA,A+,9672,9452,25,220,12946,12946,503,13,,92,2333037,14169,,,,,34,141579,138651,587,0,,,,,180913,118892,,0,4955322,59123,,,123572,157165,2471688,14737,4955322,59123
10/15/20,MD,A,4028,3883,6,145,16255,16255,412,40,,109,1637287,9551,,129260,,,,133548,133548,630,0,,,12794,,160667,7851,,0,2985460,28636,,,142054,,1770835,10181,2985460,28636
10/15/20,ME,A+,144,143,1,1,464,464,11,1,,5,520231,5645,9979,,518593,,1,5836,5206,20,0,344,,,,6523,5070,,0,526067,5665,10335,,,,,0,525437,5660
10/15/20,MI,A+,7302,6973,34,329,,,1000,0,,254,4015076,40119,,,4015076,,95,156913,141091,2458,0,,,,,193282,104271,,0,4171989,42577,309383,,,,,0,4208358,42122
10/15/20,MN,A,2199,2192,19,7,8652,8652,445,67,2362,115,1506411,8943,,,,,,117106,116865,1163,0,,,,,,104547,2386848,19504,2386848,19504,,16963,,,1623276,10045,,0
10/15/20,MO,B,2442,,22,,,,1443,0,,,1208692,5210,78502,71709,2045374,,,150554,150554,1875,0,4830,4696,3618,,173299,,,0,2222854,16480,83529,23021,68258,13340,1359246,7085,2222854,16480
10/15/20,MP,D,2,2,0,,4,4,,0,,,15456,0,,,,,,77,77,0,0,,,,,,29,,0,15533,0,,,,,15533,0,21290,0
10/15/20,MS,A+,3152,2864,12,288,6237,6237,598,0,,138,704655,0,,,,,69,108139,97236,1322,0,95,,,,,94165,,0,812794,1322,40048,66989,,,,0,796968,0
10/15/20,MT,C,230,,5,,959,959,301,39,,,398899,4530,,,,,,20933,20933,723,0,,,,,,12854,,0,419832,5253,,,,,,0,419832,5253
10/15/20,NC,A+,3874,3831,18,43,,,1140,0,,296,3261824,30996,,,,,,238939,231362,2532,0,,,,,,206471,,0,3500763,33528,,12872,,,,0,3493186,33243
10/15/20,ND,B,375,,5,,1192,1192,207,33,268,38,235108,822,9771,,,,,29522,29438,696,0,527,,,,,24336,710266,6732,710266,6732,10298,,,,264761,1528,738020,7118
10/15/20,NE,A,530,,3,,2593,2593,311,38,,,469310,3442,,,690063,,,54467,54467,924,0,,,,,65022,37122,,0,756460,12277,,,,,524094,4368,756460,12277
10/15/20,NH,B,463,,5,,761,761,18,1,245,,294150,1880,,,,,,9426,9426,77,0,,,,,,8134,,0,518144,4692,32460,,31654,,303576,1957,518144,4692
10/15/20,NJ,B,16197,14408,6,1789,24092,24092,733,115,,178,3853363,32519,,,,,60,216994,216994,971,0,,,,,,35654,,0,4070357,33490,,,,,,0,4070357,33490
10/15/20,NM,B,922,,1,,3819,3819,150,30,,,992434,7695,,,,,,34958,34958,668,0,,,,,,19457,,0,1027392,8363,,,,,,0,1027392,8363
10/15/20,NV,A+,1698,,7,,,,486,0,,142,657375,-2729,,,,,63,87969,87969,655,0,,,,,,,1133788,9280,1133788,9280,,,,,745344,-466,1154583,0
10/15/20,NY,B,25618,,13,,89995,89995,897,0,,197,11995992,131752,,,,,95,479400,479400,1460,0,,,,,,78006,12475392,133212,12475392,133212,,,,,,0,,0
10/15/20,OH,A+,5038,4730,5,308,16824,16824,1041,108,3507,266,3585136,32149,,,,,134,175843,165627,2178,0,,,,,,147063,,0,3760979,34327,,,,,,0,3750763,34218
10/15/20,OK,A+,1143,,11,,7601,7601,781,72,,293,1294932,11878,,,1294932,,,103836,103836,1221,0,4411,,,,115879,88780,,0,1398768,13099,83562,,,,,0,1412757,13372
10/15/20,OR,A+,611,,3,,2868,2868,199,20,,49,730751,7359,,,1183240,,16,38525,36585,365,0,,,,,63422,5870,,0,1246662,16785,,,,,767336,7702,1246662,16785
10/15/20,PA,A+,8432,,21,,,,799,0,,,2089197,14468,,,,,94,177520,170794,1598,0,,,,,,142016,,0,2266717,16066,,,,,2259991,15912,3482076,34781
10/15/20,PR,B,743,562,1,181,,,354,0,,62,305972,0,,,303412,,37,27947,27947,318,0,28138,,,,7002,25071,,0,333919,318,,,,,,0,310546,0
10/15/20,RI,A+,1149,,2,,2999,2999,129,15,,12,359338,3439,,,889584,,5,27438,27438,274,0,,,,,37600,2493,927184,14925,927184,14925,,,,,386776,3713,,0
10/15/20,SC,A+,3607,3400,14,207,9798,9798,762,63,,204,1385502,18746,67652,,1338036,,94,161106,154869,1297,0,7857,13214,,,202335,80460,,0,1546608,20043,75509,76551,,,,0,1540371,19886
10/15/20,SD,A,304,,13,,2000,2000,304,37,,,193227,1121,,,,,,31012,30220,797,0,,,,,,23576,,0,224239,1918,,,,,224239,1918,347216,4254
10/15/20,TN,A+,2864,2731,36,133,9416,9416,1331,45,,378,3045836,22553,,,3000124,,173,222827,212116,2289,0,,,,,257828,200164,,0,3268663,24842,,,,,,0,3257952,24653
10/15/20,TX,A,16812,,95,,,,4263,0,,1290,6602695,65656,,,,,,809808,809808,4726,0,41396,23217,,,886489,716015,,0,7412503,70382,444135,295383,,,,0,7412503,70382
10/15/20,UT,A+,529,,2,,4511,4511,277,51,1001,99,833471,5413,,,1122108,400,,90461,90461,1498,0,,3192,,3039,97365,66683,,0,1219473,13307,,54484,,27214,920788,6648,1219473,13307
10/15/20,VA,A+,3388,3149,7,239,11704,11704,1009,76,,220,2173685,21355,,,,,104,162941,153117,1331,0,,,,,182743,18831,2326802,22433,2326802,22433,,,,,,0,,0
10/15/20,VI,D,20,20,0,,,,,0,,,21038,179,,,,,,1327,,-1,0,,,,,,1292,,0,22365,178,,,,,,0,22396,178
10/15/20,VT,B,58,58,0,,,,6,0,,,172561,1027,,,,,,1910,1904,16,0,,,,,,1685,,0,340575,5127,,,,,174465,1042,340575,5127
10/15/20,WA,B,2221,2221,10,,7883,7883,373,9,,82,2051000,21867,,,,,25,98903,97214,768,0,,,,,,,2146509,22601,2146509,22601,,,,,,0,,0
10/15/20,WI,A+,1565,1553,18,12,8892,8892,1043,138,1308,264,1579844,11455,,,,,,171122,162325,4040,0,,,,,,127576,2780644,33859,2780644,33859,,,,,1742169,15202,,0
10/15/20,WV,B,393,389,2,4,,,180,0,,60,637332,6685,,,,,31,19082,18360,264,0,,,,,,14066,,0,656414,6949,18434,,,,,0,655692,6921
10/15/20,WY,B,57,,0,,354,354,51,2,,,108014,5165,,,220248,,,8375,7089,198,0,,,,,8831,6360,,0,229079,3561,,,,,115103,5340,229079,3561
10/14/20,AK,A,64,64,4,,356,356,56,1,,,506963,2233,,,506755,,7,10214,,155,0,,,,,10109,5950,,0,517177,2388,,,,,,0,517177,2388
10/14/20,AL,A,2706,2549,41,157,18635,18635,834,195,1907,,1078476,4352,,,,1085,,167977,147745,784,0,,,,,,74238,,0,1226221,5014,,,60687,,1226221,5014,,0
10/14/20,AR,A+,1634,1484,23,150,6148,6148,582,79,,241,1083107,9793,,,1083107,755,112,95246,90235,1079,0,,3300,,5537,,85597,,0,1173342,10677,,21856,,31294,,0,1173342,10677
10/14/20,AS,D,0,,0,,,,,0,,,1616,0,,,,,,0,0,0,0,,,,,,,,0,1616,0,,,,,,0,1616,0
10/14/20,AZ,A+,5772,5485,5,287,20366,20366,711,54,,163,1366610,7263,,,,,85,227635,222592,901,0,,,,,,37586,,0,2447427,22286,303875,,,,1589202,8051,2447427,22286
10/14/20,CA,B,16639,,58,,,,3126,0,,753,15570415,89104,,,,,,855072,855072,2666,0,,,,,,,,0,16425487,91770,,,,,,0,16425487,91770
10/14/20,CO,A,2160,1781,7,379,8068,8068,405,65,,,964490,6600,162573,,,,,80777,75285,692,0,12345,,,,,6968,1602956,14324,1602956,14324,174918,,,,1039775,7230,,0
10/14/20,CT,B,4537,3637,4,900,11845,11845,188,0,,,1856863,8212,,,,,,61861,59384,164,0,,,,,,9522,,0,1918724,8376,,,,,,0,1916247,8359
10/14/20,DC,A+,638,,1,,,,86,0,,24,432130,5117,,,,,7,16132,,64,0,,,,,,12627,448262,5181,448262,5181,,,,,235263,1813,,0
10/14/20,DE,A+,660,580,1,80,,,116,0,,22,294358,1000,,,,,,22465,21380,71,0,,,,,24902,11665,490608,3707,490608,3707,,,,,316823,1071,,0
10/14/20,FL,A,15788,,66,,47011,47011,2155,258,,,4873615,18940,487730,475588,7084988,,,732399,710164,2808,0,51923,,50676,,954232,,8824105,52615,8824105,52615,539844,,526404,,5600469,21738,8083092,40330
10/14/20,GA,A,7470,,16,,29918,29918,1705,156,5546,,2869707,22463,,,,,,334601,334601,1297,0,27039,,,,312932,,,0,3204298,23760,313858,,,,,0,3204298,23760
10/14/20,GU,A,61,,0,,,,62,0,,14,53553,451,,,,,4,3341,3331,75,0,5,10,,,,2295,,0,56894,526,198,27,,,,0,56865,522
10/14/20,HI,B,173,,4,,951,951,109,12,,26,295153,0,,,,,14,13773,13575,61,0,,,,,13520,10834,458472,2354,458472,2354,,,,,308090,0,,0
10/14/20,IA,A+,1497,,12,,,,473,0,,106,731869,3338,,59226,,,46,97384,97384,1046,0,,,3612,4722,,79121,,0,829253,4384,,,62877,43301,830861,4379,,0
10/14/20,ID,A,512,471,2,41,2086,2086,187,28,487,54,296616,2276,,,,,,49247,44160,584,0,,,,,,24699,,0,340776,2776,,,,,340776,2776,,0
10/14/20,IL,A,9320,9074,48,246,,,1974,0,,390,6136318,49807,,,,,153,330643,327605,2862,0,,,,,,,,0,6466961,52669,,,,,,0,6463923,52669
10/14/20,IN,A+,3836,3609,14,227,14228,14228,1357,113,2818,396,1371791,5972,,,,,125,139269,,1165,0,,,,,140388,104647,,0,2442572,21445,,,,,1511060,7137,2442572,21445
10/14/20,KS,A+,838,,67,,3309,3309,488,70,913,128,510672,6453,,,,280,42,69155,,1293,0,,,,,,2340,,0,579827,7746,,,,,579827,7746,,0
10/14/20,KY,B,1276,1262,7,14,6479,6479,711,220,1606,185,1530828,9903,,,,,,83013,71059,1322,0,,,,,,16756,,0,1601887,10882,79394,37340,,,,0,1601887,10882
10/14/20,LA,A,5695,5495,16,200,,,582,0,,,2343514,5996,,,,,64,176209,173121,880,0,,,,,,161792,,0,2519723,6876,,,,,,0,2516635,6316
10/14/20,MA,A+,9647,9429,17,218,12933,12933,499,34,,88,2318868,12539,,,,,28,140992,138083,580,0,,,,,180226,118892,,0,4896199,38684,,,123336,156556,2456951,13057,4896199,38684
10/14/20,MD,A,4022,3877,10,145,16215,16215,417,65,,113,1627736,8770,,129260,,,,132918,132918,575,0,,,12794,,159744,7812,,0,2956824,21891,,,142054,,1760654,9345,2956824,21891
10/14/20,ME,A+,143,142,0,1,463,463,8,0,,3,514586,6088,10149,,512968,,0,5816,5191,36,0,349,,,,6492,5052,,0,520402,6124,10510,,,,,0,519777,6119
10/14/20,MI,A+,7268,6941,13,327,,,899,0,,230,3974957,28260,,,3974957,,95,154455,139061,1593,0,,,,,191279,104271,,0,4129412,29853,308581,,,,,0,4166236,29588
10/14/20,MN,A,2180,2174,-24,6,8585,8585,487,85,2346,134,1497468,11181,,,,,,115943,115763,1369,0,,,,,,103830,2367344,12220,2367344,12220,,16183,,,1613231,12370,,0
10/14/20,MO,B,2420,,-2,,,,1413,0,,,1203482,-99955,78204,71709,2030924,,,148679,148679,4449,0,4773,4545,3618,,171289,,,0,2206374,130675,83174,22504,68054,13050,1352161,-95506,2206374,130675
10/14/20,MP,D,2,2,0,,4,4,,0,,,15456,335,,,,,,77,77,0,0,,,,,,29,,0,15533,335,,,,,15533,337,21290,1455
10/14/20,MS,A+,3140,2855,25,285,6237,6237,633,0,,143,704655,0,,,,,72,106817,96505,876,0,95,,,,,94165,,0,811472,876,40048,66989,,,,0,796968,0
10/14/20,MT,C,225,,8,,920,920,292,9,,,394369,4329,,,,,,20210,20210,599,0,,,,,,12068,,0,414579,4928,,,,,,0,414579,4928
10/14/20,NC,A+,3856,3813,40,43,,,1152,0,,300,3230828,20726,,,,,,236407,229115,1926,0,,,,,,206471,,0,3467235,22652,,11616,,,,0,3459943,22345
10/14/20,ND,B,370,,8,,1159,1159,206,33,262,39,234286,786,9740,,,,,28826,28750,663,0,513,,,,,23823,703534,7466,703534,7466,10253,,,,263233,1488,730902,7800
10/14/20,NE,A,527,,5,,2555,2555,315,12,,,465868,3214,,,678890,,,53543,53543,704,0,,,,,63929,36950,,0,744183,9491,,,,,519726,3921,744183,9491
10/14/20,NH,B,458,,2,,760,760,19,2,245,,292270,3699,,,,,,9349,9349,70,0,,,,,,8068,,0,513452,5373,32424,,31619,,301619,3769,513452,5373
10/14/20,NJ,B,16191,14402,9,1789,23977,23977,699,0,,168,3820844,63344,,,,,58,216023,216023,938,0,,,,,,35580,,0,4036867,64282,,,,,,0,4036867,65270
10/14/20,NM,B,921,,3,,3789,3789,145,31,,,984739,7132,,,,,,34290,34290,577,0,,,,,,19127,,0,1019029,7709,,,,,,0,1019029,7709
10/14/20,NV,A+,1691,,17,,,,519,0,,133,660104,3262,,,,,64,87314,87314,479,0,,,,,,,1124508,9592,1124508,9592,,,,,745810,3879,1154583,7220
10/14/20,NY,B,25605,,7,,89995,89995,938,0,,201,11864240,110512,,,,,100,477940,477940,1232,0,,,,,,77870,12342180,111744,12342180,111744,,,,,,0,,0
10/14/20,OH,A+,5033,4725,16,308,16716,16716,1042,151,3464,268,3552987,25872,,,,,140,173665,163558,2039,0,,,,,,145969,,0,3726652,27911,,,,,,0,3716545,27752
10/14/20,OK,A+,1132,,13,,7529,7529,749,264,,289,1283054,10831,,,1283054,,,102615,102615,1122,0,4411,,,,114382,87575,,0,1385669,11953,83562,,,,,0,1399385,11957
10/14/20,OR,A+,608,,3,,2848,2848,202,31,,50,723392,9895,,,1167008,,20,38160,36242,380,0,,,,,62869,5870,,0,1229877,11283,,,,,759634,10259,1229877,11283
10/14/20,PA,A+,8411,,27,,,,749,0,,,2074729,14636,,,,,91,175922,169350,1276,0,,,,,,140737,,0,2250651,15912,,,,,2244079,15733,3447295,30419
10/14/20,PR,B,742,561,4,181,,,343,0,,53,305972,0,,,303412,,37,27629,27629,490,0,27887,,,,7002,24788,,0,333601,490,,,,,,0,310546,0
10/14/20,RI,A+,1147,,8,,2984,2984,131,23,,13,355899,2165,,,874953,,4,27164,27164,204,0,,,,,37306,2481,912259,6610,912259,6610,,,,,383063,2369,,0
10/14/20,SC,A+,3593,3387,17,206,9735,9735,792,81,,204,1366756,14158,67368,,1319612,,91,159809,153729,926,0,7789,12919,,,200873,79781,,0,1526565,15084,75157,73783,,,,0,1520485,14924
10/14/20,SD,A,291,,3,,1963,1963,303,52,,,192106,1043,,,,,,30215,29520,876,0,,,,,,23320,,0,222321,1919,,,,,222321,1919,342962,4245
10/14/20,TN,A+,2828,2698,31,130,9371,9371,1301,62,,354,3023283,16488,,,2977826,,161,220538,210016,1709,0,,,,,255473,198465,,0,3243821,18197,,,,,,0,3233299,17898
10/14/20,TX,A,16717,,95,,,,4131,0,,1237,6537039,71253,,,,,,805082,805082,4826,0,40963,22707,,,879936,711438,,0,7342121,76079,440413,288410,,,,0,7342121,76079
10/14/20,UT,A+,527,,5,,4460,4460,269,77,991,97,828058,6753,,,1110397,396,,88963,88963,1144,0,,3116,,2964,95769,65472,,0,1206166,11745,,52937,,26547,914140,8012,1206166,11745
10/14/20,VA,A+,3381,3141,9,240,11628,11628,1007,30,,230,2152330,11125,,,,,102,161610,152039,805,0,,,,,181521,18747,2304369,11807,2304369,11807,,,,,,0,,0
10/14/20,VI,D,20,20,0,,,,,0,,,20859,122,,,,,,1328,,3,0,,,,,,1293,,0,22187,125,,,,,,0,22218,127
10/14/20,VT,B,58,58,0,,,,0,0,,,171534,652,,,,,,1894,1889,3,0,,,,,,1678,,0,335448,1420,,,,,173423,655,335448,1420
10/14/20,WA,B,2211,2211,0,,7874,7874,367,0,,83,2029133,0,,,,,26,98135,96485,867,0,,,,,,,2123908,0,2123908,0,,,,,,0,,0
10/14/20,WI,A+,1547,1536,29,11,8754,8754,1017,153,1304,246,1568389,11435,,,,,,167082,158578,3323,0,,,,,,125411,2746785,27206,2746785,27206,,,,,1726967,14542,,0
10/14/20,WV,B,391,387,4,4,,,180,0,,61,630647,4536,,,,,28,18818,18124,263,0,,,,,,13815,,0,649465,4799,18237,,,,,0,648771,4752
10/14/20,WY,B,57,,0,,352,352,45,9,,,102849,-3030,,,216983,,,8177,6914,213,0,,,,,8535,6261,,0,225518,4336,,,,,109763,-2856,225518,4336
10/13/20,AK,A,60,60,0,,355,355,59,3,,,504730,8706,,,504419,,8,10059,,156,0,,,,,10057,5909,,0,514789,8862,,,,,,0,514789,8862
10/13/20,AL,A,2665,2509,0,156,18440,18440,823,261,1896,,1074124,5737,,,,1072,,167193,147083,1117,0,,,,,,71240,,0,1221207,6597,,,60552,,1221207,6597,,0
10/13/20,AR,A+,1611,1463,25,148,6069,6069,601,109,,246,1073314,7118,,,1073314,747,105,94167,89351,680,0,,3300,,5313,,84804,,0,1162665,7599,,21856,,30032,,0,1162665,7599
10/13/20,AS,D,0,,0,,,,,0,,,1616,0,,,,,,0,0,0,0,,,,,,,,0,1616,0,,,,,,0,1616,0
10/13/20,AZ,A+,5767,5479,8,288,20312,20312,706,55,,146,1359347,6286,,,,,88,226734,221804,684,0,,,,,,37403,,0,2425141,22093,302755,,,,1581151,6951,2425141,22093
10/13/20,CA,B,16581,,9,,,,3060,0,,748,15481311,139998,,,,,,852406,852406,2378,0,,,,,,,,0,16333717,142376,,,,,,0,16333717,142376
10/13/20,CO,A,2153,1777,37,376,8003,8003,385,88,,,957890,8218,162253,,,,,80085,74655,1048,0,12313,,,,,6922,1588632,17303,1588632,17303,174566,,,,1032545,9229,,0
10/13/20,CT,B,4533,3634,1,899,11845,11845,172,0,,,1848651,13084,,,,,,61697,59237,320,0,,,,,,9522,,0,1910348,13404,,,,,,0,1907888,13398
10/13/20,DC,A+,637,,0,,,,88,0,,25,427013,4216,,,,,7,16068,,46,0,,,,,,12583,443081,4262,443081,4262,,,,,233450,1633,,0
10/13/20,DE,A+,659,579,3,80,,,112,0,,19,293358,1366,,,,,,22394,21311,105,0,,,,,24773,11588,486901,5460,486901,5460,,,,,315752,1471,,0
10/13/20,FL,A,15722,,123,,46753,46753,2127,212,,,4854675,23416,487730,475588,7048383,,,729591,708010,2657,0,51923,,50676,,950606,,8771490,53779,8771490,53779,539844,,526404,,5578731,26052,8042762,43659
10/13/20,GA,A,7454,,25,,29762,29762,1753,106,5523,,2847244,11429,,,,,,333304,333304,993,0,26980,,,,312040,,,0,3180538,12422,313514,,,,,0,3180538,12422
10/13/20,GU,A,61,,1,,,,62,0,,13,53102,582,,,,,4,3266,3257,96,0,5,9,,,,2190,,0,56368,678,198,23,,,,0,56343,678
10/13/20,HI,B,169,,0,,939,939,103,4,,34,295153,0,,,,,18,13712,13514,42,0,,,,,13466,10781,456118,1405,456118,1405,,,,,308090,0,,0
10/13/20,IA,A+,1485,,13,,,,463,0,,114,728531,2200,,58918,,,44,96338,96338,529,0,,,3605,4558,,78136,,0,824869,2729,,,62562,42383,826482,2726,,0
10/13/20,ID,A,510,469,3,41,2058,2058,187,17,481,54,294340,1783,,,,,,48663,43660,597,0,,,,,,24523,,0,338000,2330,,,,,338000,2330,,0
10/13/20,IL,A,9272,9026,29,246,,,1848,0,,406,6086511,53142,,,,,160,327781,324743,2851,0,,,,,,,,0,6414292,55993,,,,,,0,6411254,55993
10/13/20,IN,A+,3822,3595,27,227,14115,14115,1288,131,2808,382,1365819,6522,,,,,132,138104,,1549,0,,,,,139052,103722,,0,2421127,27395,,,,,1503923,8071,2421127,27395
10/13/20,KS,A+,771,,0,,3239,3239,355,0,890,111,504219,0,,,,274,42,67862,,0,0,,,,,,2301,,0,572081,0,,,,,572081,0,,0
10/13/20,KY,B,1269,1256,14,13,6259,6259,704,138,1595,170,1520925,25439,,,,,,81691,70080,761,0,,,,,,13986,,0,1591005,25908,79053,36493,,,,0,1591005,25908
10/13/20,LA,A,5679,5486,10,193,,,573,0,,,2337518,19900,,,,,68,175329,172801,682,0,,,,,,157873,,0,2512847,20582,,,,,,0,2510319,20582
10/13/20,MA,A+,9630,9413,13,217,12899,12899,514,17,,87,2306329,13112,,,,,27,140412,137565,749,0,,,,,179559,116364,,0,4857515,42116,,,123089,154194,2443894,13744,4857515,42116
10/13/20,MD,A,4012,3868,9,144,16150,16150,402,43,,102,1618966,8392,,126269,,,,132343,132343,482,0,,,12358,,158779,7744,,0,2934933,18713,,,138627,,1751309,8874,2934933,18713
10/13/20,ME,A+,143,142,0,1,463,463,8,0,,3,508498,23112,10139,,506879,,0,5780,5160,28,0,347,,,,6462,5006,,0,514278,23140,10498,,,,,0,513658,23197
10/13/20,MI,A+,7255,6928,30,327,,,899,0,,230,3946697,36996,,,3946697,,95,152862,137702,1466,0,,,,,189951,104271,,0,4099559,38462,308055,,,,,0,4136648,38839
10/13/20,MN,A,2204,2151,7,53,8500,8500,481,79,2328,134,1486287,9974,,,,,,114574,114574,1135,0,,,,,,102624,2355124,18002,2355124,18002,,,,,1600861,11109,,0
10/13/20,MO,B,2422,,0,,,,1313,0,,,1303437,0,76509,71709,1908333,,,144230,144230,0,0,4188,3979,3618,,163531,,,0,2075699,0,80831,20834,69462,14213,1447667,0,2075699,0
10/13/20,MP,D,2,2,0,,4,4,,0,,,15121,0,,,,,,77,77,0,0,,,,,,29,,0,15198,0,,,,,15196,0,19835,0
10/13/20,MS,A+,3115,2839,14,276,6237,6237,600,0,,145,704655,0,,,,,69,105941,95966,713,0,95,,,,,94165,,0,810596,713,40048,66989,,,,0,796968,0
10/13/20,MT,C,217,,5,,911,911,294,7,,,390040,8707,,,,,,19611,19611,486,0,,,,,,11620,,0,409651,9193,,,,,,0,409651,9193
10/13/20,NC,A+,3816,3774,43,42,,,1103,0,,306,3210102,25035,,,,,,234481,227496,1734,0,,,,,,206471,,0,3444583,26769,,10173,,,,0,3437598,26572
10/13/20,ND,B,362,,12,,1126,1126,206,27,255,41,233500,898,9655,,,,,28163,28123,490,0,485,,,,,23288,696068,5019,696068,5019,10140,,,,261745,1406,723102,5370
10/13/20,NE,A,522,,3,,2543,2543,299,17,,,462654,3098,,,670224,,,52839,52839,457,0,,,,,63121,36734,,0,734692,6270,,,,,515805,3556,734692,6270
10/13/20,NH,B,456,,0,,758,758,17,6,241,,288571,4138,,,,,,9279,9279,136,0,,,,,,8036,,0,508079,10169,32384,,31580,,297850,4274,508079,10169
10/13/20,NJ,B,16182,14394,7,1788,23977,23977,649,71,,160,3757500,0,,,,,58,215085,215085,988,0,,,,,,35509,,0,3972585,988,,,,,,0,3971597,0
10/13/20,NM,B,918,,3,,3758,3758,125,23,,,977607,8063,,,,,,33713,33713,351,0,,,,,,18960,,0,1011320,8414,,,,,,0,1011320,8414
10/13/20,NV,A+,1674,,10,,,,505,0,,130,656842,2022,,,,,61,86835,86835,487,0,,,,,,,1114916,7424,1114916,7424,,,,,741931,1371,1147363,3851
10/13/20,NY,B,25598,,11,,89995,89995,923,0,,181,11753728,97677,,,,,90,476708,476708,1393,0,,,,,,77755,12230436,99070,12230436,99070,,,,,,0,,0
10/13/20,OH,A+,5017,4709,12,308,16565,16565,1016,123,3447,271,3527115,35370,,,,,134,171626,161678,1447,0,,,,,,144903,,0,3698741,36817,,,,,,0,3688793,36727
10/13/20,OK,A+,1119,,15,,7265,7265,760,-19,,277,1272223,31705,,,1272223,,,101493,101493,1309,0,4411,,,,113046,86502,,0,1373716,33014,83562,,,,,0,1387428,33794
10/13/20,OR,A+,605,,6,,2817,2817,210,13,,47,713497,5709,,,1156129,,19,37780,35878,313,0,,,,,62465,5870,,0,1218594,13813,,,,,749375,6006,1218594,13813
10/13/20,PA,A+,8384,,16,,,,773,0,,,2060093,15387,,,,,83,174646,168253,1342,0,,,,,,139716,,0,2234739,16729,,,,,2228346,16572,3416876,35511
10/13/20,PR,B,738,557,3,181,,,303,0,,54,305972,0,,,303412,,34,27139,27139,135,0,27401,,,,7002,24552,,0,333111,135,,,,,,0,310546,0
10/13/20,RI,A+,1139,,2,,2961,2961,126,0,,13,353734,1465,,,868550,,4,26960,26960,129,0,,,,,37099,2463,905649,5855,905649,5855,,,,,380694,1594,,0
10/13/20,SC,A+,3576,3371,17,205,9654,9654,745,54,,201,1352598,12836,67194,,1305735,,90,158883,152963,828,0,7734,12610,,,199826,79110,,0,1511481,13664,74928,70575,,,,0,1505561,13557
10/13/20,SD,A,288,,0,,1911,1911,303,25,,,191063,744,,,,,,29339,28707,414,0,,,,,,23007,,0,220402,1158,,,,,220402,1158,338717,3187
10/13/20,TN,A+,2797,2667,23,130,9309,9309,1245,61,,339,3006795,12757,,,2961490,,156,218829,208606,1147,0,,,,,253911,196940,,0,3225624,13904,,,,,,0,3215401,13694
10/13/20,TX,A,16622,,64,,,,4053,0,,1237,6465786,69139,,,,,,800256,800256,5130,0,40544,22215,,,874204,708349,,0,7266042,74269,436479,279869,,,,0,7266042,74269
10/13/20,UT,A+,522,,0,,4383,4383,254,52,984,90,821305,7140,,,1099954,392,,87819,87819,987,0,,2987,,2838,94467,64583,,0,1194421,8603,,50502,,25604,906128,7979,1194421,8603
10/13/20,VA,A+,3372,3132,11,240,11598,11598,999,45,,200,2141205,19684,,,,,98,160805,151357,1235,0,,,,,180768,18657,2292562,20720,2292562,20720,,,,,,0,,0
10/13/20,VI,D,20,20,0,,,,,0,,,20737,117,,,,,,1325,,0,0,,,,,,1289,,0,22062,117,,,,,,0,22091,117
10/13/20,VT,B,58,58,0,,,,5,0,,,170882,693,,,,,,1891,1886,11,0,,,,,,1673,,0,334028,1460,,,,,172768,704,334028,1460
10/13/20,WA,B,2211,2190,21,,7874,7874,376,88,,76,2029133,60730,,,,,26,97268,95649,253,0,,,,,,,2123908,62470,2123908,62470,,,,,,0,,0
10/13/20,WI,A+,1518,1508,34,10,8601,8601,959,147,1287,243,1556954,11262,,,,,,163759,155471,3428,0,,,,,,123196,2719579,29967,2719579,29967,,,,,1712425,14541,,0
10/13/20,WV,B,387,383,2,4,,,181,0,,61,626111,4958,,,,,35,18555,17908,274,0,,,,,,13481,,0,644666,5232,18072,,,,,0,644019,5198
10/13/20,WY,B,57,,3,,343,343,46,5,,,105879,2703,,,212943,,,7964,6740,162,0,,,,,8239,6181,,0,221182,4840,,,,,112619,3217,221182,4840
10/12/20,AK,A,60,60,0,,352,352,52,7,,,496024,2739,,,495867,,8,9903,,191,0,,,,,9748,5802,,0,505927,2930,,,,,,0,505927,2930
10/12/20,AL,A,2665,2509,1,156,18179,18179,856,0,1892,,1068387,3970,,,,1068,,166076,146223,734,0,,,,,,71240,,0,1214610,4603,,,60414,,1214610,4603,,0
10/12/20,AR,A+,1586,1438,17,148,5960,5960,608,50,,256,1066196,7844,,,1066196,737,103,93487,88870,654,0,,3300,,5081,,84055,,0,1155066,8412,,21856,,28361,,0,1155066,8412
10/12/20,AS,D,0,,0,,,,,0,,,1616,0,,,,,,0,0,0,0,,,,,,,,0,1616,0,,,,,,0,1616,0
10/12/20,AZ,A+,5759,5472,0,287,20257,20257,667,4,,155,1353061,7567,,,,,80,226050,221139,475,0,,,,,,37287,,0,2403048,7898,302232,,,,1574200,8035,2403048,7898
10/12/20,CA,B,16572,,8,,,,3070,0,,736,15341313,140888,,,,,,850028,850028,3449,0,,,,,,,,0,16191341,144337,,,,,,0,16191341,144337
10/12/20,CO,A,2116,1747,3,369,7915,7915,370,22,,,949672,5569,161949,,,,,79037,73644,576,0,12294,,,,,6869,1571329,11150,1571329,11150,174243,,,,1023316,6097,,0
10/12/20,CT,B,4532,3633,2,899,11845,11845,155,0,,,1835567,99066,,,,,,61377,58923,1339,0,,,,,,9522,,0,1896944,100405,,,,,,0,1894490,100391
10/12/20,DC,A+,637,,0,,,,87,0,,21,422797,2614,,,,,12,16022,,38,0,,,,,,12539,438819,2652,438819,2652,,,,,231817,888,,0
10/12/20,DE,A+,656,576,2,80,,,105,0,,25,291992,3552,,,,,,22289,21209,159,0,,,,,24645,11493,481441,6265,481441,6265,,,,,314281,3711,,0
10/12/20,FL,A,15599,,47,,46541,46541,2206,91,,,4831259,15219,487730,475588,7008414,,,726934,705750,1519,0,51923,,50676,,947094,,8717711,36802,8717711,36802,539844,,526404,,5552679,16742,7999103,31400
10/12/20,GA,A,7429,,13,,29656,29656,1666,21,5514,,2835815,16185,,,,,,332311,332311,902,0,26877,,,,311114,,,0,3168116,17087,312558,,,,,0,3168116,17087
10/12/20,GU,B,60,,0,,,,65,0,,12,52520,627,,,,,,3170,3161,92,0,5,9,,,,2189,,0,55690,719,197,23,,,,0,55665,1188
10/12/20,HI,B,169,,1,,935,935,103,6,,34,295153,0,,,,,18,13670,13472,101,0,,,,,13426,10750,454713,0,454713,0,,,,,308090,0,,0
10/12/20,IA,A+,1472,,12,,,,449,0,,109,726331,2217,,58755,,,39,95809,95809,463,0,,,3594,4385,,76611,,0,822140,2680,,,62388,41464,823756,2682,,0
10/12/20,ID,A,507,466,0,41,2041,2041,192,10,479,45,292557,1488,,,,,,48066,43113,365,0,,,,,,24304,,0,335670,1831,,,,,335670,1831,,0
10/12/20,IL,A,9243,8997,13,246,,,1764,0,,377,6033369,44837,,,,,153,324930,321892,2742,0,,,,,,,,0,6358299,47579,,,,,,0,6355261,47579
10/12/20,IN,A+,3795,3568,6,227,13984,13984,1238,124,2780,346,1359297,8096,,,,,122,136555,,1574,0,,,,,136966,102769,,0,2393732,6347,,,,,1495852,9670,2393732,6347
10/12/20,KS,A+,771,,8,,3239,3239,355,54,890,111,504219,9837,,,,274,42,67862,,2055,0,,,,,,2301,,0,572081,11892,,,,,572081,11892,,0
10/12/20,KY,B,1255,1242,3,13,6121,6121,672,27,1590,180,1495486,27753,,,,,,80930,69611,638,0,,,,,,13615,,0,1565097,28922,78700,35614,,,,0,1565097,28922
10/12/20,LA,A,5669,5476,14,193,,,577,0,,,2317618,3337,,,,,70,174647,172119,60,0,,,,,,157873,,0,2492265,3397,,,,,,0,2489737,3397
10/12/20,MA,A+,9617,9401,13,216,12882,12882,501,11,,82,2293217,18036,,,,,32,139663,136933,760,0,,,,,178806,116364,,0,4815399,67395,,,122982,150702,2430150,18801,4815399,67395
10/12/20,MD,A,4003,3859,4,144,16107,16107,384,49,,93,1610574,10087,,126269,,,,131861,131861,504,0,,,12358,,158129,7738,,0,2916220,23955,,,138627,,1742435,10591,2916220,23955
10/12/20,ME,A+,143,142,0,1,463,463,7,0,,5,485386,0,10015,,483143,,0,5752,5144,29,0,530,,,,7005,4998,,0,491138,29,10559,,,,,0,490461,0
10/12/20,MI,A+,7225,6898,6,327,,,899,0,,230,3909701,48856,,,3909701,,105,151396,136465,1932,0,,,,,188108,104271,,0,4061097,50788,307599,,,,,0,4097809,51027
10/12/20,MN,A,2197,2144,3,53,8421,8421,446,67,2311,140,1476313,9857,,,,,,113439,113439,1171,0,,,,,,101376,2337122,18312,2337122,18312,,,,,1589752,11028,,0
10/12/20,MO,B,2422,,0,,,,1313,0,,,1303437,0,76509,71709,1908333,,,144230,144230,0,0,4188,3979,3618,,163531,,,0,2075699,0,80831,20834,69462,14213,1447667,0,2075699,0
10/12/20,MP,D,2,2,0,,4,4,,0,,,15121,0,,,,,,77,77,0,0,,,,,,29,,0,15198,0,,,,,15196,0,19835,0
10/12/20,MS,A+,3101,2829,0,272,6237,6237,600,184,,136,704655,0,,,,,59,105228,95543,296,0,95,,,,,94165,,0,809883,296,40048,66989,,,,0,796968,0
10/12/20,MT,C,212,,2,,904,904,291,12,,,381333,9777,,,,,,19125,19125,423,0,,,,,,11481,,0,400458,10200,,,,,,0,400458,10200
10/12/20,NC,A+,3773,3738,3,35,,,1109,0,,314,3185067,28288,,,,,,232747,225959,1276,0,,,,,,206471,,0,3417814,29564,,9950,,,,0,3411026,29520
10/12/20,ND,B,350,,7,,1099,1099,233,23,250,33,232602,831,9655,,,,,27673,27644,473,0,485,,,,,22846,691049,5338,691049,5338,10140,,,,260339,1303,717732,5596
10/12/20,NE,A,519,,0,,2526,2526,304,0,,,459556,2522,,,664473,,,52382,52382,495,0,,,,,62628,36446,,0,728422,5172,,,,,512249,3016,728422,5172
10/12/20,NH,B,456,,1,,752,752,22,2,238,,284433,1074,,,,,,9143,9143,51,0,,,,,,8002,,0,497910,4801,32327,,31529,,293576,1125,497910,4801
10/12/20,NJ,B,16175,14387,1,1788,23906,23906,662,12,,163,3757500,56356,,,,,52,214097,214097,469,0,,,,,,35464,,0,3971597,56825,,,,,,0,3971597,57576
10/12/20,NM,B,915,,4,,3735,3735,127,25,,,969544,5154,,,,,,33362,33362,379,0,,,,,,18791,,0,1002906,5533,,,,,,0,1002906,5533
10/12/20,NV,A+,1664,,3,,,,509,0,,136,654820,2295,,,,,56,86348,86348,569,0,,,,,,,1107492,2265,1107492,2265,,,,,740560,3687,1143512,8067
10/12/20,NY,B,25587,,13,,89995,89995,878,0,,185,11656051,90764,,,,,84,475315,475315,1029,0,,,,,,77631,12131366,91793,12131366,91793,,,,,,0,,0
10/12/20,OH,A+,5005,4697,6,308,16442,16442,949,43,3434,242,3491745,37173,,,,,123,170179,160321,1430,0,,,,,,143826,,0,3661924,38603,,,,,,0,3652066,38535
10/12/20,OK,A+,1104,,6,,7284,7284,758,46,,276,1240518,0,,,1240518,,,100184,100184,797,0,4411,,,,110157,85265,,0,1340702,797,83562,,,,,0,1353634,0
10/12/20,OR,A+,599,,0,,2804,2804,220,63,,55,707788,3817,,,1142776,,21,37467,35581,205,0,,,,,62005,5870,,0,1204781,6784,,,,,743369,14539,1204781,6784
10/12/20,PA,A+,8368,,18,,,,725,0,,,2044706,11061,,,,,81,173304,167068,1088,0,,,,,,140376,,0,2218010,12149,,,,,2211774,12048,3381365,54925
10/12/20,PR,B,735,554,5,181,,,314,0,,54,305972,0,,,303412,,36,27004,27004,228,0,27230,,,,7002,24488,,0,332976,228,,,,,,0,310546,0
10/12/20,RI,A+,1137,,3,,2961,2961,126,11,,13,352269,1169,,,862835,,4,26831,26831,81,0,,,,,36959,2463,899794,3344,899794,3344,,,,,379100,1250,,0
10/12/20,SC,A+,3559,3355,7,204,9600,9600,684,22,,177,1339762,12510,67086,,1293052,,87,158055,152242,649,0,7723,12428,,,198952,78431,,0,1497817,13159,74809,68648,,,,0,1492004,13103
10/12/20,SD,A,288,,2,,1886,1886,278,20,,,190319,772,,,,,,28925,28289,361,0,,,,,,22575,,0,219244,1133,,,,,219244,1133,335530,3552
10/12/20,TN,A+,2774,2649,7,125,9248,9248,945,33,,269,2994038,36394,,,2948860,,131,217682,207669,2965,0,,,,,252847,194836,,0,3211720,39359,,,,,,0,3201707,39215
10/12/20,TX,A,16558,,1,,,,3870,0,,1196,6396647,18385,,,,,,795126,795126,2648,0,40449,21673,,,867785,705189,,0,7191773,21033,435831,271104,,,,0,7191773,21033
10/12/20,UT,A+,522,,5,,4331,4331,259,25,970,94,814165,3243,,,1092407,385,,86832,86832,988,0,,2870,,2723,93411,63961,,0,1185818,6434,,48471,,24782,898149,4201,1185818,6434
10/12/20,VA,A+,3361,3122,3,239,11553,11553,965,34,,205,2121521,14332,,,,,92,159570,150321,854,0,,,,,179640,18539,2271842,15022,2271842,15022,,,,,,0,,0
10/12/20,VI,D,20,20,0,,,,,0,,,20620,0,,,,,,1325,,0,0,,,,,,1289,,0,21945,0,,,,,,0,21974,0
10/12/20,VT,B,58,58,0,,,,0,0,,,170189,844,,,,,,1880,1875,9,0,,,,,,1664,,0,332568,6903,,,,,172064,853,332568,6903
10/12/20,WA,B,2190,2190,0,,7786,7786,352,0,,59,1968403,0,,,,,27,97015,95402,383,0,,,,,,,2061438,0,2061438,0,,,,,,0,,0
10/12/20,WI,A+,1484,1474,9,10,8454,8454,950,56,1277,240,1545692,7815,,,,,,160331,152192,2016,0,,,,,,121204,2689612,24939,2689612,24939,,,,,1697884,9771,,0
10/12/20,WV,B,385,381,3,4,,,168,0,,62,621153,5339,,,,,29,18281,17668,153,0,,,,,,13318,,0,639434,5492,18005,,,,,0,638821,5488
10/12/20,WY,B,54,,0,,338,338,51,15,,,103176,0,,,208467,,,7802,6628,191,0,,,,,7875,6058,,0,216342,5833,,,,,109402,0,216342,5833
10/11/20,AK,A,60,60,0,,345,345,57,4,,,493285,3494,,,493071,,7,9712,,250,0,,,,,9620,5789,,0,502997,3744,,,,,,0,502997,3744
10/11/20,AL,A,2664,2508,0,156,18179,18179,812,0,1890,,1064417,4998,,,,1067,,165342,145590,816,0,,,,,,71240,,0,1210007,5687,,,60353,,1210007,5687,,0
10/11/20,AR,A+,1569,1421,17,148,5910,5910,566,10,,237,1058352,8384,,,1058352,731,97,92833,88302,613,0,,3300,,4999,,83454,,0,1146654,8938,,21856,,27910,,0,1146654,8938
10/11/20,AS,D,0,,0,,,,,0,,,1616,0,,,,,,0,0,0,0,,,,,,,,0,1616,0,,,,,,0,1616,0
10/11/20,AZ,A+,5759,5472,0,287,20253,20253,630,24,,144,1345494,9565,,,,,79,225575,220671,597,0,,,,,,37110,,0,2395150,10105,301689,,,,1566165,10150,2395150,10105
10/11/20,CA,B,16564,,64,,,,3103,0,,735,15200425,164756,,,,,,846579,846579,3803,0,,,,,,,,0,16047004,168559,,,,,,0,16047004,168559
10/11/20,CO,A,2113,1745,1,368,7893,7893,383,14,,,944103,9572,161640,,,,,78461,73116,819,0,12266,,,,,6835,1560179,19017,1560179,19017,173906,,,,1017219,10372,,0
10/11/20,CT,B,4530,3631,0,899,11845,11845,134,0,,,1736501,0,,,,,,60038,57598,0,0,,,,,,9522,,0,1796539,0,,,,,,0,1794099,0
10/11/20,DC,A+,637,,1,,,,86,0,,26,420183,7002,,,,,13,15984,,66,0,,,,,,12531,436167,7068,436167,7068,,,,,230929,2261,,0
10/11/20,DE,A+,654,574,1,80,,,108,0,,24,288440,2793,,,,,,22130,21050,132,0,,,,,24512,11430,475176,8353,475176,8353,,,,,310570,2925,,0
10/11/20,FL,A,15552,,180,,46450,46450,2123,249,,,4816040,26799,487730,475588,6979043,,,725415,704398,5414,0,51923,,50676,,945112,,8680909,105804,8680909,105804,539844,,526404,,5535937,32162,7967703,91094
10/11/20,GA,A,7416,,23,,29635,29635,1619,24,5511,,2819630,17340,,,,,,331409,331409,1140,0,26683,,,,309993,,,0,3151029,18480,311255,,,,,0,3151029,18480
10/11/20,GU,B,60,,1,,,,60,0,,12,51893,133,,,,,,3078,3071,22,0,3,7,,,,2072,,0,54971,155,192,16,,,,0,54477,0
10/11/20,HI,B,168,,2,,929,929,103,18,,34,295153,0,,,,,18,13569,13371,71,0,,,,,13426,10713,454713,6903,454713,6903,,,,,308090,0,,0
10/11/20,IA,A+,1460,,5,,,,438,0,,100,724114,4307,,58731,,,40,95346,95346,1075,0,,,3594,4339,,76260,,0,819460,5382,,,62364,41229,821074,5374,,0
10/11/20,ID,A,507,466,1,41,2031,2031,192,18,478,45,291069,2367,,,,,,47701,42770,613,0,,,,,,24089,,0,333839,2877,,,,,333839,2877,,0
10/11/20,IL,A,9230,8984,9,246,,,1776,0,,388,5988532,61320,,,,,159,322188,319150,2727,0,,,,,,,,0,6310720,64047,,,,,,0,6307682,64047
10/11/20,IN,A+,3789,3562,7,227,13860,13860,1232,104,2765,349,1351201,9973,,,,,119,134981,,1570,0,,,,,136318,101184,,0,2387385,9066,,,,,1486182,11543,2387385,9066
10/11/20,KS,A+,763,,0,,3185,3185,469,0,877,119,494382,0,,,,271,34,65807,,0,0,,,,,,2275,,0,560189,0,,,,,560189,0,,0
10/11/20,KY,B,1252,1239,3,13,6094,6094,652,0,1586,170,1467733,0,,,,,,80292,69138,847,0,,,,,,13539,,0,1536175,0,78505,35468,,,,0,1536175,0
10/11/20,LA,A,5655,5462,20,193,,,563,0,,,2314281,37600,,,,,71,174587,172059,1181,0,,,,,,157873,,0,2488868,38781,,,,,,0,2486340,38781
10/11/20,MA,A+,9604,9388,17,216,12871,12871,511,10,,85,2275181,15227,,,,,29,138903,136168,563,0,,,,,177860,116364,,0,4748004,77246,,,122843,150341,2411349,15797,4748004,77246
10/11/20,MD,A,3999,3854,4,145,16058,16058,393,52,,90,1600487,11480,,126269,,,,131357,131357,562,0,,,12358,,157516,7738,,0,2892265,29182,,,138627,,1731844,12042,2892265,29182
10/11/20,ME,A+,143,142,0,1,463,463,7,1,,5,485386,0,10015,,483143,,0,5723,5128,27,0,530,,,,7005,4970,,0,491109,27,10559,,,,,0,490461,0
10/11/20,MI,A+,7219,6891,0,328,,,862,0,,220,3860845,0,,,3860845,,85,149464,134656,0,0,,,,,185937,104271,,0,4010309,0,306564,,,,,0,4046782,0
10/11/20,MN,A,2194,2141,10,53,8354,8354,471,52,2291,133,1466456,16181,,,,,,112268,112268,1440,0,,,,,,100171,2318810,30148,2318810,30148,,,,,1578724,17621,,0
10/11/20,MO,B,2422,,0,,,,1313,0,,,1303437,0,76509,71709,1908333,,,144230,144230,0,0,4188,3979,3618,,163531,,,0,2075699,0,80831,20834,69462,14213,1447667,0,2075699,0
10/11/20,MP,D,2,2,0,,4,4,,0,,,15121,0,,,,,,77,77,0,0,,,,,,29,,0,15198,0,,,,,15196,0,19835,0
10/11/20,MS,A+,3101,2829,5,272,6053,6053,600,0,,136,704655,0,,,,,59,104932,95289,294,0,95,,,,,90577,,0,809587,294,40048,66989,,,,0,796968,0
10/11/20,MT,C,210,,1,,892,892,286,7,,,371556,1024,,,,,,18702,18702,585,0,,,,,,11361,,0,390258,1609,,,,,,0,390258,1609
10/11/20,NC,A+,3770,3735,5,35,,,1046,0,,288,3156779,35716,,,,,,231471,224727,1719,0,,,,,,192644,,0,3388250,37435,,9655,,,,0,3381506,37354
10/11/20,ND,B,343,,3,,1076,1076,231,14,249,46,231771,1213,9655,,,,,27200,27177,637,0,485,,,,,22500,685711,7514,685711,7514,10140,,,,259036,1850,712136,7862
10/11/20,NE,A,519,,0,,2526,2526,305,27,,,457034,3746,,,659869,,,51887,51887,743,0,,,,,62066,36091,,0,723250,7558,,,,,509233,4487,723250,7558
10/11/20,NH,B,455,,0,,750,750,21,0,238,,283359,0,,,,,,9092,9092,0,0,,,,,,7945,,0,493109,0,32299,,31503,,292451,0,493109,0
10/11/20,NJ,B,16174,14386,3,1788,23894,23894,619,26,,153,3701144,0,,,,,46,213628,213628,751,0,,,,,,35404,,0,3914772,751,,,,,,0,3914021,0
10/11/20,NM,B,911,,4,,3710,3710,120,6,,,964390,7460,,,,,,32983,32983,261,0,,,,,,18680,,0,997373,7721,,,,,,0,997373,7721
10/11/20,NV,A+,1661,,2,,,,519,0,,133,652525,2981,,,,,64,85779,85779,380,0,,,,,,,1105227,4912,1105227,4912,,,,,736873,3478,1135445,7108
10/11/20,NY,B,25574,,5,,89995,89995,820,0,,186,11565287,117111,,,,,84,474286,474286,1143,0,,,,,,77631,12039573,118254,12039573,118254,,,,,,0,,0
10/11/20,OH,A+,4999,4691,2,308,16399,16399,887,44,3428,220,3454572,38173,,,,,105,168749,158959,1291,0,,,,,,143123,,0,3623321,39464,,,,,,0,3613531,39368
10/11/20,OK,A+,1098,,3,,7238,7238,758,20,,276,1240518,0,,,1240518,,,99387,99387,766,0,4411,,,,110157,84520,,0,1339905,766,83562,,,,,0,1353634,0
10/11/20,OR,A+,599,,0,,2741,2741,212,0,,49,703971,4308,,,1136240,,18,37262,34685,327,0,,,,,61757,5870,,0,1197997,8692,,,,,728830,0,1197997,8692
10/11/20,PA,A+,8350,,6,,,,706,0,,,2033645,14205,,,,,90,172216,166081,1166,0,,,,,,138550,,0,2205861,15371,,,,,2199726,15324,3326440,0
10/11/20,PR,B,730,551,2,179,,,324,0,,51,305972,0,,,303412,,34,26776,26776,218,0,26895,,,,7002,24533,,0,332748,218,,,,,,0,310546,0
10/11/20,RI,A+,1134,,2,,2950,2950,125,16,,13,351100,3829,,,859585,,5,26750,26750,170,0,,,,,36865,2455,896450,13700,896450,13700,,,,,377850,3999,,0
10/11/20,SC,A+,3552,3348,1,204,9578,9578,685,17,,176,1327252,13562,66950,,1280819,,87,157406,151649,785,0,7695,12335,,,198082,78115,,0,1484658,14347,74645,68153,,,,0,1478901,14296
10/11/20,SD,A,286,,0,,1866,1866,266,37,,,189547,1009,,,,,,28564,27943,617,0,,,,,,22413,,0,218111,1626,,,,,218111,1626,331978,3672
10/11/20,TN,A+,2767,2642,9,125,9215,9215,1124,35,,307,2957644,29061,,,2912759,,148,214717,204848,2068,0,,,,,249733,193849,,0,3172361,31129,,,,,,0,3162492,30953
10/11/20,TX,A,16557,,31,,,,3622,0,,1142,6378262,31421,,,,,,792478,792478,2418,0,40234,21391,,,865350,703662,,0,7170740,33839,434254,268770,,,,0,7170740,33839
10/11/20,UT,A+,517,,7,,4306,4306,274,31,969,99,810922,4847,,,1086703,385,,85844,85844,1200,0,,2845,,2698,92681,63307,,0,1179384,10814,,47745,,24623,893948,5501,1179384,10814
10/11/20,VA,A+,3358,3120,4,238,11519,11519,924,18,,201,2107189,17918,,,,,98,158716,149631,811,0,,,,,176851,18492,2256820,18616,2256820,18616,,,,,,0,,0
10/11/20,VI,D,20,20,0,,,,,0,,,20620,186,,,,,,1325,,1,0,,,,,,1289,,0,21945,187,,,,,,0,21974,182
10/11/20,VT,B,58,58,0,,,,0,0,,,169345,1594,,,,,,1871,1866,10,0,,,,,,1659,,0,325665,6371,,,,,171211,1604,325665,6371
10/11/20,WA,B,2190,2190,0,,7786,7786,373,24,,70,1968403,23017,,,,,27,96632,95027,701,0,,,,,,,2061438,23492,2061438,23492,,,,,,0,,0
10/11/20,WI,A+,1475,1465,7,10,8398,8398,872,79,1271,229,1537877,7571,,,,,,158315,150236,2713,0,,,,,,119747,2664673,28261,2664673,28261,,,,,1688113,10247,,0
10/11/20,WV,B,382,378,1,4,,,173,0,,58,615814,5721,,,,,30,18128,17519,215,0,,,,,,13167,,0,633942,5936,18003,,,,,0,633333,5930
10/11/20,WY,B,54,,0,,323,323,54,0,,,103176,0,,,202933,,,7611,6476,156,0,,,,,7576,5877,,0,210509,601,,,,,109402,0,210509,601
10/10/20,AK,A,60,60,0,,341,341,66,2,,,489791,5953,,,489481,,10,9462,,230,0,,,,,9466,5761,,0,499253,6183,,,,,,0,499253,6183
10/10/20,AL,A,2664,2508,11,156,18179,18179,792,190,1889,,1059419,6867,,,,1065,,164526,144901,1061,0,,,,,,71240,,0,1204320,7868,,,60161,,1204320,7868,,0
10/10/20,AR,A+,1552,1405,49,147,5900,5900,554,95,,234,1049968,24422,,,1049968,730,97,92220,87748,2075,0,,3300,,4942,,82924,,0,1137716,26190,,21856,,27682,,0,1137716,26190
10/10/20,AS,D,0,,0,,,,,0,,,1616,0,,,,,,0,0,0,0,,,,,,,,0,1616,0,,,,,,0,1616,0
10/10/20,AZ,A+,5759,5472,13,287,20229,20229,685,30,,145,1335929,11731,,,,,71,224978,220086,894,0,,,,,,36920,,0,2385045,19197,300857,,,,1556015,12570,2385045,19197
10/10/20,CA,B,16500,,72,,,,3084,0,,732,15035669,137778,,,,,,842776,842776,4170,0,,,,,,,,0,15878445,141948,,,,,,0,15878445,141948
10/10/20,CO,A,2112,1744,9,368,7879,7879,365,24,,,934531,10063,161169,,,,,77642,72316,1023,0,12222,,,,,6814,1541162,22708,1541162,22708,173391,,,,1006847,11030,,0
10/10/20,CT,B,4530,3631,0,899,11845,11845,134,0,,,1736501,0,,,,,,60038,57598,0,0,,,,,,9522,,0,1796539,0,,,,,,0,1794099,0
10/10/20,DC,A+,636,,2,,,,99,0,,27,413181,6799,,,,,14,15918,,75,0,,,,,,12492,429099,6874,429099,6874,,,,,228668,1267,,0
10/10/20,DE,A+,653,573,2,80,,,103,0,,21,285647,3107,,,,,,21998,20917,171,0,,,,,24327,11338,466823,6319,466823,6319,,,,,307645,3278,,0
10/10/20,FL,A,15372,,0,,46201,46201,2077,0,,,4789241,0,487730,475588,6895066,,,720001,699734,0,0,51923,,50676,,938197,,8575105,22523,8575105,22523,539844,,526404,,5503775,0,7876609,0
10/10/20,GA,A,7393,,45,,29611,29611,1646,101,5508,,2802290,18693,,,,,,330269,330269,1237,0,26503,,,,308919,,,0,3132549,19930,310173,,,,,0,3132549,19930
10/10/20,GU,B,59,,1,,,,62,0,,13,51760,254,,,,,,3056,3049,67,0,3,7,,,,2072,,0,54816,321,192,16,,,,0,54477,0
10/10/20,HI,B,166,,2,,911,911,106,11,,29,295153,0,,,,,18,13498,13300,165,0,,,,,13244,10651,447810,3818,447810,3818,,,,,308090,0,,0
10/10/20,IA,A+,1455,,18,,,,450,0,,101,719807,4193,,58468,,,40,94271,94271,1084,0,,,3586,4320,,75948,,0,814078,5277,,,62093,41240,815700,5272,,0
10/10/20,ID,A,506,464,3,42,2013,2013,192,16,475,45,288702,3653,,,,,,47088,42260,662,0,,,,,,23881,,0,330962,4173,,,,,330962,4173,,0
10/10/20,IL,A,9221,8975,30,246,,,1807,0,,406,5927212,63351,,,,,166,319461,316423,2905,0,,,,,,,,0,6246673,66256,,,,,,0,6243635,66256
10/10/20,IN,A+,3782,3555,21,227,13756,13756,1180,108,2751,339,1341228,9285,,,,,115,133411,,1918,0,,,,,135649,101184,,0,2378319,24590,,,,,1474639,11203,2378319,24590
10/10/20,KS,A+,763,,0,,3185,3185,469,0,877,119,494382,0,,,,271,34,65807,,0,0,,,,,,2275,,0,560189,0,,,,,560189,0,,0
10/10/20,KY,B,1249,1236,7,13,6094,6094,652,61,1586,170,1467733,10104,,,,,,79445,68442,989,0,,,,,,13539,,0,1536175,10911,78505,35468,,,,0,1536175,10911
10/10/20,LA,A,5635,5442,0,193,,,582,0,,,2276681,0,,,,,78,173406,170878,0,0,,,,,,157873,,0,2450087,0,,,,,,0,2447559,0
10/10/20,MA,A+,9587,9372,10,215,12861,12861,531,15,,86,2259954,14573,,,,,28,138340,135598,639,0,,,,,177148,116364,,0,4670758,69324,,,122655,149566,2395552,15160,4670758,69324
10/10/20,MD,A,3995,3850,5,145,16006,16006,383,50,,91,1589007,11799,,126269,,,,130795,130795,636,0,,,12358,,156068,7721,,0,2863083,33660,,,138627,,1719802,12435,2863083,33660
10/10/20,ME,A+,143,142,0,1,462,462,7,2,,5,485386,0,10015,,483143,,0,5696,5105,30,0,530,,,,7005,4951,,0,491082,30,10559,,,,,0,490461,0
10/10/20,MI,A+,7219,6891,19,328,,,862,0,,220,3860845,43645,,,3860845,,85,149464,134656,1648,0,,,,,185937,104271,,0,4010309,45293,306564,,,,,0,4046782,45518
10/10/20,MN,A,2184,2131,10,53,8302,8302,471,51,2277,133,1450275,16045,,,,,,110828,110828,1516,0,,,,,,99054,2288662,32497,2288662,32497,,,,,1561103,17561,,0
10/10/20,MO,B,2422,,27,,,,1313,0,,,1303437,42982,76509,71709,1908333,,,144230,144230,5066,0,4188,3979,3618,,163531,,,0,2075699,74720,80831,20834,69462,14213,1447667,48048,2075699,74720
10/10/20,MP,D,2,2,0,,4,4,,0,,,15121,0,,,,,,77,77,2,0,,,,,,29,,0,15198,2,,,,,15196,0,19835,-874
10/10/20,MS,A+,3096,2825,16,271,6053,6053,600,0,,136,704655,0,,,,,59,104638,95088,957,0,95,,,,,90577,,0,809293,957,40048,66989,,,,0,796968,0
10/10/20,MT,C,209,,3,,885,885,280,17,,,370532,1185,,,,,,18117,18117,718,0,,,,,,11361,,0,388649,1903,,,,,,0,388649,1903
10/10/20,NC,A+,3765,3731,18,34,,,1034,0,,281,3121063,37209,,,,,,229752,223089,2321,0,,,,,,192644,,0,3350815,39530,,9135,,,,0,3344152,39333
10/10/20,ND,B,340,,15,,1062,1062,219,25,248,42,230558,1402,9655,,,,,26563,26540,598,0,485,,,,,22123,678197,8158,678197,8158,10140,,,,257186,1990,704274,8653
10/10/20,NE,A,519,,5,,2499,2499,299,18,,,453288,8880,,,653140,,,51144,51144,1085,0,,,,,61254,36091,,0,715692,19440,,,,,504746,9966,715692,19440
10/10/20,NH,B,455,,6,,750,750,21,3,238,,283359,4609,,,,,,9092,9092,214,0,,,,,,7945,,0,493109,10991,32299,,31503,,292451,4823,493109,10991
10/10/20,NJ,B,16171,14383,7,1788,23868,23868,641,47,,156,3701144,34169,,,,,48,212877,212877,864,0,,,,,,35326,,0,3914021,35033,,,,,,0,3914021,35033
10/10/20,NM,B,907,,5,,3704,3704,130,26,,,956930,9118,,,,,,32722,32722,481,0,,,,,,18621,,0,989652,9599,,,,,,0,989652,9599
10/10/20,NV,A+,1659,,2,,,,519,0,,133,649544,3903,,,,,64,85399,85399,806,0,,,,,,,1100315,8279,1100315,8279,,,,,733395,4531,1128337,9254
10/10/20,NY,B,25569,,8,,89995,89995,826,0,,179,11448176,133132,,,,,81,473143,473143,1447,0,,,,,,77514,11921319,134579,11921319,134579,,,,,,0,,0
10/10/20,OH,A+,4997,4689,3,308,16355,16355,862,54,3425,223,3416399,44539,,,,,111,167458,157764,1356,0,,,,,,142479,,0,3583857,45895,,,,,,0,3574163,45823
10/10/20,OK,A+,1095,,4,,7218,7218,758,94,,276,1240518,15635,,,1240518,,,98621,98621,1533,0,4411,,,,110157,83633,,0,1339139,17168,83562,,,,,0,1353634,17072
10/10/20,OR,A+,599,,2,,2741,2741,212,0,,49,699663,5518,,,1127896,,18,36935,34685,409,0,,,,,61409,5870,,0,1189305,12636,,,,,728830,0,1189305,12636
10/10/20,PA,A+,8344,,36,,,,732,0,,,2019440,19675,,,,,94,171050,164962,1742,0,,,,,,138550,,0,2190490,21417,,,,,2184402,21316,3326440,50326
10/10/20,PR,B,728,548,8,180,,,347,0,,55,305972,0,,,303412,,31,26558,26558,232,0,26806,,,,7002,24129,,0,332530,232,,,,,,0,310546,0
10/10/20,RI,A+,1132,,2,,2934,2934,119,32,,12,347271,5504,,,846115,,5,26580,26580,286,0,,,,,36635,2446,882750,18112,882750,18112,,,,,373851,5790,,0
10/10/20,SC,A+,3551,3346,21,205,9561,9561,728,42,,179,1313690,16798,66711,,1267427,,93,156621,150915,945,0,7631,12251,,,197178,77700,,0,1470311,17743,74342,67607,,,,0,1464605,17680
10/10/20,SD,A,286,,9,,1829,1829,267,47,,,188538,1600,,,,,,27947,27401,732,0,,,,,,22128,,0,216485,2332,,,,,216485,2332,328306,6180
10/10/20,TN,A+,2758,2634,26,124,9180,9180,1156,47,,320,2928583,22814,,,2883885,,153,212649,202956,1646,0,,,,,247654,192958,,0,3141232,24460,,,,,,0,3131539,24240
10/10/20,TX,A,16526,,94,,,,3628,0,,1137,6346841,57265,,,,,,790060,790060,4230,0,39953,21136,,,861853,701583,,0,7136901,61495,432509,266444,,,,0,7136901,61495
10/10/20,UT,A+,510,,5,,4275,4275,246,55,968,89,806075,9196,,,1077001,385,,84644,84644,1354,0,,2833,,2687,91569,62401,,0,1168570,12969,,47303,,24447,888447,10981,1168570,12969
10/10/20,VA,A+,3354,3116,10,238,11501,11501,943,54,,208,2089271,17689,,,,,97,157905,148933,1256,0,,,,,176851,18447,2238204,18694,2238204,18694,,,,,,0,,0
10/10/20,VI,D,20,20,0,,,,,0,,,20434,0,,,,,,1324,,0,0,,,,,,1286,,0,21758,0,,,,,,0,21792,0
10/10/20,VT,B,58,58,0,,,,0,0,,,167751,641,,,,,,1861,1856,10,0,,,,,,1651,,0,319294,4436,,,,,169607,651,319294,4436
10/10/20,WA,B,2190,2190,7,,7762,7762,364,29,,69,1945386,20833,,,,,30,95931,94360,726,0,,,,,,,2037946,21475,2037946,21475,,,,,,0,,0
10/10/20,WI,A+,1468,1458,17,10,8319,8319,870,120,1270,232,1530306,11644,,,,,,155602,147560,2971,0,,,,,,117865,2636412,32759,2636412,32759,,,,,1677866,14386,,0
10/10/20,WV,B,381,377,5,4,,,173,0,,60,610093,10177,,,,,27,17913,17310,206,0,,,,,,13086,,0,628006,10383,17917,,,,,0,627403,10358
10/10/20,WY,B,54,,0,,323,323,54,6,,,103176,0,,,202385,,,7455,6338,120,0,,,,,7523,5807,,0,209908,867,,,,,109402,0,209908,867
10/9/20,AK,A,60,60,0,,339,339,51,2,,,483838,1712,,,483521,,6,9232,,187,0,,,,,9256,5734,,0,493070,1899,,,,,,0,493070,1899
10/9/20,AL,A,2653,2496,16,157,17989,17989,816,0,1884,,1052552,10506,,,,1063,,163465,143900,1490,0,,,,,,71240,,0,1196452,11742,,,59957,,1196452,11742,,0
10/9/20,AR,A+,1503,1359,0,144,5805,5805,546,0,,237,1025546,0,,,1025546,723,102,90145,85980,0,0,,3300,,4591,,81563,,0,1111526,0,,21856,,25538,,0,1111526,0
10/9/20,AS,D,0,,0,,,,,0,,,1616,0,,,,,,0,0,0,0,,,,,,,,0,1616,0,,,,,,0,1616,0
10/9/20,AZ,A+,5746,5460,3,286,20199,20199,706,28,,155,1324198,11699,,,,,70,224084,219247,683,0,,,,,,36723,,0,2365848,21118,300333,,,,1543445,12350,2365848,21118
10/9/20,CA,B,16428,,67,,,,3186,0,,742,14897891,109068,,,,,,838606,838606,3806,0,,,,,,,,0,15736497,112874,,,,,,0,15736497,112874
10/9/20,CO,A,2103,1736,8,367,7855,7855,380,21,,,924468,10031,160671,,,,,76619,71349,834,0,12172,,,,,6792,1518454,22256,1518454,22256,172843,,,,995817,10821,,0
10/9/20,CT,B,4530,3631,3,899,11845,11845,134,0,,,1736501,16991,,,,,,60038,57598,290,0,,,,,,9522,,0,1796539,17281,,,,,,0,1794099,17257
10/9/20,DC,A+,634,,0,,,,99,0,,27,406382,5331,,,,,13,15843,,78,0,,,,,,12456,422225,5409,422225,5409,,,,,227401,2423,,0
10/9/20,DE,A+,651,571,0,80,,,104,0,,21,282540,2720,,,,,,21827,20748,145,0,,,,,24206,11236,460504,3449,460504,3449,,,,,304367,2865,,0
10/9/20,FL,A,15372,,118,,46201,46201,2143,196,,,4789241,25496,487730,475588,6895066,,,720001,699734,2853,0,51923,,50676,,938197,,8552582,69642,8552582,69642,539844,,526404,,5503775,28380,7876609,48343
10/9/20,GA,A,7348,,54,,29510,29510,1717,124,5482,,2783597,27883,,,,,,329032,329032,1625,0,26291,,,,307868,,,0,3112619,29498,308749,,,,,0,3112619,29498
10/9/20,GU,B,58,,0,,,,55,0,,14,51506,369,,,,,,2989,2982,55,0,3,7,,,,2072,,0,54495,424,192,16,,,,0,54477,422
10/9/20,HI,B,164,,1,,900,900,111,6,,32,295153,0,,,,,18,13333,13146,101,0,,,,,13021,10604,443992,3903,443992,3903,,,,,308090,0,,0
10/9/20,IA,A+,1437,,16,,,,461,0,,104,715614,4722,,58074,,,38,93187,93187,1042,0,,,3569,4263,,75113,,0,808801,5764,,,61682,40536,810428,5770,,0
10/9/20,ID,A,503,462,3,41,1997,1997,191,25,474,41,285049,1941,,,,,,46426,41740,673,0,,,,,,23678,,0,326789,2461,,,,,326789,2461,,0
10/9/20,IL,A,9191,8945,32,246,,,1812,0,,395,5863861,68781,,,,,153,316556,313518,3117,0,,,,,,,,0,6180417,71898,,,,,,0,6177379,71599
10/9/20,IN,A+,3761,3534,19,227,13648,13648,1187,111,2720,357,1331943,10229,,,,,116,131493,,1816,0,,,,,134014,101184,,0,2353729,30473,,,,,1463436,12045,2353729,30473
10/9/20,KS,A+,763,,40,,3185,3185,469,64,877,119,494382,8936,,,,271,34,65807,,1855,0,,,,,,2275,,0,560189,10791,,,,,560189,10791,,0
10/9/20,KY,B,1242,1229,8,13,6033,6033,679,219,1571,172,1457629,23846,,,,,,78456,67635,1001,0,,,,,,13417,,0,1525264,24651,78322,29238,,,,0,1525264,24651
10/9/20,LA,A,5635,5442,26,193,,,582,0,,,2276681,9615,,,,,78,173406,170878,257,0,,,,,,157873,,0,2450087,9872,,,,,,0,2447559,9872
10/9/20,MA,A+,9577,9362,12,215,12846,12846,500,16,,88,2245381,18833,,,,,28,137701,135011,765,0,,,,,176443,116364,,0,4601434,59918,,,122441,147155,2380392,19567,4601434,59918
10/9/20,MD,A,3990,3845,11,145,15956,15956,391,58,,96,1577208,10334,,126269,,,,130159,130159,734,0,,,12358,,156068,7704,,0,2829423,27120,,,138627,,1707367,11068,2829423,27120
10/9/20,ME,A+,143,142,1,1,460,460,7,1,,5,485386,8410,10015,,483143,,0,5666,5075,27,0,530,,,,7005,4933,,0,491052,8437,10559,,,,,0,490461,8437
10/9/20,MI,A+,7200,6876,7,324,,,862,0,,220,3817200,41853,,,3817200,,85,147816,133134,1323,0,,,,,184064,99521,,0,3965016,43176,303491,,,,,0,4001264,43498
10/9/20,MN,A,2174,2121,14,53,8251,8251,471,64,2267,133,1434230,15593,,,,,,109312,109312,1390,0,,,,,,97715,2256165,31971,2256165,31971,,,,,1543542,16983,,0
10/9/20,MO,B,2395,,136,,,,1303,0,,,1260455,10472,75405,71709,1839237,,,139164,139164,2008,0,4042,3722,3618,,158050,,,0,2000979,21589,79581,18390,68411,12459,1399619,12480,2000979,21589
10/9/20,MP,D,2,2,0,,4,4,,0,,,15121,0,,,,,,75,75,0,0,,,,,,29,,0,15196,0,,,,,15196,0,20709,0
10/9/20,MS,A+,3080,2812,6,268,6053,6053,627,0,,130,704655,0,,,,,64,103681,94506,862,0,95,,,,,90577,,0,808336,862,40048,66989,,,,0,796968,0
10/9/20,MT,C,206,,9,,868,868,266,17,,,369347,4359,,,,,,17399,17399,722,0,,,,,,10863,,0,386746,5081,,,,,,0,386746,5081
10/9/20,NC,A+,3747,3713,25,34,,,1065,0,,299,3083854,40296,,,,,,227431,220965,2034,0,,,,,,192644,,0,3311285,42330,,8219,,,,0,3304819,42099
10/9/20,ND,B,325,,11,,1037,1037,202,21,245,39,229156,1133,9655,,,,,25965,25953,644,0,485,,,,,21755,670039,8833,670039,8833,10140,,,,255196,1789,695621,9157
10/9/20,NE,A,514,,7,,2481,2481,293,13,,,444408,3674,,,633976,,,50059,50059,663,0,,,,,61002,35456,,0,696252,8563,,,,,494780,4337,696252,8563
10/9/20,NH,B,449,,0,,747,747,14,0,238,,278750,0,,,,,,8878,8878,0,0,,,,,,7898,,0,482118,0,32172,,31384,,287628,0,482118,0
10/9/20,NJ,B,16164,14376,4,1788,23821,23821,666,58,,150,3666975,35456,,,,,53,212013,212013,865,0,,,,,,35247,,0,3878988,36321,,,,,,0,3878988,36321
10/9/20,NM,B,902,,3,,3678,3678,133,26,,,947812,5623,,,,,,32241,32241,485,0,,,,,,18335,,0,980053,6108,,,,,,0,980053,6108
10/9/20,NV,A+,1657,,8,,,,502,0,,127,645641,5270,,,,,63,84593,84593,766,0,,,,,,,1092036,9314,1092036,9314,,,,,728864,6356,1119083,17916
10/9/20,NY,B,25561,,6,,89995,89995,779,0,,168,11315044,137708,,,,,78,471696,471696,1592,0,,,,,,77432,11786740,139300,11786740,139300,,,,,,0,,0
10/9/20,OH,A+,4994,4686,11,308,16301,16301,849,101,3413,240,3371860,46392,,,,,118,166102,156480,1840,0,,,,,,141642,,0,3537962,48232,,,,,,0,3528340,48126
10/9/20,OK,A+,1091,,6,,7124,7124,749,102,,265,1224883,15577,,,1224883,,,97088,97088,1524,0,4185,,,,108540,82482,,0,1321971,17101,80939,,,,,0,1336562,17571
10/9/20,OR,A+,597,,3,,2741,2741,212,14,,49,694145,5883,,,1115705,,18,36526,34685,410,0,,,,,60964,5870,,0,1176669,13520,,,,,728830,6268,1176669,13520
10/9/20,PA,A+,8308,,9,,,,734,0,,,1999765,14662,,,,,92,169308,163321,1380,0,,,,,,137139,,0,2169073,16042,,,,,2163086,15920,3276114,36000
10/9/20,PR,B,720,541,5,179,,,354,0,,55,305972,0,,,303412,,29,26326,26326,316,0,26566,,,,7002,23603,,0,332298,316,,,,,,0,310546,0
10/9/20,RI,A+,1130,,3,,2902,2902,112,13,,10,341767,3498,,,828293,,6,26294,26294,249,0,,,,,36345,2422,864638,5209,864638,5209,,,,,368061,3747,,0
10/9/20,SC,A+,3530,3325,16,205,9519,9519,748,44,,193,1296892,21008,66398,,1250899,,99,155676,150033,921,0,7573,12054,,,196026,77102,,0,1452568,21929,73971,65448,,,,0,1446925,21822
10/9/20,SD,A,277,,5,,1782,1782,267,65,,,186938,2088,,,,,,27215,26711,804,0,,,,,,21750,,0,214153,2862,,,,,214153,2862,322126,5864
10/9/20,TN,A+,2732,2614,27,118,9133,9133,1186,39,,315,2905769,25363,,,2861272,,153,211003,201530,1556,0,,,,,246027,191651,,0,3116772,26919,,,,,,0,3107299,26790
10/9/20,TX,A,16432,,98,,,,3593,0,,1138,6289576,61176,,,,,,785830,785830,4036,0,39452,20779,,,856947,698481,,0,7075406,65212,429145,260712,,,,0,7075406,65212
10/9/20,UT,A+,505,,4,,4220,4220,261,53,957,86,796879,7046,,,1065363,380,,83290,83290,1343,0,,2727,,2589,90238,61326,,0,1155601,13277,,45157,,23582,877466,8313,1155601,13277
10/9/20,VA,A+,3344,3110,16,234,11447,11447,963,54,,205,2071582,28747,,,,,87,156649,147928,1114,0,,,,,176851,18336,2219510,29718,2219510,29718,,,,,,0,,0
10/9/20,VI,D,20,20,0,,,,,0,,,20434,68,,,,,,1324,,2,0,,,,,,1286,,0,21758,70,,,,,,0,21792,50
10/9/20,VT,B,58,58,0,,,,0,0,,,167110,968,,,,,,1851,1846,8,0,,,,,,1646,,0,314858,1873,,,,,168956,976,314858,1873
10/9/20,WA,B,2183,2183,6,,7733,7733,357,30,,72,1924553,28284,,,,,29,95205,93670,723,0,,,,,,,2016471,28994,2016471,28994,,,,,,0,,0
10/9/20,WI,A+,1451,1440,16,11,8199,8199,876,138,1261,229,1518662,11834,,,,,,152631,144818,3164,0,,,,,,115826,2603653,34811,2603653,34811,,,,,1663480,14822,,0
10/9/20,WV,B,376,372,6,4,,,164,0,,57,599916,7581,,,,,25,17707,17129,382,0,,,,,,12896,,0,617623,7963,17794,,,,,0,617045,7934
10/9/20,WY,B,54,,0,,317,317,54,4,,,103176,1326,,,201618,,,7335,6226,243,0,,,,,7423,5732,,0,209041,3017,,,,,109402,1521,209041,3017
10/8/20,AK,A,60,60,1,,337,337,46,4,,,482126,963,,,481745,,6,9045,,134,0,,,,,9133,5672,,0,491171,1097,,,,,,0,491171,1097
10/8/20,AL,A,2637,2484,36,153,17989,17989,754,74,1876,,1042046,3520,,,,1061,,161975,142664,557,0,,,,,,71240,,0,1184710,3892,,,59685,,1184710,3892,,0
10/8/20,AR,A+,1503,1359,21,144,5805,5805,546,65,,237,1025546,12903,,,1025546,723,102,90145,85980,1265,0,,3300,,4591,,81563,,0,1111526,13970,,21856,,25538,,0,1111526,13970
10/8/20,AS,D,0,,0,,,,,0,,,1616,0,,,,,,0,0,0,0,,,,,,,,0,1616,0,,,,,,0,1616,0
10/8/20,AZ,A+,5743,5456,10,287,20171,20171,728,121,,156,1312499,11551,,,,,63,223401,218596,863,0,,,,,,36534,,0,2344730,22948,299269,,,,1531095,12401,2344730,22948
10/8/20,CA,B,16361,,133,,,,3186,0,,754,14788823,63342,,,,,,834800,834800,3575,0,,,,,,,,0,15623623,66917,,,,,,0,15623623,66917
10/8/20,CO,A,2095,1729,10,366,7834,7834,356,63,,,914437,9322,160046,,,,,75785,70559,863,0,12116,,,,,6756,1496198,18897,1496198,18897,172162,,,,984996,10133,,0
10/8/20,CT,B,4527,3629,5,898,11845,11845,128,146,,,1719510,26829,,,,,,59748,57332,384,0,,,,,,9522,,0,1779258,27213,,,,,,0,1776842,27203
10/8/20,DC,A+,634,,2,,,,100,0,,25,401051,4092,,,,,15,15765,,68,0,,,,,,12431,416816,4160,416816,4160,,,,,224978,1358,,0
10/8/20,DE,A+,651,571,2,80,,,101,0,,21,279820,2197,,,,,,21682,20604,132,0,,,,,24108,11146,457055,1920,457055,1920,,,,,301502,2329,,0
10/8/20,FL,A,15254,,170,,46005,46005,2141,228,,,4763745,26741,487730,475588,6850539,,,717148,697188,3246,0,51923,,50676,,934530,,8482940,71411,8482940,71411,539844,,526404,,5475395,29978,7828266,50009
10/8/20,GA,A,7294,,35,,29386,29386,1742,78,5453,,2755714,23669,,,,,,327407,327407,1265,0,26095,,,,306421,,,0,3083121,24934,307780,,,,,0,3083121,24934
10/8/20,GU,B,58,,1,,,,50,0,,15,51137,517,,,,,,2934,2929,66,0,3,5,,,,2067,,0,54071,583,192,14,,,,0,54055,578
10/8/20,HI,B,163,,3,,894,894,109,5,,35,295153,0,,,,,18,13232,13045,108,0,,,,,12998,10573,440089,3591,440089,3591,,,,,308090,0,,-441593
10/8/20,IA,A+,1421,,6,,,,449,0,,112,710892,5719,,57806,,,63,92145,92145,1261,0,,,3550,4075,,74250,,0,803037,6980,,,61395,39309,804658,6974,,0
10/8/20,ID,A,500,459,8,41,1972,1972,191,40,470,41,283108,1999,,,,,,45753,41220,671,0,,,,,,23475,,0,324328,2534,,,,,324328,2534,,0
10/8/20,IL,A,9159,8910,32,249,,,1755,0,,392,5795080,69432,,,,,163,313439,310700,3059,0,,,,,,,,0,6108519,72491,,,,,,0,6105780,72491
10/8/20,IN,A+,3742,3515,15,227,13537,13537,1110,107,2691,342,1321714,9024,,,,,107,129677,,1450,0,,,,,132382,100528,,0,2323256,29878,,,,,1451391,10474,2323256,29878
10/8/20,KS,A+,723,,0,,3121,3121,393,0,849,103,485446,0,,,,267,34,63952,,0,0,,,,,,2231,,0,549398,0,,,,,549398,0,,0
10/8/20,KY,B,1234,1222,11,12,5814,5814,701,135,1562,174,1433783,18600,,,,,,77455,66830,868,0,,,,,,13113,,0,1500613,19282,62645,28779,,,,0,1500613,19282
10/8/20,LA,A,5609,5416,5,193,,,564,0,,,2267066,11776,,,,,79,173149,170621,524,0,,,,,,157873,,0,2440215,12300,,,,,,0,2437687,12300
10/8/20,MA,A+,9565,9350,8,215,12830,12830,484,23,,85,2226548,13626,,,,,23,136936,134277,444,0,,,,,175537,116364,,0,4541516,63385,,,122087,145573,2360825,14035,4541516,63385
10/8/20,MD,A,3979,3835,6,144,15898,15898,403,55,,98,1566874,11634,,126269,,,,129425,129425,761,0,,,12358,,155177,7676,,0,2802303,29023,,,138627,,1696299,12395,2802303,29023
10/8/20,ME,A+,142,141,0,1,459,459,7,0,,1,476976,6831,9987,,474748,,0,5639,5048,35,0,528,,,,6967,4900,,0,482615,6866,10529,,,,,0,482024,6868
10/8/20,MI,A+,7193,6869,24,324,,,862,0,,220,3775347,40804,,,3775347,,85,146493,132039,1401,0,,,,,182419,99521,,0,3921840,42205,302572,,,,,0,3957766,42115
10/8/20,MN,A,2160,2107,6,53,8187,8187,457,98,2245,139,1418637,14147,,,,,,107922,107922,1271,0,,,,,,97254,2224194,28312,2224194,28312,,,,,1526559,15418,,0
10/8/20,MO,B,2259,,23,,,,1344,0,,,1249983,10619,75135,71709,1819846,,,137156,137156,1505,0,3984,3642,3618,,155881,,,0,1979390,20929,79251,18042,68157,12276,1387139,12124,1979390,20929
10/8/20,MP,D,2,2,0,,4,4,,0,,,15121,0,,,,,,75,75,0,0,,,,,,29,,0,15196,0,,,,,15196,0,20709,0
10/8/20,MS,A+,3074,2807,23,267,6053,6053,606,0,,139,704655,0,,,,,66,102819,93881,578,0,95,,,,,90577,,0,807474,578,40048,66989,,,,0,796968,0
10/8/20,MT,C,197,,4,,851,851,263,31,,,364988,4875,,,,,,16677,16677,614,0,,,,,,10656,,0,381665,5489,,,,,,0,381665,5489
10/8/20,NC,A+,3722,3689,29,33,,,1051,0,,296,3043558,31254,,,,,,225397,219162,2428,0,,,,,,192644,,0,3268955,33682,,6114,,,,0,3262720,33473
10/8/20,ND,B,314,,6,,1016,1016,214,21,238,40,228023,1207,9655,,,,,25321,25310,523,0,485,,,,,21242,661206,6558,661206,6558,10140,,,,253407,1734,686464,6900
10/8/20,NE,A,507,,0,,2468,2468,288,32,,,440734,3497,,,624880,,,49396,49396,639,0,,,,,61554,35295,,0,687689,12674,,,,,490443,4137,687689,12674
10/8/20,NH,B,449,,1,,747,747,14,2,238,,278750,2422,,,,,,8878,8878,78,0,,,,,,7898,,0,482118,5604,32172,,31384,,287628,2500,482118,5604
10/8/20,NJ,B,16160,14373,8,1787,23763,23763,652,124,,148,3631519,59559,,,,,52,211148,211148,1298,0,,,,,,35195,,0,3842667,60857,,,,,,0,3842667,60857
10/8/20,NM,B,899,,3,,3652,3652,119,27,,,942189,8242,,,,,,31756,31756,384,0,,,,,,18045,,0,973945,8626,,,,,,0,973945,8626
10/8/20,NV,A+,1649,,13,,,,498,0,,130,640371,3209,,,,,64,83827,83827,480,0,,,,,,,1082722,8002,1082722,8002,,,,,722508,3655,1101167,7189
10/8/20,NY,B,25555,,10,,89995,89995,754,0,,172,11177336,143975,,,,,67,470104,470104,1836,0,,,,,,77351,11647440,145811,11647440,145811,,,,,,0,,0
10/8/20,OH,A+,4983,4674,13,309,16200,16200,863,109,3395,229,3325468,29322,,,,,108,164262,154746,1539,0,,,,,,140808,,0,3489730,30861,,,,,,0,3480214,30787
10/8/20,OK,A+,1085,,10,,7022,7022,697,93,,252,1209306,13035,,,1209306,,,95564,95564,1212,0,4185,,,,107221,81289,,0,1304870,14247,80939,,,,,0,1318991,13845
10/8/20,OR,A+,594,,11,,2727,2727,197,22,,39,688262,5328,,,1102668,,14,36116,34300,482,0,,,,,60481,5870,,0,1163149,11642,,,,,722562,5785,1163149,11642
10/8/20,PA,A+,8299,,27,,,,687,0,,,1985103,17561,,,,,76,167928,162063,1376,0,,,,,,136021,,0,2153031,18937,,,,,2147166,18852,3240114,35564
10/8/20,PR,B,715,536,10,179,,,315,0,,49,305972,0,,,303412,,27,26010,26010,352,0,26284,,,,7002,22805,,0,331982,352,,,,,,0,310546,0
10/8/20,RI,A+,1127,,1,,2889,2889,117,16,,12,338269,6695,,,823284,,6,26045,26045,269,0,,,,,36145,2408,859429,20947,859429,20947,,,,,364314,6964,,0
10/8/20,SC,A+,3514,3311,12,203,9475,9475,716,83,,191,1275884,18993,66116,,1230378,,94,154755,149219,1050,0,7498,11862,,,194725,76477,,0,1430639,20043,73614,63262,,,,0,1425103,19878
10/8/20,SD,A,272,,14,,1717,1717,284,20,,,184850,1976,,,,,,26411,25961,505,0,,,,,,21496,,0,211291,2511,,,,,211291,2511,316262,6421
10/8/20,TN,A+,2705,2591,63,114,9094,9094,1149,59,,307,2880406,25318,,,2836100,,158,209447,200103,1992,0,,,,,244409,189990,,0,3089853,27310,,,,,,0,3080509,27016
10/8/20,TX,A,16334,,104,,,,3556,0,,1098,6228400,64304,,,,,,781794,781794,4238,0,39230,20366,,,852037,695194,,0,7010194,68542,427731,252857,,,,0,7010194,68542
10/8/20,UT,A+,501,,5,,4167,4167,251,54,947,86,789833,8005,,,1053434,376,,81947,81947,1501,0,,2650,,2514,88890,60220,,0,1142324,12505,,43435,,22869,869153,9382,1142324,12505
10/8/20,VA,A+,3328,3097,25,231,11393,11393,933,48,,196,2042835,17984,,,,,89,155535,146957,1844,0,,,,,175080,18278,2189792,19479,2189792,19479,,,,,,0,,0
10/8/20,VI,D,20,20,0,,,,,0,,,20366,93,,,,,,1322,,1,0,,,,,,1286,,0,21688,94,,,,,,0,21742,112
10/8/20,VT,B,58,58,0,,,,1,0,,,166142,1242,,,,,,1843,1838,11,0,,,,,,1638,,0,312985,5575,,,,,167980,1253,312985,5575
10/8/20,WA,B,2177,2177,12,,7703,7703,383,30,,73,1896269,25865,,,,,30,94482,92976,723,0,,,,,,,1987477,26410,1987477,26410,,,,,,0,,0
10/8/20,WI,A+,1435,1424,9,11,8061,8061,907,110,1253,228,1506828,13524,,,,,,149467,141830,3274,0,,,,,,113596,2568842,30423,2568842,30423,,,,,1648658,16656,,0
10/8/20,WV,B,370,365,1,5,,,168,0,,59,592335,6129,,,,,29,17325,16776,186,0,,,,,,12699,,0,609660,6315,17730,,,,,0,609111,6309
10/8/20,WY,B,54,,1,,313,313,56,8,,,101850,904,,,198800,,,7092,6031,193,0,,,,,7224,5603,,0,206024,3321,,,,,107881,1069,206024,3321
10/7/20,AK,A,59,59,1,,333,333,46,5,,,481163,10579,,,480682,,6,8911,,121,0,,,,,9099,5626,,0,490074,10700,,,,,,0,490074,10700
10/7/20,AL,A,2601,2454,21,147,17915,17915,777,216,1867,,1038526,7233,,,,1057,,161418,142292,941,0,,,,,,67948,,0,1180818,7971,,,59483,,1180818,7971,,0
10/7/20,AR,A+,1482,1337,35,145,5740,5740,519,82,,235,1012643,9202,,,1012643,715,98,88880,84914,809,0,,3300,,4377,,80703,,0,1097556,9885,,21856,,24364,,0,1097556,9885
10/7/20,AS,D,0,,0,,,,,0,,,1616,0,,,,,,0,0,0,0,,,,,,,,0,1616,0,,,,,,0,1616,0
10/7/20,AZ,A+,5733,5447,20,286,20050,20050,681,63,,147,1300948,6675,,,,,66,222538,217746,604,0,,,,,,36336,,0,2321782,24292,298414,,,,1518694,7267,2321782,24292
10/7/20,CA,B,16228,,51,,,,3204,0,,797,14725481,123521,,,,,,831225,831225,2764,0,,,,,,,,0,15556706,126285,,,,,,0,15556706,126285
10/7/20,CO,A,2085,1720,4,365,7771,7771,369,50,,,905115,8715,159485,,,,,74922,69748,731,0,12048,,,,,6727,1477301,17969,1477301,17969,171533,,,,974863,9414,,0
10/7/20,CT,B,4522,3624,1,898,11699,11699,138,0,,,1692681,7488,,,,,,59364,56958,123,0,,,,,,9408,,0,1752045,7611,,,,,,0,1749639,7617
10/7/20,DC,A+,632,,1,,,,103,0,,30,396959,2582,,,,,16,15697,,45,0,,,,,,12350,412656,2627,412656,2627,,,,,223620,896,,0
10/7/20,DE,A+,649,569,3,80,,,89,0,,18,277623,1576,,,,,,21550,20474,84,0,,,,,24043,11071,455135,3109,455135,3109,,,,,299173,1660,,0
10/7/20,FL,A,15084,,139,,45777,45777,2121,258,,,4737004,23551,487730,475588,6804700,,,713902,694361,2544,0,51923,,50676,,930493,,8411529,60824,8411529,60824,539844,,526404,,5445417,26074,7778257,44076
10/7/20,GA,A,7259,,30,,29308,29308,1770,154,5439,,2732045,11903,,,,,,326142,326142,1492,0,26016,,,,305174,,,0,3058187,13395,307358,,,,,0,3058187,13395
10/7/20,GU,B,57,,2,,,,45,0,,15,50620,422,,,,,,2868,2864,54,0,3,4,,,,1924,,0,53488,476,191,9,,,,0,53477,470
10/7/20,HI,B,160,,3,,889,889,115,0,,35,295153,1166,,,,,18,13124,12937,83,0,,,,,12910,10526,436498,3344,436498,3344,,,,,308090,1249,441593,3381
10/7/20,IA,A+,1415,,15,,,,444,0,,104,705173,4264,,57385,,,42,90884,90884,950,0,,,3531,3691,,73311,,0,796057,5214,,,60955,36763,797684,5266,,0
10/7/20,ID,A,492,452,5,40,1932,1932,151,21,468,36,281109,1295,,,,,,45082,40685,660,0,,,,,,23288,,0,321794,1849,,,,,321794,1849,,0
10/7/20,IL,A,9127,8878,42,249,,,1679,0,,372,5725648,56190,,,,,165,310380,307641,2630,0,,,,,,,,0,6036028,58820,,,,,,0,6033289,58820
10/7/20,IN,A+,3727,3500,16,227,13430,13430,1081,106,2683,333,1312690,7417,,,,,101,128227,,1281,0,,,,,130884,99802,,0,2293378,34767,,,,,1440917,8698,2293378,34767
10/7/20,KS,A+,723,,17,,3121,3121,352,85,849,103,485446,7048,,,,267,33,63952,,1244,0,,,,,,2231,,0,549398,8292,,,,,549398,8292,,0
10/7/20,KY,B,1223,1211,5,12,5679,5679,672,57,1554,161,1415183,13623,,,,,,76587,66148,2393,0,,,,,,12800,,0,1481331,15421,58924,28287,,,,0,1481331,15421
10/7/20,LA,A,5604,5411,12,193,,,552,0,,,2255290,21979,,,,,78,172625,170097,2156,0,,,,,,157873,,0,2427915,24135,,,,,,0,2425387,23032
10/7/20,MA,A+,9557,9342,19,215,12807,12807,515,32,,83,2212922,15625,,,,,34,136492,133868,535,0,,,,,175047,116364,,0,4478131,61703,,,121906,143436,2346790,16134,4478131,61703
10/7/20,MD,A,3973,3829,6,144,15843,15843,391,52,,93,1555240,8217,,126269,,,,128664,128664,460,0,,,12358,,154217,7665,,0,2773280,20734,,,138627,,1683904,8677,2773280,20734
10/7/20,ME,A+,142,141,0,1,459,459,9,2,,2,470145,6490,9964,,467918,,0,5604,5011,39,0,528,,,,6930,4880,,0,475749,6529,10506,,,,,0,475156,6518
10/7/20,MI,A+,7169,6847,8,322,,,687,0,,201,3734543,33459,,,3734543,,88,145092,130842,1214,0,,,,,181108,99521,,0,3879635,34673,301600,,,,,0,3915651,34681
10/7/20,MN,A,2154,2101,14,53,8089,8089,367,69,2223,123,1404490,7494,,,,,,106651,106651,911,0,,,,,,96616,2195882,12912,2195882,12912,,,,,1511141,8405,,0
10/7/20,MO,B,2236,,36,,,,1352,0,,,1239364,6808,74942,71709,1800597,,,135651,135651,1068,0,3953,3503,3618,,154257,,,0,1958461,11857,79027,16095,67984,11596,1375015,7876,1958461,11857
10/7/20,MP,D,2,2,0,,4,4,,0,,,15121,0,,,,,,75,75,0,0,,,,,,29,,0,15196,0,,,,,15196,0,20709,0
10/7/20,MS,A+,3051,2794,38,257,6053,6053,571,0,,127,704655,0,,,,,62,102241,93422,1538,0,95,,,,,90577,,0,806896,1538,40048,66989,,,,0,796968,0
10/7/20,MT,C,193,,1,,820,820,235,47,,,360113,2740,,,,,,16063,16063,716,0,,,,,,10518,,0,376176,3456,,,,,,0,376176,3456
10/7/20,NC,A+,3693,3661,23,32,,,1028,0,,288,3012304,16876,,,,,,222969,216943,1711,0,,,,,,192644,,0,3235273,18587,,5101,,,,0,3229247,18342
10/7/20,ND,B,308,,24,,995,995,116,27,235,27,226816,1093,9639,,,,,24798,24787,490,0,485,,,,,20847,654648,6242,654648,6242,10124,,,,251673,1586,679564,6561
10/7/20,NE,A,507,,4,,2436,2436,262,29,,,437237,4483,,,615248,,,48757,48757,498,0,,,,,58518,35052,,0,675015,11417,,,,,486306,4978,675015,11417
10/7/20,NH,B,448,,2,,745,745,18,2,236,,276328,1588,,,,,,8800,8800,69,0,,,,,,7845,,0,476514,7122,32113,,31327,,285128,1657,476514,7122
10/7/20,NJ,B,16152,14364,5,1787,23639,23639,601,62,,134,3571960,22615,,,,,46,209850,209850,508,0,,,,,,35145,,0,3781810,23123,,,,,,0,3781810,23752
10/7/20,NM,B,896,,2,,3625,3625,109,16,,,933947,3960,,,,,,31372,31372,425,0,,,,,,17766,,0,965319,4385,,,,,,0,965319,4385
10/7/20,NV,A+,1636,,7,,,,495,0,,137,637162,1346,,,,,67,83347,83347,431,0,,,,,,,1074720,11026,1074720,11026,,,,,718853,1414,1093978,1066
10/7/20,NY,B,25545,,9,,89995,89995,748,0,,176,11033361,106886,,,,,72,468268,468268,1360,0,,,,,,77267,11501629,108246,11501629,108246,,,,,,0,,0
10/7/20,OH,A+,4970,4661,23,309,16091,16091,814,119,3384,222,3296146,29473,,,,,107,162723,153281,1424,0,,,,,,139831,,0,3458869,30897,,,,,,0,3449427,30771
10/7/20,OK,A+,1075,,9,,6929,6929,738,113,,258,1196271,9556,,,1196271,,,94352,94352,1006,0,4185,,,,105881,80211,,0,1290623,10562,80939,,,,,0,1305146,10614
10/7/20,OR,A+,583,,2,,2705,2705,197,25,,39,682934,4876,,,1091381,,14,35634,33843,294,0,,,,,60126,5870,,0,1151507,9830,,,,,716777,5144,1151507,9830
10/7/20,PA,A+,8272,,28,,,,657,0,,,1967542,15550,,,,,80,166552,160772,1309,0,,,,,,134907,,0,2134094,16859,,,,,2128314,16732,3204550,38925
10/7/20,PR,B,705,528,9,177,,,325,0,,51,305972,0,,,303412,,36,25658,25658,23,0,26110,,,,7002,22346,,0,331630,23,,,,,,0,310546,0
10/7/20,RI,A+,1126,,1,,2873,2873,107,24,,10,331574,3089,,,802615,,5,25776,25776,180,0,,,,,35867,2402,838482,10468,838482,10468,,,,,357350,3269,,0
10/7/20,SC,A+,3502,3300,31,202,9392,9392,707,61,,183,1256891,6725,65678,,1211792,,93,153705,148334,735,0,7422,11623,,,193433,75768,,0,1410596,7460,73100,60381,,,,0,1405225,7259
10/7/20,SD,A,258,,10,,1697,1697,273,27,,,182874,6273,,,,,,25906,25433,1030,0,,,,,,21137,,0,208780,7303,,,,,208780,7303,309841,15234
10/7/20,TN,A+,2642,2530,21,112,9035,9035,1155,59,,319,2855088,20181,,,2810943,,151,207455,198405,2080,0,,,,,242550,188576,,0,3062543,22261,,,,,,0,3053493,21963
10/7/20,TX,A,16230,,119,,,,3519,0,,1052,6164096,64783,,,,,,777556,777556,4121,0,38678,20019,,,847282,692123,,0,6941652,68904,422880,246334,,,,0,6941652,68904
10/7/20,UT,A+,496,,8,,4113,4113,233,55,941,87,781828,4207,,,1042333,371,,80446,80446,1007,0,,2507,,2371,87486,59289,,0,1129819,12188,,40491,,21669,859771,4859,1129819,12188
10/7/20,VA,A+,3303,3088,12,215,11345,11345,1003,29,,228,2024851,15670,,,,,109,153691,145462,509,0,,,,,174072,18189,2170313,16145,2170313,16145,,,,,,0,,0
10/7/20,VI,D,20,20,0,,,,,0,,,20273,118,,,,,,1321,,-1,0,,,,,,1286,,0,21594,117,,,,,,0,21630,123
10/7/20,VT,B,58,58,0,,,,1,0,,,164900,558,,,,,,1832,1827,7,0,,,,,,1635,,0,307410,1320,,,,,166727,564,307410,1320
10/7/20,WA,B,2165,2165,7,,7673,7673,355,51,,68,1870404,9273,,,,,31,93759,92284,906,0,,,,,,,1961067,9660,1961067,9660,,,,,,0,,0
10/7/20,WI,A+,1426,1415,16,11,7951,7951,873,141,1233,219,1493304,11188,,,,,,146193,138698,2463,0,,,,,,111765,2538419,27346,2538419,27346,,,,,1632002,13507,,0
10/7/20,WV,B,369,364,5,5,,,168,0,,62,586206,3589,,,,,28,17139,16596,203,0,,,,,,12443,,0,603345,3792,17671,,,,,0,602802,3762
10/7/20,WY,B,53,,0,,305,305,47,1,,,100946,1034,,,195701,,,6899,5866,129,0,,,,,7002,5504,,0,202703,4195,,,,,106812,1149,202703,4195
10/6/20,AK,A,58,58,0,,328,328,45,3,,,470584,-147,,,470291,,6,8790,,147,0,,,,,8790,5455,,0,479374,0,,,,,,0,479374,0
10/6/20,AL,A,2580,2436,21,144,17699,17699,764,0,1862,,1031293,4702,,,,1056,,160477,141554,764,0,,,,,,67948,,0,1172847,5334,,,59331,,1172847,5334,,0
10/6/20,AR,A+,1447,1299,0,148,5658,5658,523,72,,237,1003441,7995,,,1003441,701,99,88071,84230,641,0,,3300,,4228,,79052,,0,1087671,8527,,21856,,23346,,0,1087671,8527
10/6/20,AS,D,0,,0,,,,,0,,,1616,0,,,,,,0,0,0,0,,,,,,,,0,1616,0,,,,,,0,1616,0
10/6/20,AZ,A+,5713,5427,6,286,19987,19987,665,-2316,,138,1294273,7733,,,,,65,221934,217154,864,0,,,,,,36167,,0,2297490,23800,297900,,,,1511427,8554,2297490,23800
10/6/20,CA,B,16177,,28,,,,3175,0,,809,14601960,127063,,,,,,828461,828461,1677,0,,,,,,,,0,15430421,128740,,,,,,0,15430421,128740
10/6/20,CO,A,2081,1718,12,363,7721,7721,343,28,,,896400,7316,159182,,,,,74191,69049,654,0,12017,,,,,6696,1459332,15070,1459332,15070,171199,,,,965449,7916,,0
10/6/20,CT,B,4521,3623,4,898,11699,11699,129,0,,,1685193,17592,,,,,,59241,56829,121,0,,,,,,9408,,0,1744434,17713,,,,,,0,1742022,17714
10/6/20,DC,A+,631,,0,,,,105,0,,30,394377,8356,,,,,15,15652,,105,0,,,,,,12350,410029,8461,410029,8461,,,,,222724,2812,,0
10/6/20,DE,A+,646,566,1,80,,,87,0,,20,276047,1575,,,,,,21466,20392,103,0,,,,,23951,10990,452026,3681,452026,3681,,,,,297513,1678,,0
10/6/20,FL,A,14945,,59,,45519,45519,2151,237,,,4713453,18644,478794,467286,6764112,,,711358,692335,2201,0,49819,,48639,,927148,,8350705,42993,8350705,42993,528773,,516042,,5419343,20855,7734181,35706
10/6/20,GA,A,7229,,37,,29154,29154,1779,167,5405,,2720142,11099,,,,,,324650,324650,936,0,25968,,,,304401,,,0,3044792,12035,306996,,,,,0,3044792,12035
10/6/20,GU,B,55,,0,,,,42,0,,14,50198,586,,,,,,2814,2814,61,0,3,4,,,,1922,,0,53012,647,191,7,,,,0,53007,646
10/6/20,HI,B,157,,1,,889,889,128,0,,39,293987,866,,,,,29,13041,12854,50,0,,,,,12819,10470,433154,1750,433154,1750,,,,,306841,916,438212,1750
10/6/20,IA,A+,1400,,11,,,,413,0,,104,700909,2355,,57083,,,43,89934,89934,474,0,,,3515,3629,,72273,,0,790843,2829,,,60637,35866,792418,2842,,0
10/6/20,ID,A,487,447,5,40,1911,1911,151,8,466,36,279814,1369,,,,,,44422,40131,458,0,,,,,,23115,,0,319945,1778,,,,,319945,1778,,0
10/6/20,IL,A,9085,8836,31,249,,,1673,0,,384,5669458,47896,,,,,159,307750,305011,1617,0,,,,,,,,0,5977208,49513,,,,,,0,5974469,49513
10/6/20,IN,A+,3711,3484,30,227,13324,13324,1138,85,2658,333,1305273,6074,,,,,103,126946,,970,0,,,,,129432,98988,,0,2258611,31776,,,,,1432219,7044,2258611,31776
10/6/20,KS,A+,706,,0,,3036,3036,352,0,827,103,478398,0,,,,261,33,62708,,0,0,,,,,,2165,,0,541106,0,,,,,541106,0,,0
10/6/20,KY,B,1218,1206,4,12,5622,5622,592,65,1545,150,1401560,11440,,,,,,74194,64350,1036,0,,,,,,12751,,0,1465910,12132,58880,27877,,,,0,1465910,12132
10/6/20,LA,A,5592,5402,6,190,,,567,0,,,2233311,12228,,,,,71,170469,169044,532,0,,,,,,154163,,0,2403780,12760,,,,,,0,2402355,12760
10/6/20,MA,A+,9538,9323,8,215,12775,12775,494,20,,85,2197297,12331,,,,,31,135957,133359,495,0,,,,,174382,113768,,0,4416428,45378,,,121620,141849,2330656,12785,4416428,45378
10/6/20,MD,A,3967,3823,6,144,15791,15791,360,46,,88,1547023,6497,,123287,,,,128204,128204,413,0,,,11906,,153621,7661,,0,2752546,17746,,,135193,,1675227,6910,2752546,17746
10/6/20,ME,A+,142,141,0,1,457,457,7,3,,1,463655,2518,9952,,461455,,0,5565,4983,20,0,528,,,,6877,4839,,0,469220,2538,10494,,,,,0,468638,2538
10/6/20,MI,A+,7161,6838,22,323,,,678,0,,158,3701084,24983,,,3701084,,75,143878,129826,1152,0,,,,,179886,99521,,0,3844962,26135,300923,,,,,0,3880970,25864
10/6/20,MN,A,2140,2087,4,53,8020,8020,367,80,2212,123,1396996,7618,,,,,,105740,105740,941,0,,,,,,95614,2182970,13184,2182970,13184,,,,,1502736,8559,,0
10/6/20,MO,B,2200,,26,,,,1249,0,,,1232556,7306,74665,71709,1789896,,,134583,134583,1165,0,3912,3369,3618,,153132,,,0,1946604,16518,78709,15458,67764,11216,1367139,8471,1946604,16518
10/6/20,MP,D,2,2,0,,4,4,,0,,,15121,0,,,,,,75,75,0,0,,,,,,29,,0,15196,0,,,,,15196,0,20709,0
10/6/20,MS,A+,3013,2765,0,248,6053,6053,554,0,,128,704655,0,,,,,64,100703,92313,0,0,95,,,,,90577,,0,805358,0,40048,66989,,,,0,796968,0
10/6/20,MT,C,192,,2,,773,773,216,19,,,357373,2245,,,,,,15347,15347,500,0,,,,,,10172,,0,372720,2745,,,,,,0,372720,2745
10/6/20,NC,A+,3670,3639,33,31,,,1013,0,,290,2995428,21266,,,,,,221258,215477,1504,0,,,,,,192644,,0,3216686,22770,,4508,,,,0,3210905,22534
10/6/20,ND,B,284,,4,,968,968,116,29,233,27,225723,933,9487,,,,,24308,24297,502,0,471,,,,,20392,648406,5737,648406,5737,9958,,,,250087,1435,673003,6072
10/6/20,NE,A,503,,2,,2407,2407,271,10,,,432754,3609,,,604432,,,48259,48259,452,0,,,,,57938,34830,,0,663598,8067,,,,,481328,4062,663598,8067
10/6/20,NH,B,446,,2,,743,743,20,0,236,,274740,1761,,,,,,8731,8731,51,0,,,,,,7785,,0,469392,3514,32059,,31302,,283471,812,469392,3514
10/6/20,NJ,A+,16147,14360,9,1787,23577,23577,553,0,,126,3549345,0,,,,,43,209342,209342,629,0,,,,,,35102,,0,3758687,629,,,,,,0,3758058,0
10/6/20,NM,B,894,,0,,3609,3609,110,28,,,929987,6023,,,,,,30947,30947,315,0,,,,,,17489,,0,960934,6338,,,,,,0,960934,6338
10/6/20,NV,A+,1629,,6,,,,485,0,,125,635816,1689,,,,,69,82916,82916,479,0,,,,,,,1063694,7635,1063694,7635,,,,,717439,1983,1092912,3855
10/6/20,NY,B,25536,,9,,89995,89995,705,0,,158,10926475,94966,,,,,72,466908,466908,1393,0,,,,,,77192,11393383,96359,11393383,96359,,,,,,0,,0
10/6/20,OH,A+,4947,4638,16,309,15972,15972,777,132,3367,207,3266673,38451,,,,,103,161299,151983,1335,0,,,,,,138807,,0,3427972,39786,,,,,,0,3418656,39673
10/6/20,OK,A+,1066,,11,,6816,6816,699,142,,228,1186715,29641,,,1186715,,,93346,93346,1364,0,4185,,,,104865,79219,,0,1280061,31005,80939,,,,,0,1294532,32219
10/6/20,OR,A+,581,,9,,2680,2680,178,23,,55,678058,4095,,,1081833,,18,35340,33575,291,0,,,,,59844,5870,,0,1141677,8578,,,,,711633,4341,1141677,8578
10/6/20,PA,A+,8244,,17,,,,633,0,,,1951992,11040,,,,,74,165243,159590,1036,0,,,,,,135499,,0,2117235,12076,,,,,2111582,11967,3165625,26043
10/6/20,PR,C,696,519,1,177,,,322,0,,61,305972,0,,,303412,,33,25635,25635,238,0,26102,,,,7002,,,0,331607,238,,,,,,0,310546,0
10/6/20,RI,A+,1125,,4,,2849,2849,93,14,,8,328485,2643,,,792349,,4,25596,25596,177,0,,,,,35665,2393,828014,7709,828014,7709,,,,,354081,2820,,0
10/6/20,SC,A+,3471,3275,15,196,9331,9331,655,48,,167,1250166,13219,65534,,1205239,,87,152970,147800,811,0,7359,11303,,,192727,74949,,0,1403136,14030,72893,58125,,,,0,1397966,13903
10/6/20,SD,A,248,,0,,1670,1670,250,28,,,176601,756,,,,,,24876,,278,0,,,,,,20449,,0,201477,1034,,,,,201477,1034,294607,2838
10/6/20,TN,A+,2621,2511,24,110,8976,8976,1115,53,,302,2834907,23942,,,2790974,,143,205375,196623,1676,0,,,,,240556,187026,,0,3040282,25618,,,,,,0,3031530,25345
10/6/20,TX,A,16111,,78,,,,3394,0,,1080,6099313,65729,,,,,,773435,773435,4132,0,38448,19665,,,843046,687277,,0,6872748,69861,421087,238557,,,,0,6872748,69861
10/6/20,UT,A+,488,,6,,4058,4058,245,39,937,79,777621,1932,,,1031373,370,,79439,79439,716,0,,2371,,2242,86258,58534,,0,1117631,10769,,38427,,20689,854912,2250,1117631,10769
10/6/20,VA,A+,3291,3077,15,214,11316,11316,926,57,,219,2009181,13629,,,,,104,153182,144987,625,0,,,,,173202,18112,2154168,14177,2154168,14177,,,,,,0,,0
10/6/20,VI,D,20,20,0,,,,,0,,,20155,0,,,,,,1322,,0,0,,,,,,1283,,0,21477,0,,,,,,0,21507,0
10/6/20,VT,B,58,58,0,,,,1,0,,,164342,481,,,,,,1825,1821,4,0,,,,,,1632,,0,306090,902,,,,,166163,485,306090,902
10/6/20,WA,B,2158,2158,16,,7622,7622,347,-6,,64,1861131,15106,,,,,31,92853,91424,252,0,,,,,,,1951407,15508,1951407,15508,,,,,,0,,0
10/6/20,WI,A+,1410,1399,18,11,7810,7810,853,108,1225,261,1482116,9539,,,,,,143730,136379,2075,0,,,,,,110110,2511073,23124,2511073,23124,,,,,1618495,11559,,0
10/6/20,WV,B,364,359,3,5,,,168,0,,65,582617,2828,,,,,35,16936,16423,194,0,,,,,,12242,,0,599553,3022,17644,,,,,0,599040,3000
10/6/20,WY,B,53,,0,,304,304,44,10,,,99912,379,,,191790,,,6770,5751,141,0,,,,,6718,5418,,0,198508,5935,,,,,105663,470,198508,5935
10/5/20,AK,A,58,58,0,,325,325,45,1,,,470731,2360,,,470291,,6,8643,,196,0,,,,,8790,5455,,0,479374,2556,,,,,,0,479374,2556
10/5/20,AL,A,2559,2417,1,142,17699,17699,791,279,1847,,1026591,4518,,,,1047,,159713,140922,544,0,,,,,,67948,,0,1167513,4995,,,59283,,1167513,4995,,0
10/5/20,AR,A+,1447,1299,22,148,5586,5586,516,36,,233,995446,6409,,,995446,696,93,87430,83698,417,0,,3300,,4109,,79052,,0,1079144,6801,,21856,,22028,,0,1079144,6801
10/5/20,AS,D,0,,0,,,,,0,,,1616,0,,,,,,0,0,0,0,,,,,,,,0,1616,0,,,,,,0,1616,0
10/5/20,AZ,A+,5707,5423,1,284,22303,22303,567,9,,134,1286540,6436,,,,,57,221070,216333,316,0,,,,,,36007,,0,2273690,7473,297329,,,,1502873,6742,2273690,7473
10/5/20,CA,B,16149,,29,,,,3146,0,,805,14474897,138339,,,,,,826784,826784,3055,0,,,,,,,,0,15301681,141394,,,,,,0,15301681,141394
10/5/20,CO,A,2069,1707,1,362,7693,7693,325,20,,,889084,6341,158899,,,,,73537,68449,461,0,11998,,,,,6655,1444262,13722,1444262,13722,170897,,,,957533,6774,,0
10/5/20,CT,B,4517,3619,4,898,11699,11699,129,0,,,1667601,49488,,,,,,59120,56707,823,0,,,,,,9408,,0,1726721,50311,,,,,,0,1724308,50333
10/5/20,DC,A+,631,,0,,,,95,0,,28,386021,1715,,,,,12,15547,,28,0,,,,,,12306,401568,1743,401568,1743,,,,,219912,523,,0
10/5/20,DE,A+,645,565,0,80,,,81,0,,20,274472,1626,,,,,,21363,20287,120,0,,,,,23850,10880,448345,5425,448345,5425,,,,,295835,1746,,0
10/5/20,FL,A,14886,,41,,45282,45282,2118,67,,,4694809,14394,478794,467286,6731612,,,709157,690604,1406,0,49819,,48639,,924053,,8307712,35365,8307712,35365,528773,,516042,,5398488,36162,7698475,29364
10/5/20,GA,A,7192,,30,,28987,28987,1822,29,5370,,2709043,13350,,,,,,323714,323714,789,0,25963,,,,303602,,,0,3032757,14139,306927,,,,,0,3032757,14139
10/5/20,GU,B,55,,3,,,,33,0,,13,49612,555,,,,,,2753,2751,54,0,3,2,,,,1895,,0,52365,609,189,2,,,,0,52361,1247
10/5/20,HI,B,156,,3,,889,889,128,4,,39,293121,1893,,,,,29,12991,12804,70,0,,,,,12770,10446,431404,3561,431404,3561,,,,,305925,1963,436462,3751
10/5/20,IA,A+,1389,,7,,,,389,0,,99,698554,2083,,56852,,,43,89460,89460,364,0,,,3497,3526,,71920,,0,788014,2447,,,60388,34953,789576,2449,,0
10/5/20,ID,A,482,442,2,40,1903,1903,152,3,466,49,278445,1569,,,,,,43964,39722,262,0,,,,,,22930,,0,318167,1797,,,,,318167,1797,,0
10/5/20,IL,A,9054,8805,14,249,,,1631,0,,382,5621562,36685,,,,,155,306133,303394,1853,0,,,,,,,,0,5927695,38538,,,,,,0,5924956,38538
10/5/20,IN,A+,3681,3454,7,227,13239,13239,1019,91,2640,308,1299199,6282,,,,,103,125976,,830,0,,,,,127617,98127,,0,2226835,6242,,,,,1425175,7112,2226835,6242
10/5/20,KS,A+,706,,8,,3036,3036,352,53,827,103,478398,8392,,,,261,33,62708,,1597,0,,,,,,2165,,0,541106,9989,,,,,541106,9989,,0
10/5/20,KY,B,1214,1202,5,12,5557,5557,563,195,1540,145,1390120,18265,,,,,,73158,63658,541,0,,,,,,12445,,0,1453778,19254,58800,27129,,,,0,1453778,19254
10/5/20,LA,A,5586,5396,9,190,,,547,0,,,2221083,7132,,,,,71,169937,168512,218,0,,,,,,154163,,0,2391020,7350,,,,,,0,2389595,7350
10/5/20,MA,A+,9530,9315,20,215,12755,12755,473,6,,88,2184966,10800,,,,,33,135462,132905,515,0,,,,,173830,113768,,0,4371050,36549,,,121464,139854,2317871,11265,4371050,36549
10/5/20,MD,A,3961,3817,3,144,15745,15745,338,40,,85,1540526,7969,,123287,,,,127791,127791,501,0,,,11906,,153142,7657,,0,2734800,19570,,,135193,,1668317,8470,2734800,19570
10/5/20,ME,A+,142,141,0,1,454,454,10,0,,1,461137,17315,9945,,458935,,1,5545,4963,26,0,528,,,,6860,4807,,0,466682,17341,10487,,,,,0,466100,17378
10/5/20,MI,A+,7139,6816,15,323,,,678,0,,158,3676101,53098,,,3676101,,67,142726,128923,1455,0,,,,,179005,99521,,0,3818827,54553,299146,,,,,0,3855106,55071
10/5/20,MN,A,2136,2083,3,53,7940,7940,367,53,2189,123,1389378,12985,,,,,,104799,104799,973,0,,,,,,94416,2169786,23375,2169786,23375,,,,,1494177,13958,,0
10/5/20,MO,B,2174,,1,,,,1201,0,,,1225250,6936,74599,71709,1774689,,,133418,133418,987,0,3893,3311,3618,,151860,,,0,1930086,13339,78620,15027,67695,10968,1358668,7923,1930086,13339
10/5/20,MP,D,2,2,0,,4,4,,0,,,15121,9,,,,,,75,75,2,0,,,,,,29,,0,15196,11,,,,,15196,14,20709,290
10/5/20,MS,A+,3013,2765,0,248,6053,6053,554,78,,128,704655,65812,,,,,64,100703,92313,215,0,95,,,,,90577,,0,805358,66027,40048,66989,,,,0,796968,68449
10/5/20,MT,C,190,,3,,754,754,201,10,,,355128,12350,,,,,,14847,14847,212,0,,,,,,9649,,0,369975,12562,,,,,,0,369975,12562
10/5/20,NC,A+,3637,3606,3,31,,,971,0,,274,2974162,30690,,,,,,219754,214209,2258,0,,,,,,192644,,0,3193916,32948,,4175,,,,0,3188371,32938
10/5/20,ND,B,280,,3,,939,939,112,14,226,24,224790,748,9487,,,,,23806,23795,311,0,471,,,,,19892,642669,4349,642669,4349,9958,,,,248652,1060,666931,4647
10/5/20,NE,A,501,,4,,2397,2397,249,9,,,429145,3195,,,596884,,,47807,47807,404,0,,,,,57437,34613,,0,655531,5663,,,,,477266,3600,655531,5663
10/5/20,NH,B,444,,1,,743,743,22,0,236,,272979,2012,,,,,,8680,8680,35,0,,,,,,7746,,0,465878,0,32043,,31281,,282659,3095,465878,0
10/5/20,NJ,A+,16138,14351,2,1787,23577,23577,507,17,,102,3549345,23453,,,,,34,208713,208713,511,0,,,,,,35070,,0,3758058,23964,,,,,,0,3758058,23964
10/5/20,NM,C,894,,2,,3581,3581,97,20,,,923964,6496,,,,,,30632,30632,155,0,,,,,,17330,,0,954596,6651,,,,,,0,954596,6651
10/5/20,NV,A+,1623,,0,,,,441,0,,114,634127,2838,,,,,64,82437,82437,337,0,,,,,,,1056059,2385,1056059,2385,,,,,715456,3252,1089057,6736
10/5/20,NY,B,25527,,8,,89995,89995,636,0,,149,10831509,75471,,,,,70,465515,465515,933,0,,,,,,77141,11297024,76404,11297024,76404,,,,,,0,,0
10/5/20,OH,A+,4931,4622,6,309,15840,15840,657,73,3331,189,3228222,30454,,,,,90,159964,150761,1057,0,,,,,,137633,,0,3388186,31511,,,,,,0,3378983,31453
10/5/20,OK,A+,1055,,3,,6674,6674,655,104,,228,1157074,0,,,1157074,,,91982,91982,665,0,4185,,,,102465,78155,,0,1249056,665,80939,,,,,0,1262313,0
10/5/20,OR,A+,572,,0,,2657,2657,184,39,,43,673963,3297,,,1073541,,18,35049,33329,279,0,,,,,59558,5826,,0,1133099,5690,,,,,707292,11676,1133099,5690
10/5/20,PA,A+,8227,,11,,,,594,0,,,1940952,9317,,,,,75,164207,158663,672,0,,,,,,134649,,0,2105159,9989,,,,,2099615,9979,3139582,19161
10/5/20,PR,C,695,518,9,177,,,321,0,,56,305972,0,,,303412,,41,25397,25397,363,0,25908,,,,7002,,,0,331369,363,,,,,,0,310546,0
10/5/20,RI,A+,1121,,1,,2835,2835,92,0,,7,325842,641,,,784802,,4,25419,25419,50,0,,,,,35503,2381,820305,1553,820305,1553,,,,,351261,691,,0
10/5/20,SC,A+,3456,3258,3,198,9283,9283,593,24,,150,1236947,10443,65332,,1192640,,72,152159,147116,577,0,7320,11062,,,191423,74272,,0,1389106,11020,72652,55266,,,,0,1384063,10983
10/5/20,SD,A,248,,0,,1642,1642,241,10,,,175845,488,,,,,,24598,,180,0,,,,,,20076,,0,200443,668,,,,,200443,668,291769,1806
10/5/20,TN,A+,2597,2489,20,108,8923,8923,975,40,,269,2810965,41787,,,2767483,,122,203699,195220,2489,0,,,,,238702,185221,,0,3014664,44276,,,,,,0,3006185,44101
10/5/20,TX,A,16033,,8,,,,3318,0,,1107,6033584,16715,,,,,,769303,769303,3409,0,38354,19234,,,838058,683700,,0,6802887,20124,420372,229474,,,,0,6802887,20124
10/5/20,UT,A+,482,,4,,4019,4019,222,39,928,74,775689,3477,,,1021751,366,,78723,78723,1105,0,,2330,,2202,85111,57965,,0,1106862,7533,,37827,,20437,852662,3904,1106862,7533
10/5/20,VA,A+,3276,3063,3,213,11259,11259,925,38,,213,1995552,24597,,,,,101,152557,144439,687,0,,,,,172487,17893,2139991,26113,2139991,26113,,,,,,0,,0
10/5/20,VI,D,20,20,0,,,,,0,,,20155,243,,,,,,1322,,-5,0,,,,,,1283,,0,21477,238,,,,,,0,21507,238
10/5/20,VT,B,58,58,0,,,,1,0,,,163861,892,,,,,,1821,1817,33,0,,,,,,1625,,0,305188,4538,,,,,165678,925,305188,4538
10/5/20,WA,B,2142,2142,0,,7628,7628,367,17,,78,1846025,12488,,,,,29,92601,91178,403,0,,,,,,,1935899,12943,1935899,12943,,,,,,0,,0
10/5/20,WI,A+,1392,1381,4,11,7702,7702,782,56,1212,209,1472577,6864,,,,,,141655,134359,1727,0,,,,,,108371,2487949,21775,2487949,21775,,,,,1606936,8560,,0
10/5/20,WV,B,361,353,3,5,,,165,0,,60,579789,6338,,,,,28,16742,16251,114,0,,,,,,12051,,0,596531,6452,17545,,,,,0,596040,6457
10/5/20,WY,B,53,,0,,294,294,36,12,,,99533,2469,,,186140,,,6629,5660,125,0,,,,,6433,5272,,0,192573,6539,,,,,105193,2840,192573,6539
10/4/20,AK,A,58,58,0,,324,324,51,2,,,468371,3421,,,467883,,6,8447,,141,0,,,,,8642,5281,,0,476818,3562,,,,,,0,476818,3562
10/4/20,AL,A,2558,2416,0,142,17420,17420,757,0,1845,,1022073,5754,,,,1046,,159169,140445,789,0,,,,,,67948,,0,1162518,6473,,,59243,,1162518,6473,,0
10/4/20,AR,A+,1425,1278,18,147,5550,5550,499,23,,228,989037,7150,,,989037,691,88,87013,83306,488,0,,3300,,4083,,78358,,0,1072343,7605,,21856,,21860,,0,1072343,7605
10/4/20,AS,D,0,,0,,,,,0,,,1616,0,,,,,,0,0,0,0,,,,,,,,0,1616,0,,,,,,0,1616,0
10/4/20,AZ,A+,5706,5422,1,284,22294,22294,545,14,,133,1280104,7647,,,,,59,220754,216027,355,0,,,,,,35838,,0,2266217,10587,296568,,,,1496131,7986,2266217,10587
10/4/20,CA,B,16120,,46,,,,3129,0,,787,14336558,157106,,,,,,823729,823729,4293,0,,,,,,,,0,15160287,161399,,,,,,0,15160287,161399
10/4/20,CO,A,2068,1706,8,362,7673,7673,303,7,,,882743,7903,158572,,,,,73076,68016,521,0,11967,,,,,6635,1430540,16204,1430540,16204,170539,,,,950759,8420,,0
10/4/20,CT,B,4513,3614,0,899,11699,11699,110,0,,,1618113,0,,,,,,58297,55862,0,0,,,,,,9408,,0,1676410,0,,,,,,0,1673975,0
10/4/20,DC,A+,631,,2,,,,95,0,,29,384306,2230,,,,,15,15519,,46,0,,,,,,12299,399825,2276,399825,2276,,,,,219389,756,,0
10/4/20,DE,A+,645,565,0,80,,,82,0,,20,272846,1513,,,,,,21243,20167,118,0,,,,,23695,10806,442920,4602,442920,4602,,,,,294089,1631,,0
10/4/20,FL,A,14845,,42,,45215,45215,2040,64,,,4680415,18547,478794,467286,6704124,,,707751,689253,1786,0,49819,,48639,,922273,,8272347,49430,8272347,49430,528773,,516042,,5362326,-190,7669111,33650
10/4/20,GA,A,7162,,28,,28958,28958,1764,34,5363,,2695693,16390,,,,,,322925,322925,847,0,25887,,,,302744,,,0,3018618,17237,306554,,,,,0,3018618,17237
10/4/20,GU,B,52,,1,,,,29,0,,12,49057,0,,,,,,2699,2697,0,0,3,2,,,,1887,,0,51756,0,184,2,,,,0,51114,0
10/4/20,HI,B,153,,11,,885,885,128,5,,39,291228,1803,,,,,29,12921,12734,133,0,,,,,12696,10415,427843,4982,427843,4982,,,,,303962,1936,432711,4965
10/4/20,IA,A+,1382,,5,,,,392,0,,104,696471,3632,,56820,,,39,89096,89096,626,0,,,3488,3502,,71600,,0,785567,4258,,,60347,34814,787127,4271,,0
10/4/20,ID,A,480,440,6,40,1900,1900,152,7,465,49,276876,1571,,,,,,43702,39494,464,0,,,,,,22744,,0,316370,1928,,,,,316370,1928,,0
10/4/20,IL,A,9040,8791,17,249,,,1521,0,,384,5584877,50203,,,,,140,304280,301541,1453,0,,,,,,,,0,5889157,51656,,,,,,0,5886418,51656
10/4/20,IN,A+,3674,3447,5,227,13148,13148,950,80,2618,279,1292917,8501,,,,,102,125146,,1087,0,,,,,127140,96845,,0,2220593,8383,,,,,1418063,9588,2220593,8383
10/4/20,KS,A+,698,,0,,2983,2983,352,0,817,103,470006,0,,,,259,33,61111,,0,0,,,,,,2136,,0,531117,0,,,,,531117,0,,0
10/4/20,KY,B,1209,1197,4,12,5362,5362,600,0,1538,129,1371855,0,,,,,,72617,63189,616,0,,,,,,12121,,0,1434524,0,58712,27000,,,,0,1434524,0
10/4/20,LA,A,5577,5387,32,190,,,518,0,,,2213951,25328,,,,,68,169719,168294,893,0,,,,,,154163,,0,2383670,26221,,,,,,0,2382245,26221
10/4/20,MA,A+,9510,9295,3,215,12749,12749,438,4,,83,2174166,18355,,,,,27,134947,132440,644,0,,,,,173288,113768,,0,4334501,68715,,,121397,138291,2306606,18981,4334501,68715
10/4/20,MD,A,3958,3814,1,144,15705,15705,320,35,,77,1532557,9651,,123287,,,,127290,127290,471,0,,,11906,,152548,7653,,0,2715230,26364,,,135193,,1659847,10122,2715230,26364
10/4/20,ME,A+,142,141,0,1,454,454,11,0,,2,443822,0,9906,,441655,,1,5519,4944,33,0,525,,,,6769,4782,,0,449341,33,10445,,,,,0,448722,0
10/4/20,MI,A+,7124,6801,0,323,,,678,0,,158,3623003,0,,,3623003,,62,141271,127516,0,0,,,,,177032,99521,,0,3764274,0,297983,,,,,0,3800035,0
10/4/20,MN,A,2133,2080,7,53,7887,7887,,41,2177,,1376393,16648,,,,,,103826,103826,1039,0,,,,,,93148,2146411,30373,2146411,30373,,,,,1480219,17687,,0
10/4/20,MO,B,2173,,4,,,,1135,0,,,1218314,9863,74499,71709,1762433,,,132431,132431,1326,0,3879,3311,3618,,150807,,,0,1916747,18569,78506,14987,67615,10942,1350745,11189,1916747,18569
10/4/20,MP,D,2,2,0,,4,4,,0,,,15112,0,,,,,,73,73,0,0,,,,,,29,,0,15185,0,,,,,15182,0,20419,0
10/4/20,MS,A+,3013,2765,2,248,5975,5975,515,0,,132,638843,0,,,,,69,100488,92154,321,0,95,,,,,89737,,0,739331,321,38720,55946,,,,0,728519,0
10/4/20,MT,C,187,,1,,744,744,191,3,,,342778,2351,,,,,,14635,14635,279,0,,,,,,9597,,0,357413,2630,,,,,,0,357413,2630
10/4/20,NC,A+,3634,3603,5,31,,,907,0,,266,2943472,24092,,,,,,217496,211961,610,0,,,,,,184422,,0,3160968,24702,,3996,,,,0,3155433,24650
10/4/20,ND,B,277,,3,,925,925,100,13,222,21,224042,1170,9487,,,,,23495,23484,411,0,470,,,,,19497,638320,6021,638320,6021,9957,,,,247592,1586,662284,6310
10/4/20,NE,A,497,,4,,2388,2388,249,9,,,425950,2959,,,591688,,,47403,47403,426,0,,,,,56981,34395,,0,649868,5236,,,,,473666,3385,649868,5236
10/4/20,NH,B,443,,1,,743,743,23,0,236,,270967,0,,,,,,8645,8645,48,0,,,,,,7710,,0,465878,4829,32043,,31231,,279564,0,465878,4829
10/4/20,NJ,A+,16136,14349,1,1787,23560,23560,480,49,,107,3525892,60394,,,,,32,208202,208202,626,0,,,,,,35031,,0,3734094,61020,,,,,,0,3734094,61967
10/4/20,NM,C,892,,2,,3561,3561,91,12,,,917468,6252,,,,,,30477,30477,181,0,,,,,,17270,,0,947945,6433,,,,,,0,947945,6433
10/4/20,NV,A+,1623,,3,,,,442,0,,140,631289,2787,,,,,68,82100,82100,392,0,,,,,,,1053674,4767,1053674,4767,,,,,712204,3212,1082321,6505
10/4/20,NY,B,25519,,14,,89995,89995,618,0,,138,10756038,109107,,,,,67,464582,464582,1222,0,,,,,,77090,11220620,110329,11220620,110329,,,,,,0,,0
10/4/20,OH,A+,4925,4617,0,308,15767,15767,694,32,3320,216,3197768,36959,,,,,102,158907,149762,941,0,,,,,,137038,,0,3356675,37900,,,,,,0,3347530,37829
10/4/20,OK,A+,1052,,1,,6570,6570,655,0,,228,1157074,0,,,1157074,,,91317,91317,569,0,4185,,,,102465,77606,,0,1248391,569,80939,,,,,0,1262313,0
10/4/20,OR,A+,572,,1,,2618,2618,176,0,,48,670666,3274,,,1068089,,17,34770,32486,259,0,,,,,59320,5752,,0,1127409,6793,,,,,695616,0,1127409,6793
10/4/20,PA,A+,8216,,17,,,,603,0,,,1931635,26664,,,,,70,163535,158001,2251,0,,,,,,134098,,0,2095170,28915,,,,,2089636,28759,3120421,58635
10/4/20,PR,C,686,510,5,176,,,319,0,,49,305972,0,,,303412,,41,25034,25034,230,0,25641,,,,7002,,,0,331006,230,,,,,,0,310546,0
10/4/20,RI,A+,1120,,1,,2835,2835,92,7,,7,325201,1833,,,783311,,4,25369,25369,124,0,,,,,35441,2381,818752,8801,818752,8801,,,,,350570,1957,,0
10/4/20,SC,A+,3453,3255,11,198,9259,9259,599,43,,153,1226504,37637,65190,,1182339,,72,151582,146576,691,0,7285,10995,,,190741,73973,,0,1378086,38328,72475,54631,,,,0,1373080,39847
10/4/20,SD,A,248,,0,,1632,1632,232,17,,,175357,1324,,,,,,24418,,432,0,,,,,,19902,,0,199775,1756,,,,,199775,1756,289963,3829
10/4/20,TN,A+,2577,2469,17,108,8883,8883,900,24,,258,2769178,31811,,,2726142,,120,201210,192906,1615,0,,,,,235942,184404,,0,2970388,33426,,,,,,0,2962084,33275
10/4/20,TX,A,16025,,33,,,,3192,0,,1071,6016869,24724,,,,,,765894,765894,2884,0,38164,19048,,,836145,680083,,0,6782763,27608,419197,227559,,,,0,6782763,27608
10/4/20,UT,A+,478,,2,,3980,3980,220,24,923,69,772212,5553,,,1014910,366,,77618,77618,1393,0,,2271,,2148,84419,57392,,0,1099329,9595,,34150,,18335,848758,6463,1099329,9595
10/4/20,VA,A+,3273,3060,3,213,11221,11221,877,30,,197,1970955,0,,,,,98,151870,143883,1067,0,,,,,171249,17848,2113878,0,2113878,0,,,,,,0,,0
10/4/20,VI,D,20,20,0,,,,,0,,,19912,227,,,,,,1327,,1,0,,,,,,1265,,0,21239,228,,,,,,0,21269,246
10/4/20,VT,B,58,58,0,,,,0,0,,,162969,609,,,,,,1788,1784,6,0,,,,,,1622,,0,300650,4139,,,,,164753,615,300650,4139
10/4/20,WA,B,2142,2142,-1,,7611,7611,370,25,,82,1833537,16588,,,,,26,92198,90786,628,0,,,,,,,1922956,17197,1922956,17197,,,,,,0,,0
10/4/20,WI,A+,1388,1377,5,11,7646,7646,714,58,1205,194,1465713,8950,,,,,,139928,132663,1926,0,,,,,,107004,2466174,25865,2466174,25865,,,,,1598376,10815,,0
10/4/20,WV,B,358,353,1,5,,,173,0,,64,573451,7214,,,,,30,16628,16132,160,0,,,,,,11982,,0,590079,7374,17515,,,,,0,589583,7375
10/4/20,WY,B,53,,0,,282,282,32,1,,,97064,0,,,179935,,,6504,5546,139,0,,,,,6099,5160,,0,186034,672,,,,,102353,0,186034,672
10/3/20,AK,A,58,58,1,,322,322,39,2,,,464950,3827,,,464517,,5,8306,,139,0,,,,,8446,5199,,0,473256,3966,,,,,,0,473256,3966
10/3/20,AL,A,2558,2416,8,142,17420,17420,738,0,1843,,1016319,9707,,,,1045,,158380,139726,1682,0,,,,,,67948,,0,1156045,10444,,,59075,,1156045,10444,,0
10/3/20,AR,A+,1407,1260,16,147,5527,5527,474,39,,223,981887,9936,,,981887,688,95,86525,82851,746,0,,3300,,4045,,77772,,0,1064738,10478,,21856,,12997,,0,1064738,10478
10/3/20,AS,D,0,,0,,,,,0,,,1616,0,,,,,,0,0,0,0,,,,,,,,0,1616,0,,,,,,0,1616,0
10/3/20,AZ,A+,5705,5421,12,284,22280,22280,605,40,,127,1272457,9040,,,,,52,220399,215688,636,0,,,,,,35696,,0,2255630,19466,295840,,,,1488145,9641,2255630,19466
10/3/20,CA,B,16074,,88,,,,3079,0,,787,14179452,128298,,,,,,819436,819436,2159,0,,,,,,,,0,14998888,130457,,,,,,0,14998888,130457
10/3/20,CO,A,2060,1698,3,362,7666,7666,296,13,,,874840,8817,158144,,,,,72555,67499,657,0,11926,,,,,6609,1414336,17990,1414336,17990,170070,,,,942339,9425,,0
10/3/20,CT,B,4513,3614,0,899,11699,11699,110,0,,,1618113,0,,,,,,58297,55862,0,0,,,,,,9408,,0,1676410,0,,,,,,0,1673975,0
10/3/20,DC,A+,629,,0,,,,86,0,,27,382076,3381,,,,,13,15473,,50,0,,,,,,12252,397549,3431,397549,3431,,,,,218633,1149,,0
10/3/20,DE,A+,645,565,3,80,,,83,0,,21,271333,1987,,,,,,21125,20018,188,0,,,,,23585,10748,438318,4767,438318,4767,,,,,292458,2175,,0
10/3/20,FL,A,14803,,73,,45151,45151,2037,160,,,4661868,22151,478794,467286,6673069,,,705965,687700,2753,0,49819,,48639,,919782,,8222917,58250,8222917,58250,528773,,516042,,5362516,50710,7635461,42378
10/3/20,GA,A,7134,,28,,28924,28924,1793,133,5354,,2679303,29924,,,,,,322078,322078,1444,0,25737,,,,301856,,,0,3001381,31368,305671,,,,,0,3001381,31368
10/3/20,GU,B,51,,1,,,,29,0,,12,49057,556,,,,,,2699,2697,82,0,3,2,,,,1887,,0,51756,638,184,2,,,,0,51114,0
10/3/20,HI,B,142,,3,,880,880,125,18,,40,289425,1660,,,,,27,12788,12601,94,0,,,,,12567,10389,422861,3665,422861,3665,,,,,302026,1746,427746,3504
10/3/20,IA,A+,1377,,5,,,,402,0,,100,692839,4406,,56603,,,38,88470,88470,911,0,,,3483,3493,,71319,,0,781309,5317,,,60125,34763,782856,5327,,0
10/3/20,ID,A,474,435,2,39,1893,1893,152,20,462,49,275305,2552,,,,,,43238,39137,677,0,,,,,,22568,,0,314442,3105,,,,,314442,3105,,0
10/3/20,IL,A,9023,8774,31,249,,,1535,0,,361,5534674,69192,,,,,140,302827,300088,2442,0,,,,,,,,0,5837501,71634,,,,,,0,5834762,71634
10/3/20,IN,A+,3669,3442,13,227,13068,13068,911,85,2605,281,1284416,8534,,,,,104,124059,,1419,0,,,,,126662,96845,,0,2212210,25729,,,,,1408475,9953,2212210,25729
10/3/20,KS,A+,698,,0,,2983,2983,352,0,817,103,470006,0,,,,259,33,61111,,0,0,,,,,,2136,,0,531117,0,,,,,531117,0,,0
10/3/20,KY,B,1205,1193,8,12,5362,5362,600,28,1538,129,1371855,10982,,,,,,72001,62669,1274,0,,,,,,12121,,0,1434524,12004,58712,27000,,,,0,1434524,12004
10/3/20,LA,A,5545,5355,0,190,,,536,0,,,2188623,0,,,,,74,168826,167401,0,0,,,,,,154163,,0,2357449,0,,,,,,0,2356024,0
10/3/20,MA,A+,9507,9292,17,215,12745,12745,416,12,,75,2155811,13213,,,,,27,134303,131814,672,0,,,,,172557,113768,,0,4265786,65768,,,121078,136823,2287625,13813,4265786,65768
10/3/20,MD,A,3957,3813,7,144,15670,15670,323,96,,78,1522906,9343,,123287,,,,126819,126819,597,0,,,11906,,151997,7652,,0,2688866,28066,,,135193,,1649725,9940,2688866,28066
10/3/20,ME,A+,142,141,0,1,454,454,11,2,,2,443822,0,9906,,441655,,1,5486,4920,18,0,525,,,,6769,4763,,0,449308,18,10445,,,,,0,448722,0
10/3/20,MI,A+,7124,6801,14,323,,,678,0,,158,3623003,39251,,,3623003,,62,141271,127516,1275,0,,,,,177032,99521,,0,3764274,40526,297983,,,,,0,3800035,40437
10/3/20,MN,A,2126,2073,14,53,7846,7846,,53,2170,,1359745,14061,,,,,,102787,102787,1421,0,,,,,,91844,2116038,29075,2116038,29075,,,,,1462532,15482,,0
10/3/20,MO,B,2169,,25,,,,1144,0,,,1208451,11659,74311,71709,1745338,,,131105,131105,1708,0,3843,3268,3618,,149342,,,0,1898178,22500,78281,14859,67449,10864,1339556,13367,1898178,22500
10/3/20,MP,D,2,2,0,,4,4,,0,,,15112,0,,,,,,73,73,0,0,,,,,,29,,0,15185,0,,,,,15182,0,20419,0
10/3/20,MS,A+,3011,2763,12,248,5975,5975,515,0,,132,638843,0,,,,,69,100167,91952,609,0,95,,,,,89737,,0,739010,609,38720,55946,,,,0,728519,0
10/3/20,MT,C,186,,0,,741,741,189,12,,,340427,920,,,,,,14356,14356,501,0,,,,,,9601,,0,354783,1421,,,,,,0,354783,1421
10/3/20,NC,A+,3629,3600,21,29,,,921,0,,273,2919380,34360,,,,,,216886,211403,2202,0,,,,,,184422,,0,3136266,36562,,3527,,,,0,3130783,36366
10/3/20,ND,B,274,,7,,912,912,100,10,220,22,222872,1254,9287,,,,,23084,23073,443,0,444,,,,,19079,632299,5849,632299,5849,9731,,,,246006,1694,655974,6089
10/3/20,NE,A,493,,0,,2379,2379,232,23,,,422991,4912,,,586964,,,46977,46977,792,0,,,,,56474,34090,,0,644632,9945,,,,,470281,5705,644632,9945
10/3/20,NH,B,442,,0,,743,743,17,0,235,,270967,1632,,,,,,8597,8597,63,0,,,,,,7655,,0,461049,5180,32000,,31231,,279564,1695,461049,5180
10/3/20,NJ,A+,16135,14348,4,1787,23511,23511,485,0,,88,3465498,0,,,,,31,207576,207576,947,0,,,,,,34979,,0,3673074,947,,,,,,0,3672127,0
10/3/20,NM,C,890,,3,,3549,3549,95,15,,,911216,5815,,,,,,30296,30296,296,0,,,,,,17210,,0,941512,6111,,,,,,0,941512,6111
10/3/20,NV,A+,1620,,11,,,,442,0,,140,628502,3049,,,,,68,81708,81708,526,0,,,,,,,1048907,7341,1048907,7341,,,,,708992,3480,1075816,7014
10/3/20,NY,B,25505,,8,,89995,89995,647,0,,149,10646931,132536,,,,,70,463360,463360,1731,0,,,,,,77004,11110291,134267,11110291,134267,,,,,,0,,0
10/3/20,OH,A+,4925,4617,20,308,15735,15735,702,47,3319,210,3160809,45870,,,,,94,157966,148892,1157,0,,,,,,136330,,0,3318775,47027,,,,,,0,3309701,46965
10/3/20,OK,A+,1051,,7,,6570,6570,655,1,,228,1157074,16473,,,1157074,,,90748,90748,1189,0,4185,,,,102465,77004,,0,1247822,17662,80939,,,,,0,1262313,17663
10/3/20,OR,A+,571,,8,,2618,2618,176,0,,48,667392,4262,,,1061560,,17,34511,32486,348,0,,,,,59056,5752,,0,1120616,9903,,,,,695616,0,1120616,9903
10/3/20,PA,A+,8199,,20,,,,573,0,,,1904971,0,,,,,64,161284,155906,0,0,,,,,,132252,,0,2066255,0,,,,,2060877,0,3061786,0
10/3/20,PR,C,681,508,8,173,,,348,0,,57,305972,0,,,303412,,31,24804,24804,299,0,25571,,,,7002,,,0,330776,299,,,,,,0,310546,0
10/3/20,RI,A+,1119,,1,,2828,2828,94,28,,6,323368,2535,,,774656,,4,25245,25245,169,0,,,,,35295,2374,809951,12937,809951,12937,,,,,348613,2704,,0
10/3/20,SC,A+,3442,3243,33,199,9216,9216,686,0,,163,1188867,0,64463,,1145625,,88,150891,145953,1706,0,7065,10785,,,187608,72951,,0,1339758,1706,71528,51506,,,,0,1333233,0
10/3/20,SD,A,248,,11,,1615,1615,215,27,,,174033,1294,,,,,,23986,,464,0,,,,,,19626,,0,198019,1758,,,,,198019,1758,286134,3621
10/3/20,TN,A+,2560,2453,45,107,8859,8859,989,32,,293,2737367,16756,,,2694752,,119,199595,191442,1192,0,,,,,234057,183533,,0,2936962,17948,,,,,,0,2928809,17810
10/3/20,TX,A,15992,,97,,,,3195,0,,1101,5992145,49051,,,,,,763010,763010,7006,0,37871,18866,,,833768,677244,,0,6755155,56057,417575,225667,,,,0,6755155,56057
10/3/20,UT,A+,476,,2,,3956,3956,217,40,921,65,766659,6692,,,1006305,366,,76225,76225,1068,0,,2247,,2116,83429,56751,,0,1089734,11335,,30700,,16629,842295,7661,1089734,11335
10/3/20,VA,A+,3270,3057,20,213,11191,11191,906,51,,191,1970955,18444,,,,,103,150803,142923,1116,0,,,,,171249,17810,2113878,19517,2113878,19517,,,,,,0,,0
10/3/20,VI,F,20,20,0,,,,,0,,,19685,0,,,,,,1326,,0,0,,,,,,1256,,0,21011,0,,,,,,0,21023,0
10/3/20,VT,B,58,58,0,,,,0,0,,,162360,853,,,,,,1782,1778,9,0,,,,,,1616,,0,296511,5059,,,,,164138,862,296511,5059
10/3/20,WA,B,2143,2143,11,,7586,7586,361,13,,77,1816949,20361,,,,,40,91570,90186,580,0,,,,,,,1905759,21685,1905759,21685,,,,,,0,,0
10/3/20,WI,A+,1383,1372,20,11,7588,7588,692,82,1202,200,1456763,11192,,,,,,138002,130798,3054,0,,,,,,105373,2440309,28475,2440309,28475,,,,,1587561,14084,,0
10/3/20,WV,B,357,352,2,5,,,171,0,,57,566237,6045,,,,,32,16468,15971,161,0,,,,,,11938,,0,582705,6206,17483,,,,,0,582208,6182
10/3/20,WY,B,53,,0,,281,281,32,1,,,97064,0,,,179315,,,6365,5415,151,0,,,,,6047,5083,,0,185362,776,,,,,102353,0,185362,776
10/2/20,AK,A,57,57,0,,320,320,41,3,,,461123,6826,,,460796,,6,8167,,141,0,,,,,8201,5042,,0,469290,6967,,,,,,0,469290,6967
10/2/20,AL,A,2550,2409,2,141,17420,17420,752,163,1840,,1006612,6042,,,,1043,,156698,138989,954,0,,,,,,67948,,0,1145601,6869,,,58858,,1145601,6869,,0
10/2/20,AR,A+,1391,1245,7,146,5488,5488,473,43,,222,971951,10866,,,971951,681,89,85779,82309,958,0,,3300,,3608,,76186,,0,1054260,11644,,21856,,12083,,0,1054260,11644
10/2/20,AS,D,0,,0,,,,,0,,,1616,45,,,,,,0,0,0,0,,,,,,,,0,1616,45,,,,,,0,1616,45
10/2/20,AZ,A+,5693,5411,19,282,22240,22240,586,14,,125,1263417,6657,,,,,48,219763,215087,551,0,,,,,,35553,,0,2236164,19988,294964,,,,1478504,7136,2236164,19988
10/2/20,CA,B,15986,,98,,,,3166,0,,796,14051154,92990,,,,,,817277,817277,3590,0,,,,,,,,0,14868431,96580,,,,,,0,14868431,96580
10/2/20,CO,A,2057,1696,3,361,7653,7653,304,74,,,866023,10033,157665,,,,,71898,66891,680,0,11878,,,,,6576,1396346,19426,1396346,19426,169543,,,,932914,10682,,0
10/2/20,CT,B,4513,3614,2,899,11699,11699,110,0,,,1618113,71475,,,,,,58297,55862,555,0,,,,,,9408,,0,1676410,72030,,,,,,0,1673975,72031
10/2/20,DC,A+,629,,1,,,,101,0,,30,378695,3873,,,,,14,15423,,65,0,,,,,,12252,394118,3938,394118,3938,,,,,217484,1564,,0
10/2/20,DE,A+,642,562,6,80,,,83,0,,16,269346,1916,,,,,,20937,19839,150,0,,,,,23476,10678,433551,2006,433551,2006,,,,,290283,2066,,0
10/2/20,FL,A,14730,,111,,44991,44991,2056,170,,,4639717,23026,478794,467286,6634374,,,703212,685380,2610,0,49819,,48639,,916241,,8164667,70613,8164667,70613,528773,,516042,,5311806,0,7593083,44563
10/2/20,GA,A,7106,,43,,28791,28791,1792,123,5337,,2649379,14321,,,,,,320634,320634,1300,0,25532,,,,300258,,,0,2970013,15621,304551,,,,,0,2970013,15621
10/2/20,GU,B,50,,1,,,,30,0,,13,48501,503,,,,,,2617,2615,67,0,3,2,,,,1887,,0,51118,570,184,2,,,,0,51114,570
10/2/20,HI,B,139,,3,,862,862,130,15,,45,287765,1712,,,,,21,12694,12515,105,0,,,,,12478,10340,419196,3229,419196,3229,,,,,300280,1817,424242,3809
10/2/20,IA,A+,1372,,12,,,,393,0,,95,688433,4124,,56207,,,36,87559,87559,925,0,,,3462,3464,,70501,,0,775992,5049,,,59708,34592,777529,5046,,0
10/2/20,ID,A,472,433,3,39,1873,1873,135,14,460,36,272753,1783,,,,,,42561,38584,513,0,,,,,,22371,,0,311337,2181,,,,,311337,2181,,0
10/2/20,IL,A,8992,8743,52,249,,,1678,0,,373,5465482,70485,,,,,162,300385,297646,2456,0,,,,,,,,0,5765867,72941,,,,,,0,5763128,72691
10/2/20,IN,A+,3656,3429,11,227,12983,12983,963,72,2590,292,1275882,9327,,,,,102,122640,,1464,0,,,,,125500,94816,,0,2186481,26601,,,,,1398522,10791,2186481,26601
10/2/20,KS,A+,698,,20,,2983,2983,352,66,817,103,470006,8305,,,,259,33,61111,,1362,0,,,,,,2136,,0,531117,9667,,,,,531117,9667,,0
10/2/20,KY,B,1197,1185,6,12,5334,5334,578,19,1533,133,1360873,21986,,,,,,70727,61647,999,0,,,,,,12041,,0,1422520,22758,58639,25887,,,,0,1422520,22758
10/2/20,LA,A,5545,5355,26,190,,,536,0,,,2188623,21887,,,,,74,168826,167401,817,0,,,,,,154163,,0,2357449,22704,,,,,,0,2356024,22704
10/2/20,MA,A+,9490,9275,10,215,12733,12733,421,18,,79,2142598,20698,,,,,34,133631,131214,761,0,,,,,171892,113768,,0,4200018,74914,,,120977,134197,2273812,21451,4200018,74914
10/2/20,MD,A,3950,3806,1,144,15574,15574,323,32,,80,1513563,10873,,123287,,,,126222,126222,712,0,,,11906,,151268,7606,,0,2660800,30902,,,135193,,1639785,11585,2660800,30902
10/2/20,ME,A+,142,141,0,1,452,452,11,1,,2,443822,6862,9906,,441655,,1,5468,4900,37,0,525,,,,6769,4741,,0,449290,6899,10445,,,,,0,448722,6897
10/2/20,MI,A+,7110,6788,8,322,,,678,0,,158,3583752,39183,,,3583752,,62,139996,126358,984,0,,,,,175846,95051,,0,3723748,40167,296844,,,,,0,3759598,40411
10/2/20,MN,A,2112,2059,10,53,7793,7793,340,35,2156,120,1345684,16309,,,,,,101366,101366,1166,0,,,,,,90492,2086963,31075,2086963,31075,,,,,1447050,17475,,0
10/2/20,MO,B,2144,,16,,,,1184,0,,,1196792,9286,74087,71709,1724744,,,129397,129397,1485,0,3809,3225,3618,,147490,,,0,1875678,19692,78026,14434,67252,10595,1326189,10771,1875678,19692
10/2/20,MP,D,2,2,0,,4,4,,0,,,15112,0,,,,,,73,73,3,0,,,,,,29,,0,15185,3,,,,,15182,0,20419,0
10/2/20,MS,A+,2999,2753,20,246,5975,5975,531,0,,134,638843,0,,,,,68,99558,91498,672,0,95,,,,,89737,,0,738401,672,38720,55946,,,,0,728519,0
10/2/20,MT,C,186,,5,,729,729,177,2,,,339507,4298,,,,,,13855,13855,355,0,,,,,,9569,,0,353362,4653,,,,,,0,353362,4653
10/2/20,NC,A+,3608,3579,29,29,,,921,0,,278,2885020,34268,,,,,,214684,209397,1775,0,,,,,,184422,,0,3099704,36043,,3063,,,,0,3094417,35876
10/2/20,ND,B,267,,8,,902,902,111,18,217,21,221618,936,9287,,,,,22641,22634,471,0,444,,,,,18691,626450,7119,626450,7119,9731,,,,244312,1412,649885,7432
10/2/20,NE,A,493,,15,,2356,2356,227,7,,,418079,4101,,,577942,,,46185,46185,621,0,,,,,55568,33820,,0,634687,9733,,,,,464576,4731,634687,9733
10/2/20,NH,B,442,,1,,743,743,20,5,234,,269335,1818,,,,,,8534,8534,217,0,,,,,,7636,,0,455869,5055,31955,,31192,,277869,2035,455869,5055
10/2/20,NJ,A+,16131,14344,4,1787,23511,23511,528,34,,94,3465498,57741,,,,,36,206629,206629,740,0,,,,,,34935,,0,3672127,58481,,,,,,0,3672127,59095
10/2/20,NM,C,887,,5,,3534,3534,89,16,,,905401,6673,,,,,,30000,30000,339,0,,,,,,17055,,0,935401,7012,,,,,,0,935401,7012
10/2/20,NV,A+,1609,,6,,,,463,0,,130,625453,4306,,,,,73,81182,81182,772,0,,,,,,,1041566,8913,1041566,8913,,,,,705512,5097,1068802,10560
10/2/20,NY,B,25497,,7,,89995,89995,648,0,,146,10514395,117895,,,,,63,461629,461629,1598,0,,,,,,76834,10976024,119493,10976024,119493,,,,,,0,,0
10/2/20,OH,A+,4905,4597,88,308,15688,15688,663,82,3312,187,3114939,30056,,,,,97,156809,147797,1495,0,,,,,,135301,,0,3271748,31551,,,,,,0,3262736,31415
10/2/20,OK,A+,1044,,9,,6569,6569,623,59,,234,1140601,13529,,,1140601,,,89559,89559,1190,0,3997,,,,101347,75753,,0,1230160,14719,78836,,,,,0,1244650,14897
10/2/20,OR,A+,563,,3,,2618,2618,176,5,,48,663130,5047,,,1052055,,17,34163,32486,301,0,,,,,58658,5738,,0,1110713,11910,,,,,695616,5332,1110713,11910
10/2/20,PA,A+,8179,,19,,,,561,0,,,1904971,15332,,,,,63,161284,155906,1161,0,,,,,,132252,,0,2066255,16493,,,,,2060877,16416,3061786,35191
10/2/20,PR,C,673,500,8,173,,,339,0,,59,305972,0,,,303412,,38,24505,24505,329,0,25242,,,,7002,,,0,330477,329,,,,,,0,310546,0
10/2/20,RI,A+,1118,,1,,2800,2800,96,7,,7,320833,2248,,,761937,,7,25076,25076,162,0,,,,,35077,2346,797014,10814,797014,10814,,,,,345909,2410,,0
10/2/20,SC,A+,3409,3211,9,198,9216,9216,679,56,,160,1188867,20736,64463,,1145625,,95,149185,144366,862,0,7065,10785,,,187608,72951,,0,1338052,21598,71528,51506,,,,0,1333233,21315
10/2/20,SD,A,237,,1,,1588,1588,220,10,,,172739,872,,,,,,23522,,386,0,,,,,,19298,,0,196261,1258,,,,,196261,1258,282513,2904
10/2/20,TN,A+,2515,2410,14,105,8827,8827,983,45,,290,2720611,15311,,,2678298,,121,198403,190388,971,0,,,,,232701,182116,,0,2919014,16282,,,,,,0,2910999,16124
10/2/20,TX,A,15895,,72,,,,3227,0,,1091,5943094,46803,,,,,,756004,756004,3503,0,37538,18633,,,830093,672144,,0,6699098,50306,415228,221296,,,,0,6699098,50306
10/2/20,UT,A+,474,,15,,3916,3916,258,34,920,73,759967,6881,,,996021,365,,75157,75157,1107,0,,2225,,2106,82378,56167,,0,1078399,11494,,29880,,16355,834634,8079,1078399,11494
10/2/20,VA,A+,3250,3037,22,213,11140,11140,890,48,,201,1952511,19265,,,,,108,149687,141850,966,0,,,,,169995,17752,2094361,20125,2094361,20125,,,,,,0,,0
10/2/20,VI,F,20,20,0,,,,,0,,,19685,237,,,,,,1326,,3,0,,,,,,1256,,0,21011,240,,,,,,0,21023,246
10/2/20,VT,B,58,58,0,,,,1,0,,,161507,899,,,,,,1773,1769,14,0,,,,,,1611,,0,291452,5126,,,,,163276,913,291452,5126
10/2/20,WA,B,2132,2132,6,,7573,7573,371,40,,88,1796588,16021,,,,,33,90990,89635,618,0,,,,,,,1884074,15985,1884074,15985,,,,,,0,,0
10/2/20,WI,A+,1363,1353,5,10,7506,7506,663,97,1196,181,1445571,10850,,,,,,134948,127906,2825,0,,,,,,103530,2411834,31882,2411834,31882,,,,,1573477,13595,,0
10/2/20,WV,B,355,351,1,4,,,164,0,,54,560192,9628,,,,,32,16307,15834,283,0,,,,,,11799,,0,576499,9911,17444,,,,,0,576026,9903
10/2/20,WY,B,53,,0,,280,280,32,6,,,97064,1852,,,178606,,,6214,5289,131,0,,,,,5980,4989,,0,184586,2772,,,,,102353,2095,184586,2772
10/1/20,AK,A,57,57,1,,317,317,42,2,,,454297,4979,,,454030,,6,8026,,137,0,,,,,8002,4838,,0,462323,5116,,,,,,0,462323,5116
10/1/20,AL,A,2548,2405,8,143,17257,17257,760,0,1832,,1000570,6095,,,,1037,,155744,138162,1043,0,,,,,,67948,,0,1138732,6693,,,58605,,1138732,6693,,0
10/1/20,AR,A+,1384,1238,15,146,5445,5445,479,91,,226,961085,11978,,,961085,678,92,84821,81531,1124,0,,3300,,3608,,76186,,0,1042616,12899,,21856,,12083,,0,1042616,12899
10/1/20,AS,D,0,,0,,,,,0,,,1571,0,,,,,,0,0,0,0,,,,,,,,0,1571,0,,,,,,0,1571,0
10/1/20,AZ,A+,5674,5401,24,273,22226,22226,620,107,,122,1256760,13119,,,,,54,219212,214608,705,0,,,,,,35411,,0,2216176,22709,294183,,,,1471368,13793,2216176,22709
10/1/20,CA,B,15888,,96,,,,3205,0,,817,13958164,63587,,,,,,813687,813687,3062,0,,,,,,,,0,14771851,66649,,,,,,0,14771851,66649
10/1/20,CO,A,2054,1696,3,358,7579,7579,282,11,,,855990,10142,157044,,,,,71218,66242,682,0,11827,,,,,6556,1376920,19761,1376920,19761,168871,,,,922232,10806,,0
10/1/20,CT,B,4511,3613,3,898,11699,11699,107,139,,,1546638,10195,,,,,,57742,55306,192,0,,,,,,9408,,0,1604380,10387,,,,,,0,1601944,10372
10/1/20,DC,A+,628,,1,,,,98,0,,28,374822,2288,,,,,12,15358,,32,0,,,,,,12202,390180,2320,390180,2320,,,,,215920,716,,0
10/1/20,DE,A+,636,559,0,77,,,78,0,,17,267430,1481,,,,,,20787,19690,174,0,,,,,23400,10648,431545,1399,431545,1399,,,,,288217,1655,,0
10/1/20,FL,A,14619,,131,,44821,44821,2080,213,,,4616691,22023,478794,467286,6593392,,,700602,683148,2551,0,49819,,48639,,912821,,8094054,59906,8094054,59906,528773,,516042,,5311806,24588,7548520,41505
10/1/20,GA,A,7063,,42,,28668,28668,1858,146,5300,,2635058,19405,,,,,,319334,319334,1308,0,25321,,,,299351,,,0,2954392,20713,303223,,,,,0,2954392,20713
10/1/20,GU,B,49,,0,,,,27,0,,10,47998,372,,,,,,2550,2548,62,0,3,2,,,,1866,,0,50548,434,181,2,,,,0,50544,434
10/1/20,HI,B,136,,4,,847,847,140,15,,47,286053,1842,,,,,33,12589,12410,120,0,,,,,12381,10298,415967,4583,415967,4583,,,,,298463,2049,420433,4493
10/1/20,IA,A+,1360,,16,,,,407,0,,104,684309,5038,,55875,,,33,86634,86634,1038,0,,,3450,3375,,69619,,0,770943,6076,,,59364,33336,772483,6066,,0
10/1/20,ID,A,469,431,5,38,1859,1859,135,12,457,36,270970,1963,,,,,,42048,38186,614,0,,,,,,22180,,0,309156,2450,,,,,309156,2450,,0
10/1/20,IL,A,8940,8696,24,244,,,1635,0,,359,5394997,63449,,,,,149,297929,295440,2166,0,,,,,,,,0,5692926,65615,,,,,,0,5690437,65615
10/1/20,IN,A+,3645,3418,13,227,12911,12911,919,97,2577,265,1266555,6724,,,,,102,121176,,1157,0,,,,,124303,95655,,0,2159880,26618,,,,,1387731,7881,2159880,26618
10/1/20,KS,A+,678,,0,,2917,2917,352,0,801,103,461701,0,,,,255,33,59749,,0,0,,,,,,2095,,0,521450,0,,,,,521450,0,,0
10/1/20,KY,B,1191,1180,17,11,5315,5315,524,36,1529,129,1338887,23118,,,,,,69728,60875,888,0,,,,,,11970,,0,1399762,23775,58617,25581,,,,0,1399762,23775
10/1/20,LA,A,5519,5329,8,190,,,534,0,,,2166736,15590,,,,,75,168009,166584,551,0,,,,,,154163,,0,2334745,16141,,,,,,0,2333320,16141
10/1/20,MA,A+,9480,9265,24,215,12715,12715,436,29,,84,2121900,17451,,,,,32,132870,130461,754,0,,,,,170958,113768,,0,4125104,74487,,,120585,133689,2252361,18159,4125104,74487
10/1/20,MD,A,3949,3805,0,144,15542,15542,331,12,,74,1502690,9408,,123287,,,,125510,125510,785,0,,,11906,,150425,7568,,0,2629898,23985,,,135193,,1628200,10193,2629898,23985
10/1/20,ME,A+,142,141,1,1,451,451,12,2,,2,436960,7251,9890,,434806,,1,5431,4865,40,0,523,,,,6721,4704,,0,442391,7291,10427,,,,,0,441825,7292
10/1/20,MI,A+,7102,6781,19,321,,,678,0,,158,3544569,34721,,,3544569,,67,139012,125578,998,0,,,,,174618,95051,,0,3683581,35719,295830,,,,,0,3719187,35925
10/1/20,MN,A,2102,2049,13,53,7758,7758,340,57,2148,120,1329375,13808,,,,,,100200,100200,1066,0,,,,,,89980,2055888,25721,2055888,25721,,,,,1429575,14874,,0
10/1/20,MO,B,2128,,10,,,,1185,0,,,1187506,9234,73944,71709,1706722,,,127912,127912,1799,0,3773,3136,3618,,145846,,,0,1855986,8617,77845,13721,67113,10054,1315418,12460,1855986,8617
10/1/20,MP,D,2,2,0,,4,4,,0,,,15112,0,,,,,,70,70,0,0,,,,,,29,,0,15182,0,,,,,15182,0,20419,0
10/1/20,MS,A+,2979,2738,10,241,5975,5975,531,131,,134,638843,0,,,,,68,98886,90980,696,0,95,,,,,89737,,0,737729,696,38720,55946,,,,0,728519,0
10/1/20,MT,C,181,,1,,727,727,178,10,,,335209,5122,,,,,,13500,13500,429,0,,,,,,9428,,0,348709,5551,,,,,,0,348709,5551
10/1/20,NC,A+,3579,3551,47,28,,,939,0,,297,2850752,26513,,,,,,212909,207789,2277,0,,,,,,184422,,0,3063661,28790,,2721,,,,0,3058541,28599
10/1/20,ND,B,259,,10,,884,884,106,25,214,22,220682,1036,9151,,,,,22170,22164,367,0,427,,,,,18272,619331,5844,619331,5844,9578,,,,242900,1416,642453,6079
10/1/20,NE,A,478,,0,,2349,2349,226,34,,,413978,3384,,,569018,,,45564,45564,520,0,,,,,54787,33362,,0,624954,6602,,,,,459845,3902,624954,6602
10/1/20,NH,B,441,,2,,738,738,15,0,234,,267517,2070,,,,,,8317,8317,51,0,,,,,,7534,,0,450814,5339,31913,,31156,,275834,2121,450814,5339
10/1/20,NJ,A+,16127,14340,5,1787,23477,23477,523,38,,96,3407757,0,,,,,39,205889,205889,614,0,,,,,,34894,,0,3613646,614,,,,,,0,3613032,0
10/1/20,NM,C,882,,5,,3518,3518,86,23,,,898728,7154,,,,,,29661,29661,226,0,,,,,,16926,,0,928389,7380,,,,,,0,928389,7380
10/1/20,NV,A+,1603,,3,,,,449,0,,125,621147,3031,,,,,63,80410,80410,430,0,,,,,,,1032653,6366,1032653,6366,,,,,700415,3418,1058242,5806
10/1/20,NY,B,25490,,11,,89995,89995,612,0,,141,10396500,107836,,,,,63,460031,460031,1382,0,,,,,,76834,10856531,109218,10856531,109218,,,,,,0,,0
10/1/20,OH,A+,4817,4514,13,303,15606,15606,699,90,3297,197,3084883,72935,,,,,100,155314,146438,1327,0,,,,,,134216,,0,3240197,74262,,,,,,0,3231321,74182
10/1/20,OK,A+,1035,,4,,6510,6510,610,61,,239,1127072,10243,,,1127072,,,88369,88369,1170,0,3997,,,,99570,74483,,0,1215441,11413,78836,,,,,0,1229753,12172
10/1/20,OR,A+,560,,1,,2613,2613,179,15,,49,658083,5719,,,1040523,,18,33862,32201,353,0,,,,,58280,5738,,0,1098803,11944,,,,,690284,6049,1098803,11944
10/1/20,PA,A+,8160,,18,,,,558,0,,,1889639,10512,,,,,60,160123,154822,1156,0,,,,,,131300,,0,2049762,11668,,,,,2044461,11410,3026595,24954
10/1/20,PR,C,665,492,4,173,,,316,0,,59,305972,0,,,303412,,38,24176,24176,176,0,24891,,,,7002,,,0,330148,176,,,,,,0,310546,-105118
10/1/20,RI,A+,1117,,3,,2793,2793,94,11,,6,318585,2732,,,751294,,7,24914,24914,166,0,,,,,34906,2342,786200,16378,786200,16378,,,,,343499,2898,,0
10/1/20,SC,A+,3400,3203,22,197,9160,9160,709,0,,172,1168131,6975,64278,,1125535,,91,148323,143787,381,0,6978,10618,,,186383,74499,,0,1316454,7356,71256,49191,,,,0,1311918,7139
10/1/20,SD,A,236,,13,,1578,1578,214,29,,,171867,3487,,,,,,23136,,747,0,,,,,,19068,,0,195003,4234,,,,,195003,4234,279609,9923
10/1/20,TN,A+,2501,2399,47,102,8782,8782,999,49,,309,2705300,17083,,,2663147,,138,197432,189575,1293,0,,,,,231728,180781,,0,2902732,18376,,,,,,0,2894875,18153
10/1/20,TX,A,15823,,112,,,,3190,0,,1075,5896291,46429,,,,,,752501,752501,3534,0,37224,18358,,,826741,668515,,0,6648792,49963,413627,214223,,,,0,6648792,49963
10/1/20,UT,A+,459,,0,,3882,3882,259,35,916,76,753086,6141,,,985814,364,,74050,74050,1008,0,,2152,,2033,81091,55510,,0,1066905,10787,,28433,,15826,826555,7093,1066905,10787
10/1/20,VA,A+,3228,3015,20,213,11092,11092,913,51,,210,1933246,23872,,,,,107,148721,140990,450,0,,,,,169007,17713,2074236,24248,2074236,24248,,,,,,0,,0
10/1/20,VI,D,20,20,0,,,,,0,,,19448,205,,,,,,1323,,5,0,,,,,,1254,,0,20771,210,,,,,,0,20777,195
10/1/20,VT,B,58,58,0,,,,3,0,,,160608,1004,,,,,,1759,1755,3,0,,,,,,1609,,0,286326,3591,,,,,162363,1007,286326,3591
10/1/20,WA,B,2126,2126,2,,7533,7533,410,50,,90,1780567,13210,,,,,32,90372,89047,633,0,,,,,,,1868089,13690,1868089,13690,,,,,,0,,0
10/1/20,WI,A+,1358,1348,21,10,7409,7409,669,109,1187,208,1434721,11474,,,,,,132123,125161,3000,0,,,,,,101669,2379952,32975,2379952,32975,,,,,1559882,14361,,0
10/1/20,WV,B,354,349,4,5,,,173,0,,57,550564,4844,,,,,34,16024,15559,176,0,,,,,,11602,,0,566588,5020,17407,,,,,0,566123,5010
10/1/20,WY,B,53,,3,,274,274,27,2,,,95212,0,,,176036,,,6083,5170,135,0,,,,,5778,4853,,0,181814,3441,,,,,100258,0,181814,3441
9/30/20,AK,A,56,56,0,,315,315,53,2,,,449318,6047,,,449109,,7,7889,,104,0,,,,,7807,4555,,0,457207,6151,,,,,,0,457207,6151
9/30/20,AL,A,2540,2399,23,141,17257,17257,776,75,1815,,994475,11312,,,,1025,,154701,137564,1147,0,,,,,,67948,,0,1132039,12327,,,58393,,1132039,12327,,0
9/30/20,AR,A+,1369,1223,19,146,5354,5354,484,0,,218,949107,21205,,,949107,676,93,83697,80610,942,0,,3300,,3383,,75312,,0,1029717,21812,,21856,,11700,,0,1029717,21812
9/30/20,AS,D,0,,0,,,,,0,,,1571,0,,,,,,0,0,0,0,,,,,,,,0,1571,0,,,,,,0,1571,0
9/30/20,AZ,A+,5650,5382,18,268,22119,22119,560,72,,115,1243641,3735,,,,,55,218507,213934,323,0,,,,,,35261,,0,2193467,19057,293098,,,,1457575,4047,2193467,19057
9/30/20,CA,B,15792,,152,,,,3267,0,,830,13894577,88457,,,,,,810625,810625,3200,0,,,,,,,,0,14705202,91657,,,,,,0,14705202,91657
9/30/20,CO,A,2051,1694,5,357,7568,7568,264,10,,,845848,8721,156576,,,,,70536,65578,511,0,11761,,,,,6531,1357159,15979,1357159,15979,168337,,,,911426,9184,,0
9/30/20,CT,B,4508,3610,3,898,11560,11560,104,0,,,1536443,12180,,,,,,57550,55129,221,0,,,,,,9310,,0,1593993,12401,,,,,,0,1591572,12390
9/30/20,DC,A+,627,,1,,,,95,0,,28,372534,1438,,,,,9,15326,,26,0,,,,,,12155,387860,1464,387860,1464,,,,,215204,473,,0
9/30/20,DE,A+,636,559,1,77,,,72,0,,15,265949,992,,,,,,20613,19540,82,0,,,,,23335,10622,430146,1916,430146,1916,,,,,286562,1074,,0
9/30/20,FL,A,14488,,175,,44608,44608,2097,253,,,4594668,9120,460024,449702,6555737,,,698051,681129,1880,0,45080,,44075,,909158,,8034148,40727,8034148,40727,505164,,493810,,5287218,10998,7507015,27829
9/30/20,GA,A,7021,,27,,28522,28522,1896,183,5269,,2615653,21126,,,,,,318026,318026,1720,0,25149,,,,298062,,,0,2933679,22846,302125,,,,,0,2933679,22846
9/30/20,GU,B,49,,2,,,,25,0,,9,47626,342,,,,,,2488,2486,45,0,3,,,,,1822,,0,50114,387,180,,,,,0,50110,385
9/30/20,HI,B,132,,0,,832,832,147,13,,44,284211,0,,,,,12,12469,12290,87,0,,,,,12257,10256,411384,3424,411384,3424,,,,,296414,0,415940,3150
9/30/20,IA,A+,1344,,16,,,,390,0,,100,679271,5359,,55459,,,31,85596,85596,1120,0,,,3429,3233,,68456,,0,764867,6479,,,58927,32440,766417,6479,,0
9/30/20,ID,A,464,427,4,37,1847,1847,137,15,457,38,269007,1388,,,,,,41434,37699,511,0,,,,,,21976,,0,306706,1815,,,,,306706,1815,,0
9/30/20,IL,A,8916,8672,35,244,,,1632,0,,378,5331548,56273,,,,,152,295763,293274,2273,0,,,,,,,,0,5627311,58546,,,,,,0,5624822,58546
9/30/20,IN,A+,3632,3405,20,227,12814,12814,975,56,2554,265,1259831,7542,,,,,96,120019,,953,0,,,,,123101,94816,,0,2133262,31627,,,,,1379850,8495,2133262,31627
9/30/20,KS,A+,678,,41,,2917,2917,352,65,801,103,461701,6421,,,,255,33,59749,,1120,0,,,,,,2095,,0,521450,7541,,,,,521450,7541,,0
9/30/20,KY,B,1174,1163,4,11,5279,5279,541,29,1525,126,1315769,12384,,,,,,68840,60218,984,0,,,,,,11840,,0,1375987,13058,55961,27868,,,,0,1375987,13058
9/30/20,LA,A,5511,5321,21,190,,,553,0,,,2151146,10237,,,,,79,167458,166033,610,0,,,,,,154163,,0,2318604,10847,,,,,,0,2317179,10646
9/30/20,MA,A+,9456,9242,33,214,12686,12686,438,19,,89,2104449,13894,,,,,29,132116,129753,532,0,,,,,170156,113768,,0,4050617,62393,,,120418,131852,2234202,14404,4050617,62393
9/30/20,MD,A,3949,3805,3,144,15530,15530,334,70,,77,1493282,7283,,123287,,,,124725,124725,414,0,,,11906,,149458,7536,,0,2605913,17223,,,135193,,1618007,7697,2605913,17223
9/30/20,ME,A+,141,140,0,1,449,449,13,2,,7,429709,6992,9862,,427569,,1,5391,4824,54,0,522,,,,6668,4678,,0,435100,7046,10398,,,,,0,434533,7039
9/30/20,MI,A+,7083,6762,11,321,,,557,0,,137,3509848,28584,,,3509848,,59,138014,124687,1194,0,,,,,173414,95051,,0,3647862,29778,294558,,,,,0,3683262,29538
9/30/20,MN,A,2089,2036,17,53,7701,7701,340,68,2146,120,1315567,7436,,,,,,99134,99134,687,0,,,,,,89392,2030167,12817,2030167,12817,,,,,1414701,8123,,0
9/30/20,MO,B,2118,,32,,,,1171,0,,,1178272,0,74027,71709,1700102,,,126113,126113,1351,0,3747,3057,3618,,143886,,,0,1847369,21170,77904,11328,75327,,1302958,0,1847369,21170
9/30/20,MP,D,2,2,0,,4,4,,0,,,15112,336,,,,,,70,70,0,0,,,,,,29,,0,15182,336,,,,,15182,337,20419,584
9/30/20,MS,A+,2969,2729,12,240,5844,5844,556,0,,136,638843,0,,,,,71,98190,90462,552,0,95,,,,,89737,,0,737033,552,38720,55946,,,,0,728519,0
9/30/20,MT,C,180,,3,,717,717,170,8,,,330087,2885,,,,,,13071,13071,347,0,,,,,,9256,,0,343158,3232,,,,,,0,343158,3232
9/30/20,NC,A+,3532,3505,38,27,,,956,0,,297,2824239,13790,,,,,,210632,205703,1495,0,,,,,,184422,,0,3034871,15285,,2337,,,,0,3029942,15162
9/30/20,ND,B,249,,7,,859,859,89,11,210,18,219646,1199,9151,,,,,21803,21797,444,0,427,,,,,17938,613487,5102,613487,5102,9578,,,,241484,1635,636374,5333
9/30/20,NE,A,478,,6,,2315,2315,215,14,,,410594,2615,,,563045,,,45044,45044,466,0,,,,,54169,33198,,0,618352,7272,,,,,455943,3081,618352,7272
9/30/20,NH,B,439,,0,,738,738,14,0,234,,265447,3476,,,,,,8266,8266,33,0,,,,,,7522,,0,445475,6503,31863,,31108,,273713,3509,445475,6503
9/30/20,NJ,A+,16122,14335,9,1787,23439,23439,479,60,,108,3407757,45560,,,,,39,205275,205275,712,0,,,,,,34859,,0,3613032,46272,,,,,,0,3613032,46728
9/30/20,NM,C,877,,2,,3495,3495,85,20,,,891574,5745,,,,,,29435,29435,278,0,,,,,,16671,,0,921009,6023,,,,,,0,921009,6023
9/30/20,NV,A+,1600,,7,,,,452,0,,129,618116,1991,,,,,70,79980,79980,385,0,,,,,,,1026287,8989,1026287,8989,,,,,696997,2288,1052436,7102
9/30/20,NY,B,25479,,9,,89995,89995,605,0,,144,10288664,96960,,,,,67,458649,458649,1000,0,,,,,,76754,10747313,97960,10747313,97960,,,,,,0,,0
9/30/20,OH,A+,4804,4501,21,303,15516,15516,689,103,3288,194,3011948,23478,,,,,103,153987,145191,1080,0,,,,,,132980,,0,3165935,24558,,,,,,0,3157139,24404
9/30/20,OK,A+,1031,,13,,6449,6449,628,83,,245,1116829,10645,,,1116829,,,87199,87199,980,0,3997,,,,98631,73100,,0,1204028,11625,78836,,,,,0,1217581,11965
9/30/20,OR,A+,559,,4,,2598,2598,170,40,,48,652364,6272,,,1028931,,14,33509,31871,218,0,,,,,57928,5720,,0,1086859,14344,,,,,684235,6465,1086859,14344
9/30/20,PA,A+,8142,,19,,,,539,0,,,1879127,12366,,,,,66,158967,153924,1153,0,,,,,,130352,,0,2038094,13519,,,,,2033051,13422,3001641,26141
9/30/20,PR,C,661,489,7,172,,,327,0,,62,305972,0,,,395291,,39,24000,24000,199,0,24755,,,,20103,,,0,329972,199,,,,,,0,415664,0
9/30/20,RI,A+,1114,,1,,2782,2782,103,8,,7,315853,2511,,,735136,,6,24748,24748,192,0,,,,,34686,2322,769822,9594,769822,9594,,,,,340601,2703,,0
9/30/20,SC,A+,3378,3186,19,192,9160,9160,729,55,,184,1161156,8376,64219,,1118867,,95,147942,143623,308,0,6958,10494,,,185912,71691,,0,1309098,8684,71177,47058,,,,0,1304779,8504
9/30/20,SD,A,223,,0,,1549,1549,212,38,,,168380,1231,,,,,,22389,,392,0,,,,,,18508,,0,190769,1623,,,,,190769,1623,269686,3247
9/30/20,TN,A+,2454,2356,34,98,8733,8733,969,61,,280,2688217,22347,,,2646321,,124,196139,188505,1528,0,,,,,230401,179322,,0,2884356,23875,,,,,,0,2876722,23655
9/30/20,TX,A,15711,,107,,,,3344,0,,1076,5849862,48561,,,,,,748967,748967,5683,0,37113,18094,,,823305,664883,,0,6598829,54244,412969,209959,,,,0,6598829,54244
9/30/20,UT,A+,459,,2,,3847,3847,243,40,912,75,746945,6872,,,976024,363,,73042,73042,906,0,,2081,,1966,80094,55141,,0,1056118,11099,,27011,,15282,819462,8051,1056118,11099
9/30/20,VA,A+,3208,2995,21,213,11041,11041,908,63,,190,1909374,9825,,,,,104,148271,140614,755,0,,,,,167677,17633,2049988,10478,2049988,10478,,,,,,0,,0
9/30/20,VI,D,20,20,0,,,,,0,,,19243,188,,,,,,1318,,0,0,,,,,,1254,,0,20561,188,,,,,,0,20582,200
9/30/20,VT,B,58,58,0,,,,3,0,,,159604,603,,,,,,1756,1752,3,0,,,,,,1606,,0,282735,2177,,,,,161356,606,282735,2177
9/30/20,WA,B,2124,2124,24,,7483,7483,384,6,,91,1767357,5532,,,,,26,89739,88438,778,0,,,,,,,1854399,5936,1854399,5936,,,,,,0,,0
9/30/20,WI,A+,1337,1327,27,10,7300,7300,683,91,1179,198,1423247,9473,,,,,,129123,122274,2459,0,,,,,,99925,2346977,23113,2346977,23113,,,,,1545521,11792,,0
9/30/20,WV,B,350,347,5,3,,,169,0,,55,545720,3099,,,,,27,15848,15393,156,0,,,,,,11507,,0,561568,3255,17346,,,,,0,561113,3244
9/30/20,WY,B,50,,0,,272,272,24,5,,,95212,490,,,172771,,,5948,5046,127,0,,,,,5602,4791,,0,178373,3687,,,,,100258,588,178373,3687
9/29/20,AK,A,56,56,0,,313,313,49,4,,,443271,6143,,,443163,,7,7785,,122,0,,,,,7606,4324,,0,451056,6265,,,,,,0,451056,6265
9/29/20,AL,A,2517,2378,16,139,17182,17182,773,91,1802,,983163,2872,,,,1014,,153554,136549,571,0,,,,,,64583,,0,1119712,3366,,,58235,,1119712,3366,,0
9/29/20,AR,A+,1350,1204,21,146,5354,5354,491,106,,231,927902,9725,,,927902,671,98,82755,80003,706,0,,3300,,3009,,74440,,0,1007905,10207,,21856,,10986,,0,1007905,10207
9/29/20,AS,D,0,,0,,,,,0,,,1571,0,,,,,,0,0,0,0,,,,,,,,0,1571,0,,,,,,0,1571,0
9/29/20,AZ,A+,5632,5365,9,267,22047,22047,540,28,,119,1239906,4164,,,,,64,218184,213622,674,0,,,,,,35125,,0,2174410,19062,292560,,,,1453528,4816,2174410,19062
9/29/20,CA,B,15640,,32,,,,3223,0,,828,13806120,126531,,,,,,807425,807425,2162,0,,,,,,,,0,14613545,128693,,,,,,0,14613545,128693
9/29/20,CO,A,2046,1689,2,357,7558,7558,268,28,,,837127,6743,156256,,,,,70025,65115,535,0,11733,,,,,6500,1341180,14538,1341180,14538,167989,,,,902242,7246,,0
9/29/20,CT,B,4505,3608,2,897,11560,11560,92,0,,,1524263,10204,,,,,,57329,54919,182,0,,,,,,9310,,0,1581592,10386,,,,,,0,1579182,10380
9/29/20,DC,A+,626,,2,,,,93,0,,23,371096,3312,,,,,10,15300,,36,0,,,,,,12115,386396,3348,386396,3348,,,,,214731,1435,,0
9/29/20,DE,A+,635,558,1,77,,,64,0,,12,264957,1531,,,,,,20531,19465,142,0,,,,,23257,10599,428230,3259,428230,3259,,,,,285488,1673,,0
9/29/20,FL,A,14313,,106,,44355,44355,2174,252,,,4585548,25178,460024,449702,6530457,,,696171,679513,3209,0,45080,,44075,,906707,,7993421,64222,7993421,64222,505164,,493810,,5276220,28395,7479186,49290
9/29/20,GA,A,6994,,33,,28339,28339,1937,142,5225,,2594527,11310,,,,,,316306,316306,1025,0,25045,,,,294652,,,0,2910833,12335,301535,,,,,0,2910833,12335
9/29/20,GU,A,47,,1,,,,26,0,,9,47284,463,,,,,,2443,2443,53,0,3,,,,,1811,,0,49727,516,180,,,,,0,49725,516
9/29/20,HI,B,132,,0,,819,819,147,3,,44,284211,2765,,,,,12,12382,12203,87,0,,,,,12168,10215,407960,2429,407960,2429,,,,,296414,2852,412790,2449
9/29/20,IA,A+,1328,,8,,,,376,0,,97,673912,2598,,55101,,,36,84476,84476,474,0,,,3416,3162,,67477,,0,758388,3072,,,58556,31617,759938,3067,,0
9/29/20,ID,A,460,423,0,37,1832,1832,135,18,454,44,267619,1266,,,,,,40923,37272,422,0,,,,,,21796,,0,304891,1639,,,,,304891,1639,,0
9/29/20,IL,A,8881,8637,23,244,,,1535,0,,363,5275275,44262,,,,,151,293490,291001,1362,0,,,,,,,,0,5568765,45624,,,,,,0,5566276,45624
9/29/20,IN,A+,3612,3385,21,227,12758,12758,942,104,2541,288,1252289,4317,,,,,94,119066,,744,0,,,,,121800,93921,,0,2101635,30052,,,,,1371355,5061,2101635,30052
9/29/20,KS,A+,637,,0,,2852,2852,270,0,785,88,455280,0,,,,251,29,58629,,0,0,,,,,,2051,,0,513909,0,,,,,513909,0,,0
9/29/20,KY,B,1170,1159,8,11,5250,5250,589,42,1520,129,1303385,69133,,,,,,67856,59544,917,0,,,,,,11792,,0,1362929,69789,55904,27552,,,,0,1362929,69789
9/29/20,LA,A,5490,5308,10,182,,,578,0,,,2140909,17606,,,,,80,166848,165624,533,0,,,,,,149640,,0,2307757,18139,,,,,,0,2306533,18139
9/29/20,MA,A+,9423,9210,8,213,12667,12667,444,19,,107,2090555,13674,,,,,27,131584,129243,512,0,,,,,169522,111479,,0,3988224,57005,,,120133,130459,2219798,14124,3988224,57005
9/29/20,MD,A,3946,3802,8,144,15460,15460,344,32,,79,1485999,6780,,120591,,,,124311,124311,431,0,,,11517,,148896,7509,,0,2588690,15083,,,132108,,1610310,7211,2588690,15083
9/29/20,ME,A+,141,140,1,1,447,447,8,1,,5,422717,4621,9848,,420597,,1,5337,4777,37,0,522,,,,6602,4629,,0,428054,4658,10384,,,,,0,427494,4643
9/29/20,MI,A+,7072,6751,21,321,,,557,0,,137,3481264,22976,,,3481264,,60,136820,123633,1118,0,,,,,172460,95051,,0,3618084,24094,292652,,,,,0,3653724,23821
9/29/20,MN,A,2072,2020,5,52,7633,7633,340,87,2129,120,1308131,7904,,,,,,98447,98447,809,0,,,,,,88380,2017350,14235,2017350,14235,,,,,1406578,8713,,0
9/29/20,MO,B,2086,,22,,,,1219,0,,,1178272,0,73889,71709,1680422,,,124762,124762,76,0,3728,2863,3618,,142431,,,0,1826199,13062,77747,10572,75327,,1302958,0,1826199,13062
9/29/20,MP,D,2,2,0,,4,4,,0,,,14776,0,,,,,,70,70,0,0,,,,,,29,,0,14846,0,,,,,14845,0,19835,0
9/29/20,MS,A+,2957,2722,36,235,5844,5844,564,0,,138,638843,0,,,,,67,97638,90082,589,0,95,,,,,89737,,0,736481,589,38720,55946,,,,0,728519,0
9/29/20,MT,C,177,,3,,709,709,166,11,,,327202,2419,,,,,,12724,12724,311,0,,,,,,9093,,0,339926,2730,,,,,,0,339926,2730
9/29/20,NC,A+,3494,3467,49,27,,,950,0,,287,2810449,14164,,,,,,209137,204331,889,0,,,,,,184422,,0,3019586,15053,,,,,,0,3014780,14927
9/29/20,ND,B,242,,5,,848,848,105,20,204,16,218447,693,8951,,,,,21359,21353,419,0,424,,,,,17511,608385,4463,608385,4463,9375,,,,239849,1112,631041,4752
9/29/20,NE,A,472,,2,,2301,2301,214,21,,,407979,3681,,,556572,,,44578,44578,515,0,,,,,53392,33087,,0,611080,4238,,,,,452862,4196,611080,4238
9/29/20,NH,B,439,,0,,738,738,13,1,234,,261971,812,,,,,,8233,8233,25,0,,,,,,7463,,0,438972,6576,31793,,31078,,270204,837,438972,6576
9/29/20,NJ,A+,16113,14326,10,1787,23379,23379,443,41,,101,3362197,0,,,,,34,204563,204563,456,0,,,,,,34842,,0,3566760,456,,,,,,0,3566304,0
9/29/20,NM,C,875,,2,,3475,3475,80,12,,,885829,5309,,,,,,29157,29157,172,0,,,,,,16565,,0,914986,5481,,,,,,0,914986,5481
9/29/20,NV,A+,1593,,8,,,,446,0,,136,616125,2643,,,,,69,79595,79595,404,0,,,,,,,1017298,7032,1017298,7032,,,,,694709,2878,1045334,4902
9/29/20,NY,A,25470,,2,,89995,89995,541,0,,147,10191704,87042,,,,,61,457649,457649,1189,0,,,,,,76649,10649353,88231,10649353,88231,,,,,,0,,0
9/29/20,OH,A+,4783,4480,37,303,15413,15413,672,106,3274,183,2988470,34096,,,,,98,152907,144265,1105,0,,,,,,131708,,0,3141377,35201,,,,,,0,3132735,35080
9/29/20,OK,A+,1018,,11,,6366,6366,618,93,,225,1106184,30709,,,1106184,,,86219,86219,1025,0,3997,,,,97612,71957,,0,1192403,31734,78836,,,,,0,1205616,33062
9/29/20,OR,A+,555,,8,,2558,2558,173,20,,53,646092,4057,,,1014964,,17,33291,31678,297,0,,,,,57551,5538,,0,1072515,8533,,,,,677770,4345,1072515,8533
9/29/20,PA,A+,8123,,16,,,,507,0,,,1866761,11270,,,,,63,157814,152868,988,0,,,,,,127829,,0,2024575,12258,,,,,2019629,12194,2975500,23348
9/29/20,PR,C,654,483,6,171,,,353,0,,68,305972,0,,,395291,,33,23801,23801,444,0,24666,,,,20103,,,0,329773,444,,,,,,0,415664,0
9/29/20,RI,A+,1113,,3,,2774,2774,103,49,,8,313342,2082,,,725449,,5,24556,24556,132,0,,,,,34779,2316,760228,7072,760228,7072,,,,,337898,2214,,0
9/29/20,SC,A+,3359,3173,22,186,9105,9105,690,40,,176,1152780,25307,64145,,1110819,,88,147634,143495,1179,0,6914,10284,,,185456,73136,,0,1300414,26486,71059,44877,,,,0,1296275,26353
9/29/20,SD,A,223,,5,,1511,1511,211,23,,,167149,543,,,,,,21997,,259,0,,,,,,18090,,0,189146,802,,,,,189146,802,266439,2060
9/29/20,TN,A+,2420,2325,31,95,8672,8672,909,53,,270,2665870,12260,,,2624331,,106,194611,187197,879,0,,,,,228736,177945,,0,2860481,13139,,,,,,0,2853067,12958
9/29/20,TX,A,15604,,71,,,,3251,0,,1044,5801301,53936,,,,,,743284,743284,4062,0,36957,17806,,,820161,661038,,0,6544585,57998,411712,202842,,,,0,6544585,57998
9/29/20,UT,A+,457,,4,,3807,3807,195,50,908,71,740073,5519,,,966157,362,,72136,72136,694,0,,2003,,1890,78862,54844,,0,1045019,8919,,25547,,14623,811411,6433,1045019,8919
9/29/20,VA,A+,3187,2976,15,211,10978,10978,958,62,,202,1899549,11525,,,,,113,147516,139961,923,0,,,,,167223,17576,2039510,12342,2039510,12342,,,,,,0,,0
9/29/20,VI,D,20,20,1,,,,,0,,,19055,212,,,,,,1318,,1,0,,,,,,1243,,0,20373,213,,,,,,0,20382,215
9/29/20,VT,B,58,58,0,,,,5,0,,,159001,751,,,,,,1753,1749,4,0,,,,,,1601,,0,280558,1295,,,,,160750,755,280558,1295
9/29/20,WA,B,2100,2100,0,,7477,7477,362,22,,75,1761825,10888,,,,,43,88961,87686,200,0,,,,,,,1848463,11257,1848463,11257,,,,,,0,,0
9/29/20,WI,A+,1310,1300,17,10,7209,7209,646,67,1171,205,1413774,8397,,,,,,126664,119955,2447,0,,,,,,98385,2323864,20928,2323864,20928,,,,,1533729,10764,,0
9/29/20,WV,C,345,342,8,3,,,172,0,,53,542621,4863,,,,,29,15692,15248,180,0,,,,,,11333,,0,558313,5043,17327,,,,,0,557869,5025
9/29/20,WY,B,50,,0,,267,267,22,3,,,94722,360,,,169269,,,5821,4948,67,0,,,,,5417,4702,,0,174686,5236,,,,,99670,411,174686,5236
9/28/20,AK,A,56,56,0,,309,309,43,1,,,437128,1808,,,437017,,14,7663,,114,0,,,,,7487,3771,,0,444791,1922,,,,,,0,444791,1922
9/28/20,AL,A,2501,2364,0,137,17091,17091,753,239,1798,,980291,4606,,,,1012,,152983,136055,662,0,,,,,,64583,,0,1116346,5107,,,58151,,1116346,5107,,0
9/28/20,AR,A+,1329,1183,21,146,5248,5248,491,13,,231,918177,56285,,,918177,661,99,82049,79521,807,0,,3300,,2740,,73573,,0,997698,57071,,21856,,10349,,0,997698,57071
9/28/20,AS,D,0,,0,,,,,0,,,1571,0,,,,,,0,0,0,0,,,,,,,,0,1571,0,,,,,,0,1571,0
9/28/20,AZ,A+,5623,5357,0,267,22019,22019,468,4,,115,1235742,5134,,,,,57,217510,212970,273,0,,,,,,34998,,0,2155348,6529,292278,,,,1448712,5389,2155348,6529
9/28/20,CA,B,15608,,21,,,,3160,0,,831,13679589,148399,,,,,,805263,805263,2955,0,,,,,,,,0,14484852,151354,,,,,,0,14484852,151354
9/28/20,CO,A,2044,1687,3,357,7530,7530,246,7,,,830384,6082,155928,,,,,69490,64612,411,0,11707,,,,,6469,1326642,13239,1326642,13239,167635,,,,894996,6457,,0
9/28/20,CT,B,4503,3606,2,897,11560,11560,75,0,,,1514059,51495,,,,,,57147,54743,560,0,,,,,,9310,,0,1571206,52055,,,,,,0,1568802,52022
9/28/20,DC,A+,624,,0,,,,90,0,,27,367784,1875,,,,,15,15264,,14,0,,,,,,12053,383048,1889,383048,1889,,,,,213296,595,,0
9/28/20,DE,A+,634,557,1,77,,,60,0,,13,263426,1662,,,,,,20389,19334,129,0,,,,,23154,10577,424971,4249,424971,4249,,,,,283815,1791,,0
9/28/20,FL,A,14207,,5,,44103,44103,2122,73,,,4560370,7493,460024,449702,6485581,,,692962,676712,728,0,45080,,44075,,902486,,7929199,19004,7929199,19004,505164,,493810,,5247825,8206,7429896,15277
9/28/20,GA,A,6961,,15,,28197,28197,1849,18,5194,,2583217,11633,,,,,,315281,315281,596,0,25025,,,,293921,,,0,2898498,12229,301453,,,,,0,2898498,12229
9/28/20,GU,A,46,,3,,,,28,0,,10,46821,456,,,,,,2390,2390,36,0,3,,,,,1795,,0,49211,492,180,,,,,0,49209,955
9/28/20,HI,B,132,,1,,816,816,148,14,,48,281446,1807,,,,,31,12295,12116,98,0,,,,,12078,10155,405531,4280,405531,4280,,,,,293562,1905,410341,4249
9/28/20,IA,A+,1320,,6,,,,353,0,,96,671314,327,,54878,,,39,84002,84002,366,0,,,3400,2994,,66327,,0,755316,693,,,58318,30094,756871,691,,0
9/28/20,ID,A,460,423,0,37,1814,1814,135,3,452,44,266353,1868,,,,,,40501,36899,205,0,,,,,,21630,,0,303252,2046,,,,,303252,2046,,0
9/28/20,IL,A,8858,8614,13,244,,,1491,0,,346,5231013,39433,,,,,135,292128,289639,1709,0,,,,,,,,0,5523141,41142,,,,,,0,5520652,41142
9/28/20,IN,A+,3591,3365,11,226,12654,12654,957,58,2515,299,1247972,6562,,,,,93,118322,,872,0,,,,,120249,92847,,0,2071583,5102,,,,,1366294,7434,2071583,5102
9/28/20,KS,A+,637,,5,,2852,2852,270,36,785,88,455280,9102,,,,251,29,58629,,2037,0,,,,,,2051,,0,513909,11139,,,,,513909,11139,,0
9/28/20,KY,B,1162,1151,5,11,5208,5208,507,15,1514,106,1234252,17692,,,,,,66939,58888,448,0,,,,,,11787,,0,1293140,18452,55839,24598,,,,0,1293140,18452
9/28/20,LA,A,5480,5298,15,182,,,563,0,,,2123303,6229,,,,,83,166315,165091,240,0,,,,,,149640,,0,2289618,6469,,,,,,0,2288394,6469
9/28/20,MA,A+,9415,9202,11,213,12648,12648,418,3,,85,2076881,12682,,,,,31,131072,128793,430,0,,,,,168973,111479,,0,3931219,49373,,,119987,129009,2205674,13049,3931219,49373
9/28/20,MD,A,3938,3793,3,145,15428,15428,315,30,,82,1479219,8259,,120591,,,,123880,123880,477,0,,,11517,,148419,7476,,0,2573607,17902,,,132108,,1603099,8736,2573607,17902
9/28/20,ME,A+,140,139,0,1,446,446,8,1,,2,418096,2188,9782,,415985,,0,5300,4755,12,0,521,,,,6574,4599,,0,423396,2200,10317,,,,,0,422851,2202
9/28/20,MI,A+,7051,6731,7,320,,,557,0,,137,3458288,49604,,,3458288,,51,135702,122735,1329,0,,,,,171615,95051,,0,3593990,50933,292255,,,,,0,3629903,51319
9/28/20,MN,A,2067,2015,7,52,7546,7546,340,53,2111,120,1300227,12449,,,,,,97638,97638,904,0,,,,,,87330,2003115,22015,2003115,22015,,,,,1397865,13353,,0
9/28/20,MO,B,2064,,1,,,,1137,0,,,1178272,3572,,71709,1669272,,,124686,124686,1280,0,,,3618,,140554,,,0,1813137,113818,,,75327,,1302958,4852,1813137,113818
9/28/20,MP,D,2,2,0,,4,4,,0,,,14776,0,,,,,,70,70,0,0,,,,,,29,,0,14846,0,,,,,14845,0,19835,0
9/28/20,MS,A+,2921,2695,2,226,5844,5844,601,237,,147,638843,4807,,,,,68,97049,89676,190,0,95,,,,,89737,,0,735892,4997,38720,55946,,,,0,728519,5130
9/28/20,MT,C,174,,1,,698,698,158,11,,,324783,6583,,,,,,12413,12413,306,0,,,,,,8839,,0,337196,6889,,,,,,0,337196,6889
9/28/20,NC,A+,3445,3418,4,27,,,897,0,,271,2796285,24937,,,,,,208248,203568,868,0,,,,,,184422,,0,3004533,25805,,,,,,0,2999853,25801
9/28/20,ND,B,237,,3,,828,828,105,13,201,18,217754,860,8935,,,,,20940,20938,259,0,422,,,,,17080,603922,3855,603922,3855,9357,,,,238737,1119,626289,3981
9/28/20,NE,A,470,,1,,2280,2280,224,1,,,404298,2765,,,552696,,,44063,44063,467,0,,,,,53031,32824,,0,606842,5306,,,,,448666,3232,606842,5306
9/28/20,NH,B,439,,0,,737,737,16,1,233,,261159,1845,,,,,,8208,8208,36,0,,,,,,7430,,0,432396,0,31777,,31046,,269367,1881,432396,0
9/28/20,NJ,A+,16103,14316,-2,1787,23338,23338,421,11,,91,3362197,52479,,,,,39,204107,204107,559,0,,,,,,34805,,0,3566304,53038,,,,,,0,3566304,53736
9/28/20,NM,C,873,,3,,3463,3463,76,20,,,880520,4035,,,,,,28985,28985,141,0,,,,,,16422,,0,909505,4176,,,,,,0,909505,4176
9/28/20,NV,A+,1585,,0,,,,451,0,,128,613482,3254,,,,,68,79191,79191,463,0,,,,,,,1010266,2278,1010266,2278,,,,,691831,3758,1040432,6913
9/28/20,NY,A,25468,,12,,89995,89995,543,0,,135,10104662,52102,,,,,57,456460,456460,834,0,,,,,,76649,10561122,52936,10561122,52936,,,,,,0,,0
9/28/20,OH,A+,4746,4444,5,302,15307,15307,681,91,3261,197,2954374,33996,,,,,101,151802,143281,993,0,,,,,,130859,,0,3106176,34989,,,,,,0,3097655,34876
9/28/20,OK,A+,1007,,3,,6273,6273,579,21,,223,1075475,0,,,1075475,,,85194,85194,1684,0,3997,,,,94741,70808,,0,1160669,1684,78836,,,,,0,1172554,0
9/28/20,OR,A+,547,,0,,2538,2538,191,42,,44,642035,3365,,,1006764,,19,32994,31390,174,0,,,,,57218,5490,,0,1063982,5303,,,,,673425,12091,1063982,5303
9/28/20,PA,A+,8107,,1,,,,481,0,,,1855491,10421,,,,,64,156826,151944,676,0,,,,,,128597,,0,2012317,11097,,,,,2007435,11066,2952152,53523
9/28/20,PR,C,648,477,4,171,,,339,0,,69,305972,0,,,395291,,38,23357,23357,660,0,24065,,,,20103,,,0,329329,660,,,,,,0,415664,0
9/28/20,RI,A+,1110,,0,,2725,2725,94,0,,8,311260,538,,,718555,,4,24424,24424,26,0,,,,,34601,2278,753156,2008,753156,2008,,,,,335684,564,,0
9/28/20,SC,A+,3337,3154,11,183,9065,9065,753,22,,172,1127473,20822,63925,,1085933,,108,146455,142449,568,0,6891,10143,,,183989,70430,,0,1273928,21390,70816,42553,,,,0,1269922,21362
9/28/20,SD,A,218,,0,,1488,1488,209,15,,,166606,643,,,,,,21738,,197,0,,,,,,17692,,0,188344,840,,,,,188344,840,264379,1455
9/28/20,TN,A+,2389,2296,12,93,8619,8619,832,42,,259,2653610,14069,,,2612336,,118,193732,186499,737,0,,,,,227773,176030,,0,2847342,14806,,,,,,0,2840109,14735
9/28/20,TX,A,15533,,11,,,,3201,0,,1056,5747365,12369,,,,,,739222,739222,4090,0,36905,17473,,,816290,657407,,0,6486587,16459,411266,194502,,,,0,6486587,16459
9/28/20,UT,A+,453,,0,,3757,3757,174,28,895,66,734554,3861,,,958195,361,,71442,71442,827,0,,1936,,1827,77905,54530,,0,1036100,6272,,24376,,14090,804978,4511,1036100,6272
9/28/20,VA,A+,3172,2962,13,210,10916,10916,890,27,,193,1888024,23629,,,,,103,146593,139144,449,0,,,,,166501,17483,2027168,24039,2027168,24039,,,,,,0,,0
9/28/20,VI,D,19,19,0,,,,,0,,,18843,0,,,,,,1317,,0,0,,,,,,1217,,0,20160,0,,,,,,0,20167,0
9/28/20,VT,B,58,58,0,,,,3,0,,,158250,829,,,,,,1749,1745,3,0,,,,,,1590,,0,279263,7878,,,,,159995,832,279263,7878
9/28/20,WA,B,2100,2100,0,,7455,7455,355,24,,71,1750937,16144,,,,,25,88761,87487,328,0,,,,,,,1837206,16583,1837206,16583,,,,,,0,,0
9/28/20,WI,A+,1293,1283,2,10,7142,7142,640,47,1162,173,1405377,6159,,,,,,124217,117588,1739,0,,,,,,96727,2302936,23385,2302936,23385,,,,,1522965,7885,,0
9/28/20,WV,C,337,334,3,3,,,168,0,,51,537758,3383,,,,,29,15512,15086,164,0,,,,,,11188,,0,553270,3547,17259,,,,,0,552844,3534
9/28/20,WY,B,50,,0,,264,264,22,2,,,94362,1956,,,164210,,,5754,4897,121,0,,,,,5240,4613,,0,169450,4151,,,,,99259,2268,169450,4151
9/27/20,AK,A,56,56,4,,308,308,43,4,,,435320,-110,,,435171,,14,7549,,110,0,,,,,7411,3502,,0,442869,0,,,,,,0,442869,0
9/27/20,AL,A,2501,2364,0,137,16852,16852,741,0,1791,,975685,5637,,,,1007,,152321,135554,730,0,,,,,,64583,,0,1111239,6307,,,58032,,1111239,6307,,0
9/27/20,AR,A+,1308,1160,23,148,5235,5235,452,33,,211,861892,6257,,,861892,661,86,81242,78735,487,0,,3300,,2710,,72602,,0,940627,6732,,21856,,10266,,0,940627,6732
9/27/20,AS,D,0,,0,,,,,0,,,1571,0,,,,,,0,0,0,0,,,,,,,,0,1571,0,,,,,,0,1571,0
9/27/20,AZ,A+,5623,5356,1,267,22015,22015,483,10,,116,1230608,8757,,,,,59,217237,212715,411,0,,,,,,34872,,0,2148819,8893,291300,,,,1443323,9096,2148819,8893
9/27/20,CA,B,15587,,55,,,,3129,0,,892,13531190,146697,,,,,,802308,802308,4071,0,,,,,,,,0,14333498,150768,,,,,,0,14333498,150768
9/27/20,CO,A,2041,1685,1,356,7523,7523,263,3,,,824302,9970,155723,,,,,69079,64237,569,0,11693,,,,,6441,1313403,17748,1313403,17748,167416,,,,888539,10518,,0
9/27/20,CT,B,4501,3604,0,897,11560,11560,76,0,,,1462564,0,,,,,,56587,54216,0,0,,,,,,9310,,0,1519151,0,,,,,,0,1516780,0
9/27/20,DC,A+,624,,0,,,,96,0,,29,365909,3145,,,,,17,15250,,35,0,,,,,,12037,381159,3180,381159,3180,,,,,212701,1102,,0
9/27/20,DE,A+,633,556,0,77,,,60,0,,16,261764,1521,,,,,,20260,19207,104,0,,,,,23043,10557,420722,5109,420722,5109,,,,,282024,1625,,0
9/27/20,FL,A,14202,,12,,44030,44030,2103,66,,,4552877,16552,460024,449702,6471344,,,692234,676033,1847,0,45080,,44075,,901475,,7910195,45268,7910195,45268,505164,,493810,,5239619,18402,7414619,30689
9/27/20,GA,A,6946,,32,,28179,28179,1868,26,5187,,2571584,13102,,,,,,314685,314685,812,0,24959,,,,293203,,,0,2886269,13914,301039,,,,,0,2886269,13914
9/27/20,GU,A,43,,0,,,,30,0,,9,46365,0,,,,,,2354,2354,0,0,3,,,,,1668,,0,48719,0,179,,,,,0,48254,0
9/27/20,HI,B,131,,4,,802,802,150,15,,48,279639,1563,,,,,31,12197,12018,127,0,,,,,11979,10126,401251,4255,401251,4255,,,,,291657,1690,406092,4082
9/27/20,IA,A+,1314,,3,,,,343,0,,89,670987,3033,,54862,,,34,83636,83636,692,0,,,3396,2792,,65838,,0,754623,3725,,,58298,26254,756180,3731,,0
9/27/20,ID,A,460,423,2,37,1811,1811,135,16,451,44,264485,2065,,,,,,40296,36721,539,0,,,,,,21468,,0,301206,2554,,,,,301206,2554,,0
9/27/20,IL,A,8845,8601,13,244,,,1486,0,,350,5191580,49218,,,,,144,290419,287930,1604,0,,,,,,,,0,5481999,50822,,,,,,0,5479510,50822
9/27/20,IN,A+,3580,3354,3,226,12596,12596,910,75,2511,282,1241410,7569,,,,,92,117450,,901,0,,,,,119892,92552,,0,2066481,7516,,,,,1358860,8470,2066481,7516
9/27/20,KS,A+,632,,0,,2816,2816,343,0,768,121,446178,0,,,,250,34,56592,,0,0,,,,,,2039,,0,502770,0,,,,,502770,0,,0
9/27/20,KY,B,1157,1147,3,10,5193,5193,538,0,1511,129,1216560,0,,,,,,66491,58501,455,0,,,,,,11750,,0,1274688,0,55724,24514,,,,0,1274688,0
9/27/20,LA,A,5465,5283,21,182,,,557,0,,,2117074,26161,,,,,85,166075,164851,923,0,,,,,,149640,,0,2283149,27084,,,,,,0,2281925,27084
9/27/20,MA,A+,9404,9191,13,213,12645,12645,408,8,,79,2064199,17471,,,,,27,130642,128426,592,0,,,,,168544,111479,,0,3881846,101826,,,119935,126585,2192625,18065,3881846,101826
9/27/20,MD,A,3935,3790,10,145,15398,15398,328,16,,90,1470960,9632,,120591,,,,123403,123403,431,0,,,11517,,147832,7463,,0,2555705,30047,,,132108,,1594363,10063,2555705,30047
9/27/20,ME,A+,140,139,0,1,445,445,11,2,,2,415908,14749,9777,,413798,,0,5288,4741,28,0,521,,,,6560,4567,,0,421196,14777,10312,,,,,0,420649,14799
9/27/20,MI,A+,7044,6723,0,321,,,558,0,,139,3408684,0,,,3408684,,52,134373,121427,0,0,,,,,169900,95051,,0,3543057,0,291180,,,,,0,3578584,0
9/27/20,MN,A,2060,2008,4,52,7493,7493,340,50,2095,120,1287778,14755,,,,,,96734,96734,1075,0,,,,,,86252,1981100,26385,1981100,26385,,,,,1384512,15830,,0
9/27/20,MO,B,2063,,0,,,,1125,0,,,1174700,7545,,70741,1566917,,,123406,123406,1392,0,,,3518,,129549,,,0,1699319,11810,,,74259,,1298106,8937,1699319,11810
9/27/20,MP,D,2,2,0,,4,4,,0,,,14776,0,,,,,,70,70,1,0,,,,,,29,,0,14846,1,,,,,14845,0,19835,0
9/27/20,MS,A+,2919,2693,8,226,5607,5607,601,0,,147,634036,0,,,,,68,96859,89505,182,0,95,,,,,85327,,0,730895,182,38425,55557,,,,0,723389,0
9/27/20,MT,C,173,,2,,687,687,148,3,,,318200,822,,,,,,12107,12107,200,0,,,,,,8779,,0,330307,1022,,,,,,0,330307,1022
9/27/20,NC,A+,3441,3414,1,27,,,917,0,,269,2771348,29635,,,,,,207380,202704,1290,0,,,,,,176422,,0,2978728,30925,,,,,,0,2974052,30908
9/27/20,ND,B,234,,4,,815,815,96,6,201,18,216894,1045,8923,,,,,20681,20679,341,0,421,,,,,16727,600067,5439,600067,5439,9344,,,,237618,1389,622308,5666
9/27/20,NE,A,469,,1,,2279,2279,226,3,,,401533,4050,,,547931,,,43596,43596,434,0,,,,,52505,32584,,0,601536,6249,,,,,445434,4487,601536,6249
9/27/20,NH,B,439,,0,,736,736,20,2,233,,259314,2057,,,,,,8172,8172,51,0,,,,,,7403,,0,432396,9805,31777,,31030,,267486,2108,432396,9805
9/27/20,NJ,A+,16105,14318,6,1787,23327,23327,416,3,,88,3309718,0,,,,,47,203548,203548,698,0,,,,,,34650,,0,3513266,698,,,,,,0,3512568,0
9/27/20,NM,C,870,,0,,3443,3443,66,8,,,876485,5240,,,,,,28844,28844,152,0,,,,,,16301,,0,905329,5392,,,,,,0,905329,5392
9/27/20,NV,A+,1585,,3,,,,442,0,,125,610228,2905,,,,,64,78728,78728,373,0,,,,,,,1007988,3475,1007988,3475,,,,,688073,3277,1033519,7033
9/27/20,NY,A,25456,,6,,89995,89995,541,0,,155,10052560,83904,,,,,59,455626,455626,866,0,,,,,,76595,10508186,84770,10508186,84770,,,,,,0,,0
9/27/20,OH,A+,4741,4440,1,301,15216,15216,639,31,3251,199,2920378,36400,,,,,91,150809,142401,800,0,,,,,,130193,,0,3071187,37200,,,,,,0,3062779,37130
9/27/20,OK,A+,1004,,0,,6252,6252,579,0,,223,1075475,0,,,1075475,,,83510,83510,0,0,3997,,,,94741,69754,,0,1158985,0,78836,,,,,0,1172554,0
9/27/20,OR,A+,547,,1,,2496,2496,199,0,,40,638670,2580,,,1001625,,14,32820,30742,239,0,,,,,57054,5490,,0,1058679,5312,,,,,661334,0,1058679,5312
9/27/20,PA,A+,8106,,3,,,,462,0,,,1845070,14778,,,,,56,156150,151299,918,0,,,,,,127290,,0,2001220,15696,,,,,1996369,15684,2898629,0
9/27/20,PR,C,644,473,2,171,,,349,0,,65,305972,0,,,395291,,38,22697,22697,533,0,23607,,,,20103,,,0,328669,533,,,,,,0,415664,0
9/27/20,RI,A+,1110,,0,,2725,2725,94,0,,8,310722,1858,,,716584,,4,24398,24398,114,0,,,,,34564,2278,751148,9185,751148,9185,,,,,335120,1972,,0
9/27/20,SC,A+,3326,3144,3,182,9043,9043,734,15,,179,1106651,9127,63810,,1066318,,108,145887,141909,614,0,6876,10030,,,182242,70028,,0,1252538,9741,70686,40686,,,,0,1248560,9698
9/27/20,SD,A,218,,0,,1473,1473,216,39,,,165963,962,,,,,,21541,,408,0,,,,,,17533,,0,187504,1370,,,,,187504,1370,262924,2705
9/27/20,TN,A+,2377,2284,3,93,8577,8577,830,49,,249,2639541,40553,,,2598400,,127,192995,185833,2104,0,,,,,226974,175143,,0,2832536,42657,,,,,,0,2825374,42530
9/27/20,TX,A,15522,,37,,,,3217,0,,1056,5734996,22164,,,,,,735132,735132,1694,0,35953,17332,,,814979,652376,,0,6470128,23858,400882,192591,,,,0,6470128,23858
9/27/20,UT,A+,453,,5,,3729,3729,184,27,895,76,730693,5753,,,952598,359,,70615,70615,1068,0,,1931,,1823,77230,54201,,0,1029828,9401,,24235,,13996,800467,6627,1029828,9401
9/27/20,VA,A+,3159,2951,15,208,10889,10889,868,26,,198,1864395,9224,,,,,103,146144,138734,736,0,,,,,165374,17443,2003129,9785,2003129,9785,,,,,,0,,0
9/27/20,VI,D,19,19,0,,,,,0,,,18843,167,,,,,,1317,,21,0,,,,,,1217,,0,20160,188,,,,,,0,20167,187
9/27/20,VT,B,58,58,0,,,,2,0,,,157421,622,,,,,,1746,1742,2,0,,,,,,1584,,0,271385,1249,,,,,159163,624,271385,1249
9/27/20,WA,B,2100,2100,0,,7431,7431,395,19,,90,1734793,18998,,,,,31,88433,87171,521,0,,,,,,,1820623,19602,1820623,19602,,,,,,0,,0
9/27/20,WI,A+,1291,1281,0,10,7095,7095,571,54,1156,166,1399218,5806,,,,,,122478,115862,2247,0,,,,,,95513,2279551,28227,2279551,28227,,,,,1515080,8023,,0
9/27/20,WV,C,334,331,2,3,,,169,0,,53,534375,7242,,,,,26,15348,14935,190,0,,,,,,11160,,0,549723,7432,17254,,,,,0,549310,7427
9/27/20,WY,B,50,,0,,262,262,22,4,,,92406,0,,,160245,,,5633,4780,168,0,,,,,5054,4519,,0,165299,326,,,,,96991,0,165299,326
9/26/20,AK,A,52,52,1,,304,304,43,2,,,435430,1418,,,435171,,14,7439,,119,0,,,,,7411,3267,,0,442869,1537,,,,,,0,442869,1537
9/26/20,AL,A,2501,2364,10,137,16852,16852,709,0,1791,,970048,6684,,,,1007,,151591,134884,933,0,,,,,,64583,,0,1104932,7337,,,57800,,1104932,7337,,0
9/26/20,AR,A+,1285,1137,19,148,5202,5202,447,0,,213,855635,6813,,,855635,657,91,80755,78260,809,0,,3300,,2706,,72051,,0,933895,7601,,21856,,10264,,0,933895,7601
9/26/20,AS,D,0,,0,,,,,0,,,1571,0,,,,,,0,0,0,0,,,,,,,,0,1571,0,,,,,,0,1571,0
9/26/20,AZ,A+,5622,5355,35,267,22005,22005,509,33,,115,1221851,10194,,,,,56,216826,212376,459,0,,,,,,34730,,0,2139926,16612,290470,,,,1434227,10624,2139926,16612
9/26/20,CA,B,15532,,134,,,,3203,0,,862,13384493,126286,,,,,,798237,798237,4197,0,,,,,,,,0,14182730,130483,,,,,,0,14182730,130483
9/26/20,CO,A,2040,1684,3,356,7520,7520,248,41,,,814332,9526,155335,,,,,68510,63689,584,0,11633,,,,,6424,1295655,18042,1295655,18042,166968,,,,878021,10078,,0
9/26/20,CT,B,4501,3604,0,897,11560,11560,76,0,,,1462564,0,,,,,,56587,54216,0,0,,,,,,9310,,0,1519151,0,,,,,,0,1516780,0
9/26/20,DC,A+,624,,1,,,,101,0,,25,362764,4341,,,,,17,15215,,52,0,,,,,,12029,377979,4393,377979,4393,,,,,211599,1456,,0
9/26/20,DE,A+,633,556,2,77,,,57,0,,10,260243,954,,,,,,20156,19103,71,0,,,,,22909,10541,415613,2243,415613,2243,,,,,280399,1025,,0
9/26/20,FL,A,14190,,107,,43964,43964,2099,171,,,4536325,26218,460024,449702,6443064,,,690387,674330,2731,0,45080,,44075,,899158,,7864927,66440,7864927,66440,505164,,493810,,5221217,28959,7383930,49243
9/26/20,GA,A,6914,,40,,28153,28153,1831,118,5176,,2558482,23502,,,,,,313873,313873,1359,0,24723,,,,292318,,,0,2872355,24861,299555,,,,,0,2872355,24861
9/26/20,GU,A,43,,2,,,,30,0,,9,46365,395,,,,,,2354,2354,68,0,3,,,,,1668,,0,48719,463,179,,,,,0,48254,0
9/26/20,HI,B,127,,3,,787,787,150,8,,55,278076,2980,,,,,30,12070,11891,132,0,,,,,11853,5397,396996,3275,396996,3275,,,,,289967,3182,402010,3065
9/26/20,IA,A+,1311,,4,,,,334,0,,84,667954,5018,,54568,,,29,82944,82944,899,0,,,3389,2645,,65490,,0,750898,5917,,,57997,20350,752449,5913,,0
9/26/20,ID,A,458,421,1,37,1795,1795,135,29,451,44,262420,1772,,,,,,39757,36232,523,0,,,,,,21291,,0,298652,2240,,,,,298652,2240,,0
9/26/20,IL,A,8832,8588,25,244,,,1597,0,,355,5142362,62776,,,,,141,288815,286326,2441,0,,,,,,,,0,5431177,65217,,,,,,0,5428688,65217
9/26/20,IN,A+,3577,3351,11,226,12521,12521,910,58,2497,259,1233841,7786,,,,,92,116549,,1142,0,,,,,119466,92306,,0,2058965,22732,,,,,1350390,8928,2058965,22732
9/26/20,KS,A+,632,,0,,2816,2816,343,0,768,121,446178,0,,,,250,34,56592,,0,0,,,,,,2039,,0,502770,0,,,,,502770,0,,0
9/26/20,KY,B,1154,1144,5,10,5193,5193,538,46,1511,129,1216560,29298,,,,,,66036,58128,970,0,,,,,,11750,,0,1274688,30060,55724,24514,,,,0,1274688,30060
9/26/20,LA,A,5444,5262,0,182,,,570,0,,,2090913,0,,,,,86,165152,163928,0,0,,,,,,149640,,0,2256065,0,,,,,,0,2254841,0
9/26/20,MA,A+,9391,9178,18,213,12637,12637,354,18,,77,2046728,13795,,,,,28,130050,127832,569,0,,,,,167823,111479,,0,3780020,73292,,,119693,126039,2174560,14310,3780020,73292
9/26/20,MD,A,3925,3780,8,145,15382,15382,347,54,,81,1461328,11203,,120591,,,,122972,122972,613,0,,,11517,,147256,7458,,0,2525658,31639,,,132108,,1584300,11816,2525658,31639
9/26/20,ME,A+,140,139,0,1,443,443,8,1,,1,401159,0,9740,,399070,,0,5260,4713,25,0,516,,,,6490,4538,,0,406419,25,10270,,,,,0,405850,0
9/26/20,MI,A+,7044,6723,17,321,,,558,0,,139,3408684,39749,,,3408684,,52,134373,121427,996,0,,,,,169900,95051,,0,3543057,40745,291180,,,,,0,3578584,40941
9/26/20,MN,A,2056,2004,10,52,7443,7443,340,52,2085,120,1273023,16056,,,,,,95659,95659,1470,0,,,,,,85259,1954715,30695,1954715,30695,,,,,1368682,17526,,0
9/26/20,MO,B,2063,,69,,,,1101,0,,,1167155,14288,,70585,1556710,,,122014,122014,1716,0,,,3508,,128009,,,0,1687509,20077,,,74093,,1289169,16004,1687509,20077
9/26/20,MP,D,2,2,0,,4,4,,0,,,14776,0,,,,,,69,69,0,0,,,,,,29,,0,14845,0,,,,,14845,0,19835,0
9/26/20,MS,A+,2911,2686,17,225,5607,5607,601,0,,147,634036,3682,,,,,68,96677,89353,645,0,95,,,,,85327,,0,730713,4327,38425,55557,,,,0,723389,4167
9/26/20,MT,C,171,,1,,684,684,147,9,,,317378,2826,,,,,,11907,11907,343,0,,,,,,8749,,0,329285,3169,,,,,,0,329285,3169
9/26/20,NC,A+,3440,3413,31,27,,,914,0,,272,2741713,38427,,,,,,206090,201431,1759,0,,,,,,176422,,0,2947803,40186,,,,,,0,2943144,40090
9/26/20,ND,B,230,,8,,809,809,104,20,201,22,215849,1100,8923,,,,,20340,20338,497,0,421,,,,,16481,594628,7064,594628,7064,9344,,,,236229,1595,616642,7621
9/26/20,NE,A,468,,6,,2276,2276,225,17,,,397483,2910,,,542196,,,43162,43162,431,0,,,,,52014,32238,,0,595287,5078,,,,,440947,3344,595287,5078
9/26/20,NH,B,439,,1,,734,734,18,2,232,,257257,18150,,,,,,8121,8121,77,0,,,,,,7379,,0,422591,4902,31666,,30983,,265378,18227,422591,4902
9/26/20,NJ,A+,16099,14312,6,1787,23324,23324,426,39,,88,3309718,33107,,,,,38,202850,202850,750,0,,,,,,34650,,0,3512568,33857,,,,,,0,3512568,33857
9/26/20,NM,C,870,,5,,3435,3435,72,15,,,871245,6243,,,,,,28692,28692,205,0,,,,,,16211,,0,899937,6448,,,,,,0,899937,6448
9/26/20,NV,A+,1582,,9,,,,442,0,,125,607323,3740,,,,,64,78355,78355,602,0,,,,,,,1004513,7438,1004513,7438,,,,,684796,4316,1026486,9153
9/26/20,NY,A,25450,,4,,89995,89995,527,0,,164,9968656,98948,,,,,75,454760,454760,1005,0,,,,,,76528,10423416,99953,10423416,99953,,,,,,0,,0
9/26/20,OH,A+,4740,4439,6,301,15185,15185,625,58,3247,205,2883978,37279,,,,,95,150009,141671,1115,0,,,,,,129498,,0,3033987,38394,,,,,,0,3025649,38267
9/26/20,OK,A+,1004,,11,,6252,6252,579,60,,223,1075475,17331,,,1075475,,,83510,83510,990,0,3997,,,,94741,69754,,0,1158985,18321,78836,,,,,0,1172554,19196
9/26/20,OR,A+,546,,4,,2496,2496,199,0,,40,636090,5498,,,996555,,14,32581,30742,267,0,,,,,56812,5490,,0,1053367,10072,,,,,661334,0,1053367,10072
9/26/20,PA,A+,8103,,22,,,,444,0,,,1830292,13895,,,,,60,155232,150393,1029,0,,,,,,127290,,0,1985524,14924,,,,,1980685,14878,2898629,30463
9/26/20,PR,C,642,471,7,171,,,342,0,,59,305972,0,,,395291,,33,22164,22164,296,0,23249,,,,20103,,,0,328136,296,,,,,,0,415664,0
9/26/20,RI,A+,1110,,3,,2725,2725,94,0,,8,308864,3011,,,707512,,4,24284,24284,103,0,,,,,34451,2278,741963,14494,741963,14494,,,,,333148,3114,,0
9/26/20,SC,A+,3323,3141,26,182,9028,9028,727,34,,186,1097524,14959,63660,,1057807,,99,145273,141338,1371,0,6831,9972,,,181055,69629,,0,1242797,16330,70491,39995,,,,0,1238862,16241
9/26/20,SD,A,218,,2,,1434,1434,213,34,,,165001,1608,,,,,,21133,,579,0,,,,,,17173,,0,186134,2187,,,,,186134,2187,260219,3955
9/26/20,TN,A+,2374,2281,22,93,8528,8528,855,51,,267,2598988,25597,,,2558215,,119,190891,183856,1437,0,,,,,224629,174044,,0,2789879,27034,,,,,,0,2782844,26911
9/26/20,TX,A,15485,,121,,,,3209,0,,1056,5712832,43629,,,,,,733438,733438,4886,0,35847,17229,,,813007,649580,,0,6446270,48515,399337,191112,,,,0,6446270,48515
9/26/20,UT,A+,448,,0,,3702,3702,191,34,890,77,724940,7743,,,944116,358,,69547,69547,1017,0,,1900,,1793,76311,53806,,0,1020427,12421,,23618,,13698,793840,8981,1020427,12421
9/26/20,VA,A+,3144,2937,8,207,10863,10863,924,57,,202,1855171,18955,,,,,111,145408,138173,975,0,,,,,165048,17255,1993344,19845,1993344,19845,,,,,,0,,0
9/26/20,VI,D,19,19,0,,,,,0,,,18676,0,,,,,,1296,,0,0,,,,,,1209,,0,19972,0,,,,,,0,19980,0
9/26/20,VT,B,58,58,0,,,,1,0,,,156799,879,,,,,,1744,1740,10,0,,,,,,1580,,0,270136,3958,,,,,158539,888,270136,3958
9/26/20,WA,B,2100,2100,20,,7412,7412,383,55,,86,1715795,16754,,,,,28,87912,86666,588,0,,,,,,,1801021,17742,1801021,17742,,,,,,0,,0
9/26/20,WI,A+,1291,1281,7,10,7041,7041,574,79,1153,161,1393412,9767,,,,,,120231,113645,2902,0,,,,,,94094,2251324,30429,2251324,30429,,,,,1507057,12584,,0
9/26/20,WV,C,332,329,2,3,,,174,0,,56,527133,6692,,,,,31,15158,14750,205,0,,,,,,11121,,0,542291,6897,17205,,,,,0,541883,6865
9/26/20,WY,B,50,,0,,258,258,22,2,,,92406,0,,,159940,,,5465,4618,45,0,,,,,5033,4479,,0,164973,351,,,,,96991,0,164973,351
9/25/20,AK,A,51,51,6,,302,302,43,2,,,434012,8008,,,433688,,14,7320,,126,0,,,,,7357,3042,,0,441332,8134,,,,,,0,441332,8134
9/25/20,AL,A,2491,2357,-15,134,16852,16852,718,74,1782,,963364,18617,,,,1000,,150658,134231,2452,0,,,,,,64583,,0,1097595,19415,,,57589,,1097595,19415,,0
9/25/20,AR,A+,1266,1116,20,150,5202,5202,478,42,,224,848822,8085,,,848822,657,95,79946,77472,897,0,,3300,,2682,,71426,,0,926294,8881,,21856,,10056,,0,926294,8881
9/25/20,AS,D,0,,0,,,,,0,,,1571,0,,,,,,0,0,0,0,,,,,,,,0,1571,0,,,,,,0,1571,0
9/25/20,AZ,A+,5587,5319,28,268,21972,21972,521,30,,119,1211657,7092,,,,,65,216367,211946,515,0,,,,,,34564,,0,2123314,17766,289802,,,,1423603,7612,2123314,17766
9/25/20,CA,B,15398,,84,,,,3307,0,,899,13258207,95990,,,,,,794040,794040,3400,0,,,,,,,,0,14052247,99390,,,,,,0,14052247,99390
9/25/20,CO,A,2037,1682,4,355,7479,7479,248,25,,,804806,9218,154823,,,,,67926,63137,709,0,11592,,,,,6404,1277613,16752,1277613,16752,166415,,,,867943,9835,,0
9/25/20,CT,B,4501,3604,2,897,11560,11560,76,0,,,1462564,13563,,,,,,56587,54216,115,0,,,,,,9310,,0,1519151,13678,,,,,,0,1516780,13666
9/25/20,DC,A+,623,,2,,,,101,0,,29,358423,5662,,,,,17,15163,,57,0,,,,,,11990,373586,5719,373586,5719,,,,,210143,1696,,0
9/25/20,DE,A+,631,554,1,77,,,53,0,,11,259289,1320,,,,,,20085,19044,138,0,,,,,22844,10517,413370,1404,413370,1404,,,,,279374,1458,,0
9/25/20,FL,A,14083,,122,,43793,43793,2121,172,,,4510107,23648,460024,449702,6397559,,,687656,671909,2809,0,45080,,44075,,895592,,7798487,65615,7798487,65615,505164,,493810,,5192258,26443,7334687,45143
9/25/20,GA,A,6874,,52,,28035,28035,1891,132,5156,,2534980,21210,,,,,,312514,312514,1468,0,24566,,,,290995,,,0,2847494,22678,298482,,,,,0,2847494,22678
9/25/20,GU,A,41,,3,,,,31,0,,11,45970,546,,,,,,2286,2286,23,0,3,,,,,1668,,0,48256,569,179,,,,,0,48254,569
9/25/20,HI,B,124,,2,,779,779,150,16,,55,275096,0,,,,,30,11938,11779,90,0,,,,,11743,5265,393721,3361,393721,3361,,,,,286785,0,398945,3442
9/25/20,IA,A+,1307,,5,,,,330,0,,87,662936,5427,,54088,,,35,82045,82045,974,0,,,3371,2640,,62648,,0,744981,6401,,,57499,20262,746536,6411,,0
9/25/20,ID,A,457,419,3,38,1766,1766,147,12,449,40,260648,1948,,,,,,39234,35764,491,0,,,,,,21105,,0,296412,2349,,,,,296412,2349,,0
9/25/20,IL,A,8807,8563,33,244,,,1637,0,,371,5079586,67279,,,,,124,286374,283885,2805,0,,,,,,,,0,5365960,70084,,,,,,0,5363471,69793
9/25/20,IN,A+,3566,3340,18,226,12463,12463,856,75,2484,258,1226055,8683,,,,,83,115407,,1171,0,,,,,118514,91866,,0,2036233,26532,,,,,1341462,9854,2036233,26532
9/25/20,KS,A+,632,,11,,2816,2816,343,50,768,121,446178,9123,,,,250,34,56592,,1366,0,,,,,,2039,,0,502770,10489,,,,,502770,10489,,0
9/25/20,KY,B,1149,1140,12,9,5147,5147,553,28,1501,130,1187262,17485,,,,,,65066,57366,908,0,,,,,,11677,,0,1244628,18243,53029,24330,,,,0,1244628,18243
9/25/20,LA,A,5444,5262,21,182,,,570,0,,,2090913,17825,,,,,86,165152,163928,706,0,,,,,,149640,,0,2256065,18531,,,,,,0,2254841,18531
9/25/20,MA,A+,9373,9160,11,213,12619,12619,389,13,,78,2032933,15400,,,,,31,129481,127317,488,0,,,,,167221,111479,,0,3706728,64012,,,119449,124547,2160250,15854,3706728,64012
9/25/20,MD,A,3917,3772,8,145,15328,15328,344,29,,79,1450125,10346,,120591,,,,122359,122359,559,0,,,11517,,146476,7431,,0,2494019,29092,,,132108,,1572484,10905,2494019,29092
9/25/20,ME,A+,140,139,0,1,442,442,10,0,,2,401159,6408,9740,,399070,,0,5235,4691,20,0,516,,,,6490,4507,,0,406394,6428,10270,,,,,0,405850,6422
9/25/20,MI,A+,7027,6708,8,319,,,558,0,,139,3368935,38448,,,3368935,,52,133377,120526,1040,0,,,,,168708,90216,,0,3502312,39488,289151,,,,,0,3537643,39572
9/25/20,MN,A,2046,1994,6,52,7391,7391,303,56,2067,148,1256967,13128,,,,,,94189,94189,1177,0,,,,,,84256,1924020,28718,1924020,28718,,,,,1351156,14305,,0
9/25/20,MO,B,1994,,42,,,,1068,0,,,1152867,11647,,70340,1538424,,,120298,120298,1987,0,,,3475,,126185,,,0,1667432,18080,,,73815,,1273165,13634,1667432,18080
9/25/20,MP,D,2,2,0,,4,4,,0,,,14776,0,,,,,,69,69,0,0,,,,,,29,,0,14845,0,,,,,14845,0,19835,0
9/25/20,MS,A+,2894,2671,20,223,5607,5607,609,0,,143,630354,3905,,,,,73,96032,88868,722,0,95,,,,,85327,,0,726386,4627,38109,54718,,,,0,719222,4370
9/25/20,MT,C,170,,5,,675,675,140,25,,,314552,4276,,,,,,11564,11564,322,0,,,,,,8681,,0,326116,4598,,,,,,0,326116,4598
9/25/20,NC,A+,3409,3409,53,,,,903,0,,281,2703286,31284,,,,,,204331,199768,6142,0,,,,,,176422,,0,2907617,37426,,,,,,0,2903054,32863
9/25/20,ND,B,222,,6,,789,789,89,12,200,25,214749,1087,8895,,,,,19843,19841,431,0,417,,,,,16104,587564,5460,587564,5460,9312,,,,234634,1521,609021,5814
9/25/20,NE,A,462,,0,,2259,2259,231,12,,,394573,2482,,,537626,,,42731,42731,453,0,,,,,51525,31774,,0,590209,5113,,,,,437603,2934,590209,5113
9/25/20,NH,B,438,,0,,732,732,16,0,233,,239107,0,,,,,,8044,8044,0,0,,,,,,7325,,0,417689,0,31620,,30901,,247151,0,417689,0
9/25/20,NJ,A+,16093,14306,6,1787,23285,23285,405,33,,75,3276611,26359,,,,,32,202100,202100,548,0,,,,,,34650,,0,3478711,26907,,,,,,0,3478711,26907
9/25/20,NM,C,865,,6,,3420,3420,75,18,,,865002,7853,,,,,,28487,28487,263,0,,,,,,16020,,0,893489,8116,,,,,,0,893489,8116
9/25/20,NV,A+,1573,,9,,,,460,0,,130,603583,5292,,,,,62,77753,77753,556,0,,,,,,,997075,6903,997075,6903,,,,,680480,5998,1017333,13118
9/25/20,NY,A,25446,,7,,89995,89995,511,0,,154,9869708,93910,,,,,76,453755,453755,908,0,,,,,,76456,10323463,94818,10323463,94818,,,,,,0,,0
9/25/20,OH,A+,4734,4433,19,301,15127,15127,595,76,3243,194,2846699,38728,,,,,98,148894,140683,1150,0,,,,,,128369,,0,2995593,39878,,,,,,0,2987382,39779
9/25/20,OK,A+,993,,12,,6192,6192,590,62,,220,1058144,12462,,,1058144,,,82520,82520,1276,0,3764,,,,92923,68911,,0,1140664,13738,76497,,,,,0,1153358,13180
9/25/20,OR,A+,542,,3,,2496,2496,199,28,,40,630592,11959,,,986802,,14,32314,30742,449,0,,,,,56493,5490,,0,1043295,10299,,,,,661334,12385,1043295,10299
9/25/20,PA,A+,8081,,2,,,,435,0,,,1816397,12927,,,,,58,154203,149410,806,0,,,,,,126446,,0,1970600,13733,,,,,1965807,13679,2868166,30629
9/25/20,PR,C,635,464,8,171,,,376,0,,67,305972,0,,,395291,,28,21868,21868,712,0,23037,,,,20103,,,0,327840,712,,,,,,0,415664,0
9/25/20,RI,A+,1107,,1,,2725,2725,94,0,,8,305853,2581,,,693170,,4,24181,24181,-130,0,,,,,34299,2278,727469,10422,727469,10422,,,,,330034,2451,,0
9/25/20,SC,A+,3297,3114,18,183,8994,8994,773,49,,191,1082565,18166,63469,,1043249,,101,143902,140056,1195,0,6666,9856,,,179372,68854,,0,1226467,19361,70135,38650,,,,0,1222621,19201
9/25/20,SD,A,216,,6,,1400,1400,194,25,,,163393,1829,,,,,,20554,,457,0,,,,,,16831,,0,183947,2286,,,,,183947,2286,256264,3705
9/25/20,TN,A+,2352,2262,42,90,8477,8477,838,64,,250,2573391,31547,,,2533011,,119,189454,182542,1910,0,,,,,222922,172618,,0,2762845,33457,,,,,,0,2755933,33296
9/25/20,TX,A,15364,,97,,,,3221,0,,1051,5669203,51168,,,,,,728552,728552,4633,0,35656,17005,,,809734,646143,,0,6397755,55801,394584,186922,,,,0,6397755,55801
9/25/20,UT,A+,448,,4,,3668,3668,190,49,886,76,717197,5904,,,932997,357,,68530,68530,1411,0,,1849,,1744,75009,53360,,0,1008006,9893,,22051,,13019,784859,6865,1008006,9893
9/25/20,VA,A+,3136,2930,23,206,10806,10806,965,37,,221,1836216,19699,,,,,117,144433,137283,941,0,,,,,163973,17185,1973499,20534,1973499,20534,,,,,,0,,0
9/25/20,VI,D,19,19,0,,,,,0,,,18676,142,,,,,,1296,,6,0,,,,,,1209,,0,19972,148,,,,,,0,19980,145
9/25/20,VT,B,58,58,0,,,,2,0,,,155920,866,,,,,,1734,1731,7,0,,,,,,1576,,0,266178,4445,,,,,157651,873,266178,4445
9/25/20,WA,B,2080,2080,-1,,7357,7357,401,8,,87,1699041,39447,,,,,27,87324,86108,595,0,,,,,,,1783279,39983,1783279,39983,,,,,,0,,0
9/25/20,WI,A+,1284,1274,9,10,6962,6962,543,65,1150,147,1383645,12575,,,,,,117329,110828,2629,0,,,,,,92366,2220895,28444,2220895,28444,,,,,1494473,15079,,0
9/25/20,WV,C,330,327,5,3,,,177,0,,59,520441,6122,,,,,31,14953,14577,247,0,,,,,,10968,,0,535394,6369,17164,,,,,0,535018,6360
9/25/20,WY,B,50,,0,,256,256,22,1,,,92406,1071,,,159615,,,5420,4585,115,0,,,,,5007,4450,,0,164622,1969,,,,,96991,1168,164622,1969
9/24/20,AK,A,45,45,0,,300,300,43,4,,,426004,-131,,,425736,,14,7194,,131,0,,,,,7180,2731,,0,433198,0,,,,,,0,433198,0
9/24/20,AL,A,2506,2349,18,157,16778,16778,744,80,1679,,944747,6296,,,,931,,148206,133433,1053,0,,,,,,64583,,0,1078180,7277,,,57387,,1078180,7277,,0
9/24/20,AR,A+,1246,1097,17,149,5160,5160,450,62,,216,840737,9436,,,840737,650,97,79049,76676,1086,0,,3300,,2566,,70737,,0,917413,10466,,21856,,10922,,0,917413,10466
9/24/20,AS,D,0,,0,,,,,0,,,1571,0,,,,,,0,0,0,0,,,,,,,,0,1571,0,,,,,,0,1571,0
9/24/20,AZ,A+,5559,5291,34,268,21942,21942,565,17,,122,1204565,9983,,,,,64,215852,211426,568,0,,,,,,34393,,0,2105548,20098,289012,,,,1415991,10489,2105548,20098
9/24/20,CA,B,15314,,110,,,,3484,0,,914,13162217,70264,,,,,,790640,790640,3170,0,,,,,,,,0,13952857,73434,,,,,,0,13952857,73434
9/24/20,CO,A,2033,1678,3,355,7454,7454,258,10,,,795588,8665,154312,,,,,67217,62520,548,0,11561,,,,,6384,1260861,15116,1260861,15116,165873,,,,858108,9202,,0
9/24/20,CT,B,4499,3603,2,896,11560,11560,72,113,,,1449001,15418,,,,,,56472,54113,157,0,,,,,,9310,,0,1505473,15575,,,,,,0,1503114,15562
9/24/20,DC,A+,621,,0,,,,97,0,,29,352761,4363,,,,,21,15106,,56,0,,,,,,11956,367867,4419,367867,4419,,,,,208447,1630,,0
9/24/20,DE,A+,630,553,1,77,,,57,0,,12,257969,1755,,,,,,19947,18916,117,0,,,,,22805,10487,411966,636,411966,636,,,,,277916,1872,,0
9/24/20,FL,A,13961,,179,,43621,43621,2169,188,,,4486459,20978,460024,449702,6356072,,,684847,669456,2477,0,45080,,44075,,892098,,7732872,58096,7732872,58096,505164,,493810,,5165815,23459,7289544,40594
9/24/20,GA,A,6822,,49,,27903,27903,1932,154,5120,,2513770,20233,,,,,,311046,311046,1368,0,24436,,,,289670,,,0,2824816,21601,297531,,,,,0,2824816,21601
9/24/20,GU,A,38,,1,,,,33,0,,11,45424,408,,,,,,2263,2263,28,0,3,,,,,1568,,0,47687,436,179,,,,,0,47685,436
9/24/20,HI,B,122,,2,,763,763,162,14,,54,275096,2549,,,,,34,11848,11689,167,0,,,,,11640,5125,390360,5108,390360,5108,,,,,286785,2716,395503,5500
9/24/20,IA,A+,1302,,8,,,,305,0,,79,657509,5579,,53670,,,37,81071,81071,1148,0,,,3357,2511,,61509,,0,738580,6727,,,57067,19784,740125,6725,,0
9/24/20,ID,A,454,416,3,38,1754,1754,147,14,448,40,258700,1646,,,,,,38743,35363,396,0,,,,,,20901,,0,294063,1904,,,,,294063,1904,,0
9/24/20,IL,A,8774,8538,30,236,,,1713,0,,400,5012307,59814,,,,,155,283569,281371,2257,0,,,,,,,,0,5295876,62071,,,,,,0,5293678,62071
9/24/20,IN,A+,3548,3322,18,226,12388,12388,840,76,2462,261,1217372,7890,,,,,83,114236,,899,0,,,,,117524,90979,,0,2009701,26075,,,,,1331608,8789,2009701,26075
9/24/20,KS,A+,621,,0,,2766,2766,313,0,753,93,437055,0,,,,240,27,55226,,0,0,,,,,,2008,,0,492281,0,,,,,492281,0,,0
9/24/20,KY,B,1137,1128,13,9,5119,5119,543,24,1499,122,1169777,9152,,,,,,64158,56608,641,0,,,,,,11570,,0,1226385,9606,52994,22028,,,,0,1226385,9606
9/24/20,LA,A,5423,5241,16,182,,,575,0,,,2073088,16948,,,,,92,164446,163222,577,0,,,,,,149640,,0,2237534,17525,,,,,,0,2236310,17525
9/24/20,MA,A+,9362,9150,15,212,12606,12606,375,14,,75,2017533,18101,,,,,29,128993,126863,481,0,,,,,166664,111479,,0,3642716,85168,,,119164,122954,2144396,18556,3642716,85168
9/24/20,MD,A,3909,3765,7,144,15299,15299,349,31,,81,1439779,8971,,120591,,,,121800,121800,503,0,,,11517,,145786,7416,,0,2464927,23702,,,132108,,1561579,9474,2464927,23702
9/24/20,ME,A+,140,139,0,1,442,442,14,1,,1,394751,13887,9712,,392670,,0,5215,4677,44,0,515,,,,6470,4478,,0,399966,13931,10241,,,,,0,399428,8097
9/24/20,MI,A+,7019,6700,6,319,,,558,0,,139,3330487,36639,,,3330487,,50,132337,119597,1078,0,,,,,167584,90216,,0,3462824,37717,288257,,,,,0,3498071,37781
9/24/20,MN,A,2040,1988,3,52,7335,7335,303,32,2049,148,1243839,11988,,,,,,93012,93012,912,0,,,,,,83862,1895302,21435,1895302,21435,,,,,1336851,12900,,0
9/24/20,MO,B,1952,,5,,,,1056,0,,,1141220,13603,,70130,1521891,,,118311,118311,1365,0,,,3462,,124668,,,0,1649352,15489,,,73592,,1259531,14968,1649352,15489
9/24/20,MP,D,2,2,0,,4,4,,0,,,14776,0,,,,,,69,69,0,0,,,,,,29,,0,14845,0,,,,,14845,0,19835,0
9/24/20,MS,A+,2874,2651,4,223,5607,5607,631,0,,149,626449,4311,,,,,84,95310,88403,737,0,95,,,,,85327,,0,721759,5048,37921,53678,,,,0,714852,4812
9/24/20,MT,C,165,,0,,650,650,128,49,,,310276,4028,,,,,,11242,11242,330,0,,,,,,8634,,0,321518,4358,,,,,,0,321518,4358
9/24/20,NC,A+,3356,3356,40,,,,902,0,,279,2672002,26076,,,,,,198189,198189,1688,0,,,,,,176422,,0,2870191,27764,,,,,,0,2870191,27764
9/24/20,ND,B,216,,10,,777,777,89,14,194,26,213662,791,8847,,,,,19412,19410,467,0,412,,,,,15757,582104,6625,582104,6625,9259,,,,233113,1261,603207,7026
9/24/20,NE,A,462,,1,,2247,2247,200,33,,,392091,2774,,,533064,,,42278,42278,493,0,,,,,50979,31383,,0,585096,4956,,,,,434669,3268,585096,4956
9/24/20,NH,B,438,,0,,732,732,16,4,233,,239107,2625,,,,,,8044,8044,37,0,,,,,,7325,,0,417689,4298,31620,,30901,,247151,2662,417689,4298
9/24/20,NJ,A+,16087,14300,9,1787,23252,23252,433,37,,88,3250252,28493,,,,,34,201552,201552,564,0,,,,,,34650,,0,3451804,29057,,,,,,0,3451804,29057
9/24/20,NM,C,859,,2,,3402,3402,66,14,,,857149,6730,,,,,,28224,28224,237,0,,,,,,15825,,0,885373,6967,,,,,,0,885373,6967
9/24/20,NV,A+,1564,,8,,,,468,0,,137,598291,3174,,,,,67,77197,77197,390,0,,,,,,,990172,8362,990172,8362,,,,,674482,3574,1004215,7908
9/24/20,NY,A,25439,,2,,89995,89995,500,0,,145,9775798,91998,,,,,72,452847,452847,955,0,,,,,,76382,10228645,92953,10228645,92953,,,,,,0,,0
9/24/20,OH,A+,4715,4414,28,301,15051,15051,586,74,3228,199,2807971,23525,,,,,105,147744,139632,991,0,,,,,,127239,,0,2955715,24516,,,,,,0,2947603,24445
9/24/20,OK,A+,981,,11,,6130,6130,593,73,,227,1045682,11517,,,1045682,,,81244,81244,1083,0,3764,,,,92217,67807,,0,1126926,12600,76497,,,,,0,1140178,12545
9/24/20,OR,A+,539,,1,,2468,2468,187,30,,40,618633,4011,,,976958,,16,31865,30316,362,0,,,,,56038,5484,,0,1032996,7391,,,,,648949,4379,1032996,7391
9/24/20,PA,A+,8079,,17,,,,422,0,,,1803470,13058,,,,,53,153397,148658,853,0,,,,,,125785,,0,1956867,13911,,,,,1952128,13854,2837537,28232
9/24/20,PR,C,627,456,10,171,,,364,0,,65,305972,0,,,395291,,33,21156,21156,717,0,22686,,,,20103,,,0,327128,717,,,,,,0,415664,0
9/24/20,RI,A+,1106,,4,,2725,2725,94,12,,8,303272,2329,,,682936,,4,24311,24311,134,0,,,,,34111,2278,717047,10469,717047,10469,,,,,327583,2463,,0
9/24/20,SC,A+,3279,3097,17,182,8945,8945,804,39,,194,1064399,15501,63259,,1025356,,106,142707,139021,1021,0,6603,9726,,,178064,68079,,0,1207106,16522,69862,36799,,,,0,1203420,16351
9/24/20,SD,A,210,,8,,1375,1375,194,8,,,161564,1066,,,,,,20097,,463,0,,,,,,16596,,0,181661,1529,,,,,181661,1529,252559,2166
9/24/20,TN,A+,2310,2221,35,89,8413,8413,813,75,,260,2541844,15210,,,2501811,,114,187544,180793,835,0,,,,,220826,171153,,0,2729388,16045,,,,,,0,2722637,15920
9/24/20,TX,A,15267,,138,,,,3204,0,,1051,5618035,50442,,,,,,723919,723919,4320,0,35421,16771,,,806276,642169,,0,6341954,54762,391678,178767,,,,0,6341954,54762
9/24/20,UT,A+,444,,0,,3619,3619,216,35,884,76,711293,7304,,,924127,356,,67119,67119,1198,0,,1818,,1716,73986,52860,,0,998113,12022,,20139,,12236,777994,8695,998113,12022
9/24/20,VA,A+,3113,2907,24,206,10769,10769,982,51,,219,1816517,29537,,,,,112,143492,136448,902,0,,,,,163164,17099,1952965,30359,1952965,30359,,,,,,0,,0
9/24/20,VI,D,19,19,0,,,,,0,,,18534,194,,,,,,1290,,12,0,,,,,,1208,,0,19824,206,,,,,,0,19835,210
9/24/20,VT,B,58,58,0,,,,3,0,,,155054,865,,,,,,1727,1724,2,0,,,,,,1566,,0,261733,3662,,,,,156778,867,261733,3662
9/24/20,WA,B,2081,2081,11,,7349,7349,384,35,,101,1659594,1888,,,,,27,86729,85540,599,0,,,,,,,1743296,2397,1743296,2397,,,,,,0,,0
9/24/20,WI,A+,1275,1265,7,10,6897,6897,530,76,1006,151,1371070,10887,,,,,,114700,108324,2478,0,,,,,,90726,2192451,31123,2192451,31123,,,,,1479394,13279,,0
9/24/20,WV,C,325,323,6,2,,,173,0,,57,514319,3243,,,,,30,14706,14339,202,0,,,,,,10831,,0,529025,3445,17097,,,,,0,528658,3422
9/24/20,WY,B,50,,0,,255,255,19,2,,,91335,1511,,,157755,,,5305,4488,136,0,,,,,4898,4364,,0,162653,2923,,,,,95823,1768,162653,2923
9/23/20,AK,A,45,45,0,,296,296,43,1,,,426135,1931,,,425736,,14,7063,,76,0,,,,,7180,2731,,0,433198,2007,,,,,,0,433198,2007
9/23/20,AL,A,2488,2335,31,153,16698,16698,768,94,1669,,938451,4886,,,,920,,147153,132452,569,0,,,,,,64583,,0,1070903,5350,,,57192,,1070903,5350,,0
9/23/20,AR,A+,1229,1080,20,149,5098,5098,460,43,,221,831301,8076,,,831301,640,89,77963,75646,982,0,,3300,,2506,,69952,,0,906947,8950,,21856,,9453,,0,906947,8950
9/23/20,AS,D,0,,0,,,,,0,,,1571,0,,,,,,0,0,0,0,,,,,,,,0,1571,0,,,,,,0,1571,0
9/23/20,AZ,A+,5525,5258,27,267,21925,21925,583,25,,114,1194582,8774,,,,,62,215284,210920,438,0,,,,,,34227,,0,2085450,21703,287909,,,,1405502,9084,2085450,21703
9/23/20,CA,B,15204,,133,,,,3557,0,,905,13091953,72222,,,,,,787470,787470,3146,0,,,,,,,,0,13879423,75368,,,,,,0,13879423,75368
9/23/20,CO,A,2030,1676,5,354,7444,7444,259,28,,,786923,7865,153766,,,,,66669,61983,616,0,11524,,,,,6351,1245745,13457,1245745,13457,165290,,,,848906,8454,,0
9/23/20,CT,B,4497,3601,1,896,11447,11447,73,0,,,1433583,9919,,,,,,56315,53969,155,0,,,,,,9204,,0,1489898,10074,,,,,,0,1487552,10074
9/23/20,DC,A+,621,,0,,,,92,0,,26,348398,1786,,,,,17,15050,,29,0,,,,,,11929,363448,1815,363448,1815,,,,,206817,652,,0
9/23/20,DE,A+,629,552,1,77,,,61,0,,12,256214,1138,,,,,,19830,18798,69,0,,,,,22773,10443,411330,1428,411330,1428,,,,,276044,1207,,0
9/23/20,FL,A,13782,,203,,43433,43433,2254,172,,,4465481,21048,460024,449702,6318956,,,682370,667341,2594,0,45080,,44075,,888751,,7674776,48926,7674776,48926,505164,,493810,,5142356,23636,7248950,39828
9/23/20,GA,A,6773,,96,,27749,27749,1924,259,5077,,2493537,18331,,,,,,309678,309678,1457,0,24258,,,,287839,,,0,2803215,19788,296466,,,,,0,2803215,19788
9/23/20,GU,A,37,,0,,,,33,0,,13,45016,378,,,,,,2235,2235,45,0,3,,,,,1543,,0,47251,423,175,,,,,0,47249,423
9/23/20,HI,B,120,,0,,749,749,181,14,,61,272547,1426,,,,,39,11681,11522,63,0,,,,,11469,4992,385252,3079,385252,3079,,,,,284069,1489,390003,2803
9/23/20,IA,A+,1294,,8,,,,301,0,,77,651930,5735,,53215,,,37,79923,79923,1036,0,,,3345,2434,,60350,,0,731853,6771,,,56600,19021,733400,6780,,0
9/23/20,ID,A,451,413,4,38,1740,1740,130,14,447,39,257054,884,,,,,,38347,35105,446,0,,,,,,20674,,0,292159,1248,,,,,292159,1248,,0
9/23/20,IL,A,8744,8508,22,236,,,1563,0,,351,4952493,44543,,,,,144,281312,279114,1848,0,,,,,,,,0,5233805,46391,,,,,,0,5231607,46391
9/23/20,IN,A+,3530,3305,10,225,12312,12312,815,47,2448,272,1209482,6668,,,,,78,113337,,711,0,,,,,116484,90069,,0,1983626,31028,,,,,1322819,7379,1983626,31028
9/23/20,KS,A+,621,,21,,2766,2766,313,60,753,93,437055,6323,,,,240,27,55226,,1267,0,,,,,,2008,,0,492281,7590,,,,,492281,7590,,0
9/23/20,KY,B,1124,1115,5,9,5095,5095,530,20,1499,123,1160625,147736,,,,,,63517,56154,786,0,,,,,,11480,,0,1216779,148313,52939,21830,,,,0,1216779,148313
9/23/20,LA,A,5407,5225,21,182,,,592,0,,,2056140,12419,,,,,94,163869,162645,616,0,,,,,,149640,,0,2220009,13035,,,,,,0,2218785,12850
9/23/20,MA,A+,9347,9135,19,212,12592,12592,361,21,,71,1999432,20120,,,,,26,128512,126408,543,0,,,,,166112,111479,,0,3557548,80869,,,118843,121231,2125840,20662,3557548,80869
9/23/20,MD,A,3902,3756,7,146,15268,15268,332,31,,79,1430808,7706,,120591,,,,121297,121297,385,0,,,11517,,145163,7396,,0,2441225,19158,,,132108,,1552105,8091,2441225,19158
9/23/20,ME,A+,140,139,0,1,441,441,14,-1,,2,380864,10578,9689,,384620,,0,5171,4643,25,0,515,,,,6426,4445,,0,386035,10603,10218,,,,,0,391331,5824
9/23/20,MI,A+,7013,6692,16,321,,,501,0,,146,3293848,33327,,,3293848,,58,131259,118615,902,0,,,,,166442,90216,,0,3425107,34229,287162,,,,,0,3460290,34332
9/23/20,MN,A,2037,1985,6,52,7303,7303,303,50,2045,148,1231851,5840,,,,,,92100,92100,678,0,,,,,,83507,1873867,10173,1873867,10173,,,,,1323951,6518,,0
9/23/20,MO,B,1947,,83,,,,989,0,,,1127617,1234,,69846,1508256,,,116946,116946,1580,0,,,3388,,122803,,,0,1633863,5540,,,73234,,1244563,2814,1633863,5540
9/23/20,MP,D,2,2,0,,4,4,,0,,,14776,460,,,,,,69,69,0,0,,,,,,29,,0,14845,460,,,,,14845,470,19835,920
9/23/20,MS,A+,2870,2647,24,223,5607,5607,620,0,,148,622138,3658,,,,,74,94573,87902,552,0,95,,,,,85327,,0,716711,4210,37700,51862,,,,0,710040,4031
9/23/20,MT,C,165,,2,,601,601,124,17,,,306248,2939,,,,,,10912,10912,212,0,,,,,,8510,,0,317160,3151,,,,,,0,317160,3151
9/23/20,NC,A+,3316,3316,30,,,,912,0,,281,2645926,16546,,,,,,196501,196501,952,0,,,,,,176422,,0,2842427,17498,,,,,,0,2842427,17498
9/23/20,ND,B,206,,7,,763,763,89,11,192,25,212871,1309,8847,,,,,18945,18943,472,0,412,,,,,15476,575479,6939,575479,6939,9259,,,,231852,1782,596181,7430
9/23/20,NE,A,461,,9,,2214,2214,197,6,,,389317,2659,,,528685,,,41785,41785,397,0,,,,,50411,31212,,0,580140,3696,,,,,431401,3060,580140,3696
9/23/20,NH,B,438,,0,,728,728,17,1,230,,236482,945,,,,,,8007,8007,17,0,,,,,,7303,,0,413391,2925,31557,,30839,,244489,962,413391,2925
9/23/20,NJ,A+,16078,14291,8,1787,23215,23215,459,45,,90,3221759,24690,,,,,31,200988,200988,408,0,,,,,,34729,,0,3422747,25098,,,,,,0,3422747,25098
9/23/20,NM,C,857,,3,,3388,3388,72,17,,,850419,5878,,,,,,27987,27987,197,0,,,,,,15669,,0,878406,6075,,,,,,0,878406,6075
9/23/20,NV,A+,1556,,10,,,,479,0,,134,595117,2341,,,,,69,76807,76807,509,0,,,,,,,981810,10629,981810,10629,,,,,670908,2644,996307,4347
9/23/20,NY,A,25437,,5,,89995,89995,490,0,,141,9683800,70265,,,,,68,451892,451892,665,0,,,,,,76306,10135692,70930,10135692,70930,,,,,,0,,0
9/23/20,OH,A+,4687,4387,52,300,14977,14977,593,78,3218,200,2784446,41509,,,,,113,146753,138712,903,0,,,,,,126023,,0,2931199,42412,,,,,,0,2923158,42333
9/23/20,OK,A+,970,,8,,6057,6057,612,61,,226,1034165,11398,,,1034165,,,80161,80161,1089,0,3764,,,,91214,66779,,0,1114326,12487,76497,,,,,0,1127633,12755
9/23/20,OR,A+,538,,6,,2438,2438,188,19,,45,614622,3354,,,969855,,16,31503,29948,190,0,,,,,55750,5475,,0,1025605,8222,,,,,644570,3522,1025605,8222
9/23/20,PA,A+,8062,,39,,,,421,0,,,1790412,12496,,,,,54,152544,147862,898,0,,,,,,123560,,0,1942956,13394,,,,,1938274,13288,2809305,27072
9/23/20,PR,C,617,447,4,170,,,376,0,,63,305972,0,,,395291,,36,20439,20439,40,0,22221,,,,20103,,,0,326411,40,,,,,,0,415664,0
9/23/20,RI,A+,1102,,3,,2713,2713,86,9,,9,300943,2596,,,672626,,5,24177,24177,133,0,,,,,33952,2275,706578,9770,706578,9770,,,,,325120,2729,,0
9/23/20,SC,A+,3262,3085,19,177,8906,8906,786,55,,190,1048898,17203,63014,,1010510,,103,141686,138171,897,0,6470,9523,,,176559,67491,,0,1190584,18100,69484,34200,,,,0,1187069,17968
9/23/20,SD,A,202,,0,,1367,1367,192,44,,,160498,1341,,,,,,19634,,445,0,,,,,,16324,,0,180132,1786,,,,,180132,1786,250393,2688
9/23/20,TN,A+,2275,2192,14,83,8338,8338,919,75,,286,2526634,20378,,,2486825,,114,186709,180083,1561,0,,,,,219892,169649,,0,2713343,21939,,,,,,0,2706717,21702
9/23/20,TX,A,15129,,135,,,,3195,0,,1041,5567593,49697,,,,,,719599,719599,3392,0,35217,16495,,,802918,618054,,0,6287192,53089,390538,173861,,,,0,6287192,53089
9/23/20,UT,A+,444,,1,,3584,3584,190,34,876,65,703989,6674,,,913551,354,,65921,65921,877,0,,1760,,1661,72540,52357,,0,986091,10880,,19120,,11768,769299,7724,986091,10880
9/23/20,VA,A+,3089,2882,29,207,10718,10718,916,43,,215,1786980,10501,,,,,113,142590,135626,580,0,,,,,161672,17038,1922606,11026,1922606,11026,,,,,,0,,0
9/23/20,VI,D,19,19,0,,,,,0,,,18340,152,,,,,,1278,,2,0,,,,,,1198,,0,19618,154,,,,,,0,19625,146
9/23/20,VT,B,58,58,0,,,,2,0,,,154189,362,,,,,,1725,1722,1,0,,,,,,1565,,0,258071,1602,,,,,155911,363,258071,1602
9/23/20,WA,B,2070,2070,0,,7314,7314,361,0,,90,1657706,0,,,,,32,86130,84971,669,0,,,,,,,1740899,0,1740899,0,,,,,,0,,0
9/23/20,WI,A+,1268,1259,9,9,6821,6821,509,56,998,140,1360183,11691,,,,,,112222,105932,1895,0,,,,,,89393,2161328,21641,2161328,21641,,,,,1466115,13453,,0
9/23/20,WV,C,319,317,2,2,,,163,0,,61,511076,2791,,,,,31,14504,14160,120,0,,,,,,10721,,0,525580,2911,17036,,,,,0,525236,2907
9/23/20,WY,B,50,,1,,253,253,21,0,,,89824,0,,,155005,,,5169,4368,153,0,,,,,4725,4277,,0,159730,2750,,,,,94055,0,159730,2750
9/22/20,AK,A,45,45,0,,295,295,43,3,,,424204,2489,,,423762,,14,6987,,57,0,,,,,7147,2668,,0,431191,2546,,,,,,0,431191,2546
9/22/20,AL,A,2457,2304,18,153,16604,16604,796,117,1659,,933565,5453,,,,910,,146584,131988,804,0,,,,,,61232,,0,1065553,6036,,,57042,,1065553,6036,,0
9/22/20,AR,A+,1209,1060,12,149,5055,5055,453,69,,234,823225,5987,,,823225,638,87,76981,74772,617,0,,3300,,2387,,69184,,0,897997,6473,,21856,,10427,,0,897997,6473
9/22/20,AS,D,0,,0,,,,,0,,,1571,0,,,,,,0,0,0,0,,,,,,,,0,1571,0,,,,,,0,1571,0
9/22/20,AZ,A+,5498,5230,20,268,21900,21900,527,22,,122,1185808,9097,,,,,47,214846,210610,595,0,,,,,,34053,,0,2063747,21299,284225,,,,1396418,9791,2063747,21299
9/22/20,CA,B,15071,,53,,,,3520,0,,923,13019731,128643,,,,,,784324,784324,2630,0,,,,,,,,0,13804055,131273,,,,,,0,13804055,131273
9/22/20,CO,A,2025,1672,7,353,7416,7416,230,43,,,779058,5573,155465,,,,,66053,61394,654,0,11645,,,,,6332,1232288,13151,1232288,13151,167110,,,,840452,6175,,0
9/22/20,CT,B,4496,3601,1,895,11447,11447,70,0,,,1423664,11922,,,,,,56160,53814,136,0,,,,,,9204,,0,1479824,12058,,,,,,0,1477478,12044
9/22/20,DC,A+,621,,0,,,,95,0,,22,346612,3846,,,,,19,15021,,43,0,,,,,,11886,361633,3889,361633,3889,,,,,206165,1384,,0
9/22/20,DE,A+,628,551,1,77,,,62,0,,14,255076,1530,,,,,,19761,18733,94,0,,,,,22729,10411,409902,3412,409902,3412,,,,,274837,1624,,0
9/22/20,FL,A,13579,,99,,43261,43261,2319,228,,,4444433,16612,460024,449702,6282680,,,679776,665194,2414,0,45080,,44075,,885350,,7625850,40522,7625850,40522,505164,,493810,,5118720,19027,7209122,34042
9/22/20,GA,A,6677,,73,,27490,27490,1960,96,5026,,2475206,11682,,,,,,308221,308221,882,0,24217,,,,286876,,,0,2783427,12564,296044,,,,,0,2783427,12564
9/22/20,GU,A,37,,2,,,,39,0,,15,44638,431,,,,,,2190,2190,43,0,3,,,,,1507,,0,46828,474,175,,,,,0,46826,474
9/22/20,HI,B,120,,0,,735,735,185,5,,51,271121,1106,,,,,40,11618,11459,56,0,,,,,11410,4888,382173,1865,382173,1865,,,,,282580,1162,387200,2097
9/22/20,IA,A+,1286,,12,,,,285,0,,72,646195,2939,,52811,,,34,78887,78887,548,0,,,3339,2416,,59216,,0,725082,3487,,,56190,18946,726620,3492,,0
9/22/20,ID,A,447,409,4,38,1726,1726,130,8,446,39,256170,1375,,,,,,37901,34741,410,0,,,,,,20485,,0,290911,1748,,,,,290911,1748,,0
9/22/20,IL,A,8722,8486,29,236,,,1455,0,,367,4907950,40298,,,,,153,279464,277266,1531,0,,,,,,,,0,5187414,41829,,,,,,0,5185216,41829
9/22/20,IN,A+,3520,3295,8,225,12265,12265,759,81,2439,254,1202814,6196,,,,,79,112626,,599,0,,,,,115413,89072,,0,1952598,27439,,,,,1315440,6795,1952598,27439
9/22/20,KS,A+,600,,0,,2706,2706,216,0,741,60,430732,0,,,,230,23,53959,,0,0,,,,,,1970,,0,484691,0,,,,,484691,0,,0
9/22/20,KY,B,1119,1110,7,9,5075,5075,511,24,1494,133,1012889,9402,,,,,,62731,55577,814,0,,,,,,11361,,0,1068466,9983,52158,21407,,,,0,1068466,9983
9/22/20,LA,A,5386,5218,11,168,,,571,0,,,2043721,20430,,,,,96,163253,162214,752,0,,,,,,145570,,0,2206974,21182,,,,,,0,2205935,21182
9/22/20,MA,A+,9328,9118,11,210,12571,12571,371,18,,67,1979312,8992,,,,,27,127969,125866,173,0,,,,,165412,109397,,0,3476679,40518,,,118447,120496,2105178,9135,3476679,40518
9/22/20,MD,A,3895,3748,12,147,15237,15237,309,66,,77,1423102,6041,,117647,,,,120912,120912,344,0,,,10993,,144660,7394,,0,2422067,14449,,,128640,,1544014,6385,2422067,14449
9/22/20,ME,A+,140,139,0,1,442,442,17,2,,4,370286,0,9676,,378826,,0,5146,4617,40,0,515,,,,6396,4407,,0,375432,40,10205,,,,,0,385507,10635
9/22/20,MI,A+,6997,6680,16,317,,,501,0,,146,3260521,19516,,,3260521,,56,130357,117910,695,0,,,,,165437,90216,,0,3390878,20211,285455,,,,,0,3425958,20184
9/22/20,MN,A,2031,1979,10,52,7253,7253,290,54,2027,136,1226011,4016,,,,,,91422,91422,480,0,,,,,,82833,1863694,8386,1863694,8386,,,,,1317433,4496,,0
9/22/20,MO,B,1864,,57,,,,981,0,,,1126383,21131,,69647,1502893,,,115366,115366,1059,0,,,3368,,122668,,,0,1628323,35348,,,73015,,1241749,22190,1628323,35348
9/22/20,MP,D,2,2,0,,4,4,,0,,,14316,0,,,,,,69,69,0,0,,,,,,29,,0,14385,0,,,,,14375,0,18915,0
9/22/20,MS,A+,2846,2625,36,221,5607,5607,642,0,,147,618480,5130,,,,,74,94021,87529,465,0,95,,,,,85327,,0,712501,5595,37439,50385,,,,0,706009,5499
9/22/20,MT,C,163,,3,,584,584,111,8,,,303309,2476,,,,,,10700,10700,271,0,,,,,,7937,,0,314009,2747,,,,,,0,314009,2747
9/22/20,NC,A+,3286,3286,39,,,,905,0,,277,2629380,6222,,,,,,195549,195549,1168,0,,,,,,176422,,0,2824929,7390,,,,,,0,2824929,7390
9/22/20,ND,B,199,,3,,752,752,92,22,192,26,211562,295,8833,,,,,18473,18471,264,0,407,,,,,15220,568540,2697,568540,2697,9240,,,,230070,559,588751,2781
9/22/20,NE,A,452,,10,,2208,2208,185,14,,,386658,1925,,,525419,,,41388,41388,305,0,,,,,49986,31047,,0,576444,4420,,,,,428341,2231,576444,4420
9/22/20,NH,B,438,,0,,727,727,11,1,230,,235537,1247,,,,,,7990,7990,38,0,,,,,,7259,,0,410466,3133,31505,,30781,,243527,1285,410466,3133
9/22/20,NJ,A+,16070,14285,7,1785,23170,23170,417,35,,80,3197069,44040,,,,,34,200580,200580,426,0,,,,,,34697,,0,3397649,44466,,,,,,0,3397649,44858
9/22/20,NM,C,854,,3,,3371,3371,69,13,,,844541,5541,,,,,,27790,27790,107,0,,,,,,15586,,0,872331,5648,,,,,,0,872331,5648
9/22/20,NV,A+,1546,,15,,,,441,0,,140,592776,2020,,,,,75,76298,76298,262,0,,,,,,,971181,7706,971181,7706,,,,,668264,2202,991960,3941
9/22/20,NY,A,25432,,4,,89995,89995,470,0,,133,9613535,83243,,,,,67,451227,451227,754,0,,,,,,76246,10064762,83997,10064762,83997,,,,,,0,,0
9/22/20,OH,A+,4635,4338,12,297,14899,14899,593,70,3210,196,2742937,31941,,,,,115,145850,137888,685,0,,,,,,124774,,0,2888787,32626,,,,,,0,2880825,32520
9/22/20,OK,A+,962,,14,,5996,5996,628,100,,244,1022767,27070,,,1022767,,,79072,79072,1164,0,3764,,,,90327,65482,,0,1101839,28234,76497,,,,,0,1114878,30576
9/22/20,OR,A+,532,,3,,2419,2419,182,24,,42,611268,3465,,,961972,,17,31313,29780,318,0,,,,,55411,5431,,0,1017383,9702,,,,,641048,3764,1017383,9702
9/22/20,PA,A+,8023,,19,,,,429,0,,,1777916,10735,,,,,58,151646,147070,834,0,,,,,,122833,,0,1929562,11569,,,,,1924986,11524,2782233,23475
9/22/20,PR,C,613,443,4,170,,,369,0,,63,305972,0,,,395291,,42,20399,20399,88,0,22197,,,,20103,,,0,326371,88,,,,,,0,415664,0
9/22/20,RI,A+,1099,,2,,2704,2704,82,11,,10,298347,1713,,,663017,,7,24044,24044,112,0,,,,,33791,2272,696808,6527,696808,6527,,,,,322391,1825,,0
9/22/20,SC,A+,3243,3067,31,176,8851,8851,768,72,,187,1031695,25701,62577,,993865,,105,140789,137406,2665,0,6349,8954,,,175236,68748,,0,1172484,28366,68926,30106,,,,0,1169101,28223
9/22/20,SD,A,202,,0,,1323,1323,178,26,,,159157,1003,,,,,,19189,,320,0,,,,,,16170,,0,178346,1323,,,,,178346,1323,247705,2318
9/22/20,TN,A+,2261,2178,28,83,8263,8263,914,64,,297,2506256,11259,,,2466913,,120,185148,178759,739,0,,,,,218102,167778,,0,2691404,11998,,,,,,0,2685015,11828
9/22/20,TX,A,14994,,77,,,,3207,0,,1065,5517896,37560,,,,,,716207,716207,17820,0,35026,16231,,,799937,613896,,0,6234103,55380,389207,167276,,,,0,6234103,55380
9/22/20,UT,A+,443,,2,,3550,3550,183,30,869,63,697315,5619,,,903790,352,,65044,65044,650,0,,1686,,1588,71421,51945,,0,975211,8162,,17730,,11206,761575,6472,975211,8162
9/22/20,VA,A+,3060,2853,39,207,10675,10675,940,62,,213,1776479,12143,,,,,113,142010,135101,872,0,,,,,161087,16979,1911580,12943,1911580,12943,,,,,,0,,0
9/22/20,VI,D,19,19,0,,,,,0,,,18188,145,,,,,,1276,,7,0,,,,,,1195,,0,19464,152,,,,,,0,19479,165
9/22/20,VT,B,58,58,0,,,,1,0,,,153827,510,,,,,,1724,1721,2,0,,,,,,1557,,0,256469,953,,,,,155548,512,256469,953
9/22/20,WA,B,2070,2070,33,,7314,7314,487,52,,85,1657706,3698,,,,,32,85461,84325,196,0,,,,,,,1740899,4343,1740899,4343,,,,,,0,,0
9/22/20,WI,A+,1259,1251,7,8,6765,6765,474,73,991,134,1348492,10865,,,,,,110327,104170,1739,0,,,,,,88131,2139687,18473,2139687,18473,,,,,1452662,12537,,0
9/22/20,WV,C,317,315,5,2,,,164,0,,58,508285,2940,,,,,28,14384,14044,213,0,,,,,,10524,,0,522669,3153,17008,,,,,0,522329,3154
9/22/20,WY,B,49,,0,,253,253,21,6,,,89824,637,,,152398,,,5016,4231,72,0,,,,,4582,4230,,0,156980,3087,,,,,94055,679,156980,3087
9/21/20,AK,A,45,45,0,,292,292,47,5,,,421715,1650,,,421275,,13,6930,,70,0,,,,,7089,2439,,0,428645,1720,,,,,,0,428645,1720
9/21/20,AL,A,2439,2292,2,147,16487,16487,802,260,1645,,928112,4746,,,,904,,145780,131405,818,0,,,,,,61232,,0,1059517,5500,,,56961,,1059517,5500,,0
9/21/20,AR,A+,1197,1048,16,149,4986,4986,439,19,,228,817238,6944,,,817238,632,95,76364,74286,641,0,,3300,,2242,,66934,,0,891524,7540,,21856,,10101,,0,891524,7540
9/21/20,AS,D,0,,0,,,,,0,,,1571,0,,,,,,0,0,0,0,,,,,,,,0,1571,0,,,,,,0,1571,0
9/21/20,AZ,A+,5478,5186,2,292,21878,21878,472,2,,119,1176711,6805,,,,,57,214251,209916,233,0,,,,,,33946,,0,2042448,7122,283791,,,,1386627,7020,2042448,7122
9/21/20,CA,B,15018,,31,,,,3459,0,,960,12891088,146330,,,,,,781694,781694,3294,0,,,,,,,,0,13672782,149624,,,,,,0,13672782,149624
9/21/20,CO,A,2018,1666,4,352,7373,7373,239,10,,,773485,5633,155187,,,,,65399,60792,542,0,11624,,,,,6306,1219137,10712,1219137,10712,166809,,,,834277,6169,,0
9/21/20,CT,B,4495,3600,3,895,11447,11447,68,0,,,1411742,45121,,,,,,56024,53692,497,0,,,,,,9204,,0,1467766,45618,,,,,,0,1465434,45595
9/21/20,DC,A+,621,,1,,,,88,0,,26,342766,2577,,,,,17,14978,,23,0,,,,,,11856,357744,2600,357744,2600,,,,,204781,682,,0
9/21/20,DE,A+,627,550,6,77,,,53,0,,17,253546,1691,,,,,,19667,18648,101,0,,,,,22627,10376,406490,3461,406490,3461,,,,,273213,1792,,0
9/21/20,FL,A,13480,,21,,43033,43033,2266,94,,,4427821,16486,460024,449702,6251909,,,677362,663172,1671,0,45080,,44075,,882212,,7585328,38280,7585328,38280,505164,,493810,,5099693,44738,7175080,32367
9/21/20,GA,A,6604,,2,,27394,27394,1970,17,5005,,2463524,18857,,,,,,307339,307339,1184,0,24197,,,,285951,,,0,2770863,20041,295904,,,,,0,2770863,20041
9/21/20,GU,A,35,,1,,,,38,0,,18,44207,366,,,,,,2147,2147,30,0,3,,,,,1505,,0,46354,396,175,,,,,0,46352,701
9/21/20,HI,B,120,,0,,730,730,185,4,,51,270015,1492,,,,,40,11562,11403,77,0,,,,,11356,4759,380308,3654,380308,3654,,,,,281418,1678,385103,3532
9/21/20,IA,A+,1274,,9,,,,271,0,,74,643256,2656,,52582,,,35,78339,78339,660,0,,,3326,2401,,57942,,0,721595,3316,,,55948,18817,723128,3311,,0
9/21/20,ID,A,443,405,2,38,1718,1718,146,7,443,51,254795,2114,,,,,,37491,34368,244,0,,,,,,20304,,0,289163,2333,,,,,289163,2333,,0
9/21/20,IL,A,8693,8457,7,236,,,1436,0,,364,4867652,36757,,,,,153,277933,275735,1477,0,,,,,,,,0,5145585,38234,,,,,,0,5143387,38234
9/21/20,IN,A+,3512,3287,6,225,12184,12184,766,41,2428,228,1196618,6183,,,,,72,112027,,522,0,,,,,114271,88173,,0,1925159,4272,,,,,1308645,6705,1925159,4272
9/21/20,KS,A+,600,,4,,2706,2706,216,35,741,60,430732,8268,,,,230,23,53959,,1674,0,,,,,,1970,,0,484691,9942,,,,,484691,9942,,0
9/21/20,KY,B,1112,1103,1,9,5051,5051,496,25,1488,114,1003487,9817,,,,,,61917,54996,375,0,,,,,,11283,,0,1058483,10488,51575,21017,,,,0,1058483,10488
9/21/20,LA,A,5375,5207,9,168,,,587,0,,,2023291,6550,,,,,93,162501,161462,243,0,,,,,,145570,,0,2185792,6793,,,,,,0,2184753,6793
9/21/20,MA,A+,9317,9107,7,210,12553,12553,367,8,,69,1970320,10579,,,,,31,127796,125723,256,0,,,,,165228,109397,,0,3436161,36649,,,118364,119095,2096043,10823,3436161,36649
9/21/20,MD,A,3883,3739,4,144,15171,15171,290,52,,71,1417061,7741,,117647,,,,120568,120568,412,0,,,10993,,144212,7378,,0,2407618,17349,,,128640,,1537629,8153,2407618,17349
9/21/20,ME,A+,140,139,1,1,440,440,17,1,,6,370286,1227,9665,,368266,,1,5106,4586,27,0,513,,,,6327,4384,,0,375392,1254,10192,,,,,0,374872,1251
9/21/20,MI,A+,6981,6665,12,316,,,501,0,,146,3241005,50623,,,3241005,,64,129662,117406,1575,0,,,,,164769,90216,,0,3370667,52198,285076,,,,,0,3405774,52088
9/21/20,MN,A,2021,1969,4,52,7199,7199,255,36,2014,128,1221995,8537,,,,,,90942,90942,925,0,,,,,,82174,1855308,16916,1855308,16916,,,,,1312937,9462,,0
9/21/20,MO,B,1807,,12,,,,1022,0,,,1105252,5588,,69183,1468805,,,114307,114307,1463,0,,,3346,,121430,,,0,1592975,8991,,,72529,,1219559,7051,1592975,8991
9/21/20,MP,D,2,2,0,,4,4,,0,,,14316,0,,,,,,69,69,1,0,,,,,,29,,0,14385,1,,,,,14375,0,18915,0
9/21/20,MS,A+,2810,2591,0,219,5607,5607,621,108,,162,613350,3551,,,,,77,93556,87160,192,0,95,,,,,85327,,0,706906,3743,37165,49300,,,,0,700510,3892
9/21/20,MT,C,160,,3,,576,576,108,6,,,300833,8319,,,,,,10429,10429,130,0,,,,,,7876,,0,311262,8449,,,,,,0,311262,8449
9/21/20,NC,A+,3247,3247,4,,,,885,0,,277,2623158,11921,,,,,,194381,194381,800,0,,,,,,176422,,0,2817539,12721,,,,,,0,2817539,12721
9/21/20,ND,B,196,,1,,730,730,87,7,186,23,211267,970,8800,,,,,18209,18207,284,0,403,,,,,14841,565843,3244,565843,3244,9203,,,,229511,1256,585970,3341
9/21/20,NE,A,442,,0,,2194,2194,170,0,,,384733,2170,,,521381,,,41083,41083,286,0,,,,,49609,30509,,0,572024,3667,,,,,426110,2457,572024,3667
9/21/20,NH,B,438,,0,,726,726,11,1,230,,234290,1836,,,,,,7952,7952,5,0,,,,,,7226,,0,407333,5644,31475,,30754,,242242,1841,407333,5644
9/21/20,NJ,A+,16063,14278,2,1785,23135,23135,349,5,,87,3153029,0,,,,,32,200154,200154,392,0,,,,,,34672,,0,3353183,392,,,,,,0,3352791,0
9/21/20,NM,B,851,,2,,3358,3358,71,17,,,839000,3680,,,,,,27683,27683,104,0,,,,,,15518,,0,866683,3784,,,,,,0,866683,3784
9/21/20,NV,A+,1531,,0,,,,449,0,,130,590756,1376,,,,,81,76036,76036,232,0,,,,,,,963475,2104,963475,2104,,,,,666062,1583,988019,3352
9/21/20,NY,A,25428,,1,,89995,89995,468,0,,134,9530292,57746,,,,,66,450473,450473,573,0,,,,,,76218,9980765,58319,9980765,58319,,,,,,0,,0
9/21/20,OH,A+,4623,4325,8,298,14829,14829,592,56,3199,188,2710996,30008,,,,,108,145165,137309,856,0,,,,,,123423,,0,2856161,30864,,,,,,0,2848305,30812
9/21/20,OK,A+,948,,2,,5896,5896,522,53,,222,995697,0,,,995697,,,77908,77908,1101,0,3764,,,,86886,64941,,0,1073605,1101,76497,,,,,0,1084302,0
9/21/20,OR,A+,529,,3,,2395,2395,169,39,,34,607803,2535,,,952638,,13,30995,29481,194,0,,,,,55043,5431,,0,1007681,4482,,,,,637284,9333,1007681,4482
9/21/20,PA,A+,8004,,23,,,,418,0,,,1767181,8849,,,,,59,150812,146281,234,0,,,,,,123665,,0,1917993,9083,,,,,1913462,9073,2758758,45645
9/21/20,PR,C,609,439,1,170,,,386,0,,63,305972,0,,,395291,,41,20311,20311,242,0,22165,,,,20103,,,0,326283,242,,,,,,0,415664,0
9/21/20,RI,A+,1097,,3,,2693,2693,78,0,,10,296634,711,,,656610,,4,23932,23932,52,0,,,,,33671,2268,690281,2136,690281,2136,,,,,320566,763,,0
9/21/20,SC,A+,3212,3040,13,172,8779,8779,764,41,,199,1005994,11107,61961,,968999,,112,138124,134884,416,0,6305,8836,,,171879,51431,,0,1144118,11523,68266,29352,,,,0,1140878,11497
9/21/20,SD,A,202,,0,,1297,1297,161,9,,,158154,497,,,,,,18869,,173,0,,,,,,15777,,0,177023,670,,,,,177023,670,245387,1109
9/21/20,TN,A+,2233,2152,15,81,8199,8199,789,40,,272,2494997,11385,,,2455978,,130,184409,178190,895,0,,,,,217209,166674,,0,2679406,12280,,,,,,0,2673187,12181
9/21/20,TX,A,14917,,24,,,,3132,0,,1073,5480336,4939,,,,,,698387,698387,9853,0,34843,15935,,,796468,611856,,0,6178723,14792,386966,160038,,,,0,6178723,14792
9/21/20,UT,A+,441,,1,,3520,3520,154,26,857,61,691696,3363,,,896510,350,,64394,64394,622,0,,1622,,1527,70539,51660,,0,967049,5991,,16873,,10677,755103,3861,967049,5991
9/21/20,VA,A+,3021,2816,6,205,10613,10613,995,22,,217,1764336,16030,,,,,106,141138,134301,627,0,,,,,160412,16903,1898637,16609,1898637,16609,,,,,,0,,0
9/21/20,VI,D,19,19,0,,,,,0,,,18043,0,,,,,,1269,,0,0,,,,,,1186,,0,19312,0,,,,,,0,19314,0
9/21/20,VT,B,58,58,0,,,,3,0,,,153317,834,,,,,,1722,1719,4,0,,,,,,1557,,0,255516,4416,,,,,155036,838,255516,4416
9/21/20,WA,B,2037,2037,0,,7262,7262,377,14,,69,1654008,13167,,,,,21,85265,84133,323,0,,,,,,,1736556,13516,1736556,13516,,,,,,0,,0
9/21/20,WI,A+,1252,1244,2,8,6692,6692,433,39,1117,131,1337627,5525,,,,,,108588,102498,1296,0,,,,,,86822,2121214,16994,2121214,16994,,,,,1440125,6796,,0
9/21/20,WV,C,312,310,2,2,,,162,0,,58,505345,5095,,,,,28,14171,13830,117,0,,,,,,10317,,0,519516,5212,16991,,,,,0,519175,5208
9/21/20,WY,B,49,,0,,247,247,23,4,,,89187,1627,,,149424,,,4944,4189,73,0,,,,,4469,4172,,0,153893,3817,,,,,93376,1807,153893,3817
9/20/20,AK,A,45,45,0,,287,287,43,4,,,420065,3967,,,419584,,13,6860,,108,0,,,,,7061,2438,,0,426925,4075,,,,,,0,426925,4075
9/20/20,AL,A,2437,2290,0,147,16227,16227,780,0,1643,,923366,4918,,,,904,,144962,130651,798,0,,,,,,61232,,0,1054017,5595,,,56887,,1054017,5595,,0
9/20/20,AR,A+,1181,1033,8,148,4967,4967,404,4,,212,810294,16197,,,810294,628,83,75723,73690,563,0,,3300,,2195,,66397,,0,883984,17549,,21856,,5216,,0,883984,17549
9/20/20,AS,D,0,,0,,,,,0,,,1571,0,,,,,,0,0,0,0,,,,,,,,0,1571,0,,,,,,0,1571,0
9/20/20,AZ,A+,5476,5184,9,292,21876,21876,472,-6,,120,1169906,10298,,,,,57,214018,209701,467,0,,,,,,33835,,0,2035326,8384,282714,,,,1379607,10701,2035326,8384
9/20/20,CA,B,14987,,75,,,,3441,0,,925,12744758,175007,,,,,,778400,778400,4265,0,,,,,,,,0,13523158,179272,,,,,,0,13523158,179272
9/20/20,CO,A,2014,1663,1,351,7363,7363,239,6,,,767852,6506,154948,,,,,64857,60256,501,0,11600,,,,,6291,1208425,13046,1208425,13046,166546,,,,828108,6980,,0
9/20/20,CT,B,4492,3597,0,895,11447,11447,77,0,,,1366621,0,,,,,,55527,53218,0,0,,,,,,9204,,0,1422148,0,,,,,,0,1419839,0
9/20/20,DC,A+,620,,1,,,,86,0,,25,340189,4214,,,,,14,14955,,53,0,,,,,,11829,355144,4267,355144,4267,,,,,204099,1481,,0
9/20/20,DE,A+,621,548,0,73,,,60,0,,14,251855,1593,,,,,,19566,18547,117,0,,,,,22550,10299,403029,2640,403029,2640,,,,,271421,1710,,0
9/20/20,FL,A,13459,,9,,42939,42939,2292,81,,,4411335,24014,411877,403867,6222032,,,675691,661506,2497,0,34738,,34017,,879887,,7547048,53474,7547048,53474,446669,,437913,,5054955,0,7142713,42537
9/20/20,GA,A,6602,,3,,27377,27377,1926,39,5002,,2444667,14299,,,,,,306155,306155,1134,0,24046,,,,282798,,,0,2750822,15433,295046,,,,,0,2750822,15433
9/20/20,GU,A,34,,0,,,,36,0,,19,43841,0,,,,,,2117,2117,0,0,3,,,,,1450,,0,45958,0,172,,,,,0,45651,0
9/20/20,HI,B,120,,0,,726,726,185,26,,51,268523,0,,,,,40,11485,11326,109,0,,,,,11273,4622,376654,9252,376654,9252,,,,,279740,0,381571,8954
9/20/20,IA,A+,1265,,1,,,,269,0,,73,640600,3883,,52527,,,38,77679,77679,621,0,,,3320,2368,,57524,,0,718279,4504,,,55887,18671,719817,4506,,0
9/20/20,ID,A,441,403,3,38,1711,1711,146,10,442,51,252681,1445,,,,,,37247,34149,288,0,,,,,,20105,,0,286830,1693,,,,,286830,1693,,0
9/20/20,IL,A,8686,8450,14,236,,,1417,0,,357,4830895,46609,,,,,151,276456,274258,1402,0,,,,,,,,0,5107351,48011,,,,,,0,5105153,48011
9/20/20,IN,A+,3506,3281,3,225,12143,12143,754,52,2410,218,1190435,8579,,,,,72,111505,,746,0,,,,,114033,87090,,0,1920887,6438,,,,,1301940,9325,1920887,6438
9/20/20,KS,A+,596,,0,,2671,2671,286,0,734,79,422464,0,,,,230,23,52285,,0,0,,,,,,1950,,0,474749,0,,,,,474749,0,,0
9/20/20,KY,B,1111,1102,3,9,5026,5026,496,0,1483,114,993670,0,,,,,,61542,54695,436,0,,,,,,11237,,0,1047995,0,51457,19403,,,,0,1047995,0
9/20/20,LA,A,5366,5198,26,168,,,596,0,,,2016741,31077,,,,,100,162258,161219,936,0,,,,,,145570,,0,2178999,32013,,,,,,0,2177960,32013
9/20/20,MA,A+,9310,9100,15,210,12545,12545,364,8,,61,1959741,17059,,,,,34,127540,125479,359,0,,,,,164924,109397,,0,3399512,62220,,,118289,117973,2085220,17399,3399512,62220
9/20/20,MD,A,3879,3735,3,144,15119,15119,281,0,,68,1409320,10260,,117647,,,,120156,120156,412,0,,,10993,,143721,7377,,0,2390269,28886,,,128640,,1529476,10672,2390269,28886
9/20/20,ME,A+,139,138,0,1,439,439,16,0,,4,369059,2907,9664,,367041,,1,5079,4562,44,0,512,,,,6301,4364,,0,374138,2951,10190,,,,,0,373621,2947
9/20/20,MI,A+,6969,6653,0,316,,,557,0,,150,3190382,0,,,3190382,,64,128087,115870,0,0,,,,,163304,90216,,0,3318469,0,283882,,,,,0,3353686,0
9/20/20,MN,A,2017,1965,2,52,7163,7163,248,39,2004,123,1213458,10784,,,,,,90017,90017,1296,0,,,,,,81336,1838392,22618,1838392,22618,,,,,1303475,12080,,0
9/20/20,MO,B,1795,,2,,,,1064,0,,,1099664,8556,,69139,1461128,,,112844,112844,1328,0,,,3316,,120142,,,0,1583984,12982,,,72455,,1212508,9884,1583984,12982
9/20/20,MP,D,2,2,0,,4,4,,0,,,14316,0,,,,,,68,68,6,0,,,,,,29,,0,14384,6,,,,,14375,0,18915,0
9/20/20,MS,A+,2810,2591,1,219,5499,5499,630,0,,171,609799,0,,,,,87,93364,87045,277,0,95,,,,,78971,,0,703163,277,36912,48844,,,,0,696618,0
9/20/20,MT,C,157,,1,,570,570,104,3,,,292514,1837,,,,,,10299,10299,136,0,,,,,,7807,,0,302813,1973,,,,,,0,302813,1973
9/20/20,NC,A+,3243,3243,8,,,,889,0,,292,2611237,32465,,,,,,193581,193581,1333,0,,,,,,167257,,0,2804818,33798,,,,,,0,2804818,33798
9/20/20,ND,B,195,,0,,723,723,81,7,185,22,210297,1402,8764,,,,,17925,17923,352,0,400,,,,,14558,562599,5737,562599,5737,9164,,,,228255,1753,582629,5957
9/20/20,NE,A,442,,0,,2194,2194,174,0,,,382563,2955,,,518025,,,40797,40797,410,0,,,,,49300,30509,,0,568357,5017,,,,,423653,3362,568357,5017
9/20/20,NH,B,438,,0,,725,725,10,0,230,,232454,1642,,,,,,7947,7947,27,0,,,,,,7201,,0,401689,8523,31457,,30737,,240401,1669,401689,8523
9/20/20,NJ,A+,16061,14276,3,1785,23130,23130,380,10,,91,3153029,59961,,,,,39,199762,199762,453,0,,,,,,34637,,0,3352791,60414,,,,,,0,3352791,60875
9/20/20,NM,B,849,,2,,3341,3341,64,6,,,835320,5376,,,,,,27579,27579,67,0,,,,,,15412,,0,862899,5443,,,,,,0,862899,5443
9/20/20,NV,A+,1531,,3,,,,443,0,,127,589380,4113,,,,,89,75804,75804,385,0,,,,,,,961371,3170,961371,3170,,,,,664479,4507,984667,8780
9/20/20,NY,A,25427,,2,,89995,89995,468,0,,132,9472546,99493,,,,,60,449900,449900,862,0,,,,,,76179,9922446,100355,9922446,100355,,,,,,0,,0
9/20/20,OH,A+,4615,4318,3,297,14773,14773,563,23,3180,191,2680988,35840,,,,,113,144309,136505,762,0,,,,,,122671,,0,2825297,36602,,,,,,0,2817493,36545
9/20/20,OK,A+,946,,3,,5843,5843,522,0,,222,995697,0,,,995697,,,76807,76807,1003,0,3764,,,,86886,64467,,0,1072504,1003,76497,,,,,0,1084302,0
9/20/20,OR,A+,526,,1,,2356,2356,145,0,,32,605268,1957,,,948367,,11,30801,28871,202,0,,,,,54832,5391,,0,1003199,4544,,,,,627951,0,1003199,4544
9/20/20,PA,A+,7981,,25,,,,400,0,,,1758332,12052,,,,,49,150578,146057,733,0,,,,,,122872,,0,1908910,12785,,,,,1904389,12774,2713113,0
9/20/20,PR,C,608,438,3,170,,,384,0,,64,305972,0,,,395291,,43,20069,20069,262,0,21769,,,,20103,,,0,326041,262,,,,,,0,415664,0
9/20/20,RI,A+,1094,,3,,2693,2693,78,6,,10,295923,1705,,,654538,,4,23880,23880,82,0,,,,,33607,2268,688145,8291,688145,8291,,,,,319803,1787,,0
9/20/20,SC,A+,3199,3028,11,171,8738,8738,733,30,,203,994887,8862,61795,,958354,,123,137708,134494,468,0,6254,8723,,,171027,51431,,0,1132595,9330,68049,28772,,,,0,1129381,9304
9/20/20,SD,A,202,,2,,1288,1288,170,20,,,157657,880,,,,,,18696,,252,0,,,,,,15651,,0,176353,1132,,,,,176353,1132,244278,3004
9/20/20,TN,A+,2218,2137,2,81,8159,8159,772,43,,249,2483612,37964,,,2444781,,106,183514,177394,2075,0,,,,,216225,165844,,0,2667126,40039,,,,,,0,2661006,39915
9/20/20,TX,A,14893,,45,,,,3081,0,,1057,5475397,20281,,,,,,688534,688534,2466,0,34639,15813,,,795308,609210,,0,6163931,22747,385351,158451,,,,0,6163931,22747
9/20/20,UT,A+,440,,0,,3494,3494,187,17,853,59,688333,5048,,,891106,350,,63772,63772,920,0,,1604,,1508,69952,51410,,0,961058,8991,,16189,,10465,751242,5770,961058,8991
9/20/20,VA,A+,3015,2811,25,204,10591,10591,939,29,,263,1748306,14606,,,,,126,140511,133722,856,0,,,,,159604,16880,1882028,15362,1882028,15362,,,,,,0,,0
9/20/20,VI,D,19,19,0,,,,,0,,,18043,331,,,,,,1269,,27,0,,,,,,1186,,0,19312,358,,,,,,0,19314,334
9/20/20,VT,B,58,58,0,,,,2,0,,,152483,950,,,,,,1718,1715,5,0,,,,,,1548,,0,251100,4787,,,,,154198,955,251100,4787
9/20/20,WA,B,2037,2037,0,,7248,7248,380,33,,85,1640841,17773,,,,,26,84942,83816,535,0,,,,,,,1723040,18370,1723040,18370,,,,,,0,,0
9/20/20,WI,A+,1250,1242,1,8,6653,6653,407,34,1115,111,1332102,6655,,,,,,107292,101227,1735,0,,,,,,85824,2104220,19808,2104220,19808,,,,,1433329,8320,,0
9/20/20,WV,C,310,308,2,2,,,167,0,,55,500250,4638,,,,,29,14054,13717,180,0,,,,,,10227,,0,514304,4818,16948,,,,,0,513967,4813
9/20/20,WY,B,49,,0,,243,243,16,1,,,87560,0,,,145776,,,4871,4124,91,0,,,,,4300,4111,,0,150076,274,,,,,91569,0,150076,274
9/19/20,AK,A,45,45,0,,283,283,41,0,,,416098,4463,,,415600,,13,6752,,94,0,,,,,6970,2438,,0,422850,4557,,,,,,0,422850,4557
9/19/20,AL,A,2437,2290,9,147,16227,16227,747,0,1642,,918448,8256,,,,904,,144164,129974,1301,0,,,,,,61232,,0,1048422,9412,,,56797,,1048422,9412,,0
9/19/20,AR,A+,1173,1025,0,148,4963,4963,372,31,,193,794097,0,,,794097,628,74,75160,73141,1078,0,,3300,,2010,,66003,,0,866435,0,,21856,,9587,,0,866435,0
9/19/20,AS,D,0,,0,,,,,0,,,1571,0,,,,,,0,0,0,0,,,,,,,,0,1571,0,,,,,,0,1571,0
9/19/20,AZ,A+,5467,5176,16,291,21882,21882,528,17,,120,1159608,10231,,,,,70,213551,209298,609,0,,,,,,33668,,0,2026942,15973,281887,,,,1368906,10752,2026942,15973
9/19/20,CA,B,14912,,100,,,,3510,0,,970,12569751,162396,,,,,,774135,774135,4304,0,,,,,,,,0,13343886,166700,,,,,,0,13343886,166700
9/19/20,CO,A,2013,1662,4,351,7357,7357,237,10,,,761346,7227,154630,,,,,64356,59782,606,0,11568,,,,,6274,1195379,13550,1195379,13550,166196,,,,821128,7773,,0
9/19/20,CT,B,4492,3597,0,895,11447,11447,77,0,,,1366621,0,,,,,,55527,53218,0,0,,,,,,9204,,0,1422148,0,,,,,,0,1419839,0
9/19/20,DC,A+,619,,0,,,,85,0,,23,335975,3709,,,,,14,14902,,50,0,,,,,,11823,350877,3759,350877,3759,,,,,202618,1239,,0
9/19/20,DE,A+,621,548,1,73,,,53,0,,15,250262,990,,,,,,19449,18429,83,0,,,,,22480,10257,400389,3083,400389,3083,,,,,269711,1073,,0
9/19/20,FL,A,13450,,63,,42858,42858,2266,143,,,4387321,26720,411877,403867,6182971,,,673194,659147,3510,0,34738,,34017,,876603,,7493574,78220,7493574,78220,446669,,437913,,5054955,30225,7100176,50804
9/19/20,GA,A,6599,,62,,27338,27338,1944,135,4992,,2430368,31153,,,,,,305021,305021,2284,0,23959,,,,281373,,,0,2735389,33437,294470,,,,,0,2735389,33437
9/19/20,GU,A,34,,1,,,,36,0,,19,43841,262,,,,,,2117,2117,43,0,3,,,,,1450,,0,45958,305,172,,,,,0,45651,0
9/19/20,HI,B,120,,13,,700,700,200,15,,52,268523,10299,,,,,34,11376,11217,137,0,,,,,11152,4394,367402,6975,367402,6975,,,,,279740,10411,372617,6927
9/19/20,IA,A+,1264,,4,,,,282,0,,81,636717,4897,,51755,,,40,77058,77058,847,0,,,3312,2326,,57269,,0,713775,5744,,,55107,18314,715311,5746,,0
9/19/20,ID,A,438,400,4,38,1701,1701,146,19,441,51,251236,2173,,,,,,36959,33901,470,0,,,,,,19915,,0,285137,2615,,,,,285137,2615,,0
9/19/20,IL,A,8672,8436,25,236,,,1469,0,,326,4784286,71757,,,,,141,275054,272856,2529,0,,,,,,,,0,5059340,74286,,,,,,0,5057142,74286
9/19/20,IN,A+,3503,3278,8,225,12091,12091,762,56,2402,239,1181856,10101,,,,,74,110759,,1076,0,,,,,113690,86260,,0,1914449,22051,,,,,1292615,11177,1914449,22051
9/19/20,KS,A+,596,,0,,2671,2671,286,0,734,79,422464,0,,,,230,23,52285,,0,0,,,,,,1950,,0,474749,0,,,,,474749,0,,0
9/19/20,KY,B,1108,1099,7,9,5026,5026,496,24,1483,114,993670,1947,,,,,,61106,54325,978,0,,,,,,11237,,0,1047995,2763,51457,19403,,,,0,1047995,2763
9/19/20,LA,A,5340,5172,0,168,,,647,0,,,1985664,0,,,,,104,161322,160283,0,0,,,,,,145570,,0,2146986,0,,,,,,0,2145947,0
9/19/20,MA,A+,9295,9085,26,210,12537,12537,362,23,,65,1942682,20729,,,,,28,127181,125139,599,0,,,,,164504,109397,,0,3337292,72419,,,118069,116565,2067821,21298,3337292,72419
9/19/20,MD,A,3876,3732,7,144,15119,15119,324,49,,75,1399060,13255,,117647,,,,119744,119744,682,0,,,10993,,143174,7374,,0,2361383,37131,,,128640,,1518804,13937,2361383,37131
9/19/20,ME,A+,139,138,1,1,439,439,14,2,,5,366152,6733,9641,,364115,,1,5035,4522,30,0,509,,,,6280,4346,,0,371187,6763,10164,,,,,0,370674,6763
9/19/20,MI,A+,6969,6653,15,316,,,557,0,,150,3190382,32852,,,3190382,,64,128087,115870,587,0,,,,,163304,90216,,0,3318469,33439,283882,,,,,0,3353686,33899
9/19/20,MN,A,2015,1963,13,52,7124,7124,241,33,1998,134,1202674,11644,,,,,,88721,88721,914,0,,,,,,80407,1815774,24094,1815774,24094,,,,,1291395,12558,,0
9/19/20,MO,B,1793,,13,,,,1004,0,,,1091108,10857,,69055,1449613,,,111516,111516,1387,0,,,3287,,118677,,,0,1571002,16377,,,72342,,1202624,12244,1571002,16377
9/19/20,MP,D,2,2,0,,4,4,,0,,,14316,0,,,,,,62,62,0,0,,,,,,29,,0,14378,0,,,,,14375,0,18915,0
9/19/20,MS,A+,2809,2593,29,216,5499,5499,630,0,,171,609799,68302,,,,,87,93087,86819,1152,0,95,,,,,78971,,0,702886,69454,36912,48844,,,,0,696618,69737
9/19/20,MT,C,156,,10,,567,567,104,12,,,290677,1993,,,,,,10163,10163,292,0,,,,,,7553,,0,300840,2285,,,,,,0,300840,2285
9/19/20,NC,A+,3235,3235,28,,,,882,0,,293,2578772,20771,,,,,,192248,192248,1229,0,,,,,,167257,,0,2771020,22000,,,,,,0,2771020,22000
9/19/20,ND,B,195,,8,,716,716,78,11,184,22,208895,932,8764,,,,,17573,17573,378,0,400,,,,,14319,556862,6538,556862,6538,9164,,,,226502,1309,576672,6759
9/19/20,NE,A,442,,0,,2194,2194,185,13,,,379608,2954,,,513488,,,40387,40387,466,0,,,,,48820,30509,,0,563340,5583,,,,,420291,3423,563340,5583
9/19/20,NH,B,438,,0,,725,725,8,0,230,,230812,1155,,,,,,7920,7920,59,0,,,,,,7164,,0,393166,0,31344,,30704,,238732,1214,393166,0
9/19/20,NJ,A+,16058,14273,3,1785,23120,23120,412,24,,89,3093068,0,,,,,27,199309,199309,461,0,,,,,,34601,,0,3292377,461,,,,,,0,3291916,0
9/19/20,NM,B,847,,6,,3335,3335,68,15,,,829944,6331,,,,,,27512,27512,162,0,,,,,,15342,,0,857456,6493,,,,,,0,857456,6493
9/19/20,NV,A+,1528,,4,,,,443,0,,127,585267,3762,,,,,89,75419,75419,323,0,,,,,,,958201,7246,958201,7246,,,,,659972,4112,975887,8047
9/19/20,NY,A,25425,,2,,89995,89995,467,0,,144,9373053,109458,,,,,60,449038,449038,986,0,,,,,,76101,9822091,110444,9822091,110444,,,,,,0,,0
9/19/20,OH,A+,4612,4316,4,296,14750,14750,585,63,3175,199,2645148,34639,,,,,115,143547,135800,951,0,,,,,,121911,,0,2788695,35590,,,,,,0,2780948,35517
9/19/20,OK,A+,943,,4,,5843,5843,522,88,,222,995697,16047,,,995697,,,75804,75804,1237,0,3764,,,,86886,63960,,0,1071501,17284,76497,,,,,0,1084302,17406
9/19/20,OR,A+,525,,4,,2356,2356,145,0,,32,603311,4231,,,943995,,11,30599,28871,257,0,,,,,54660,5391,,0,998655,8069,,,,,627951,0,998655,8069
9/19/20,PA,A+,7956,,22,,,,470,0,,,1746280,13475,,,,,47,149845,145335,1162,0,,,,,,122872,,0,1896125,14637,,,,,1891615,14582,2713113,32875
9/19/20,PR,C,605,435,6,170,,,403,0,,61,305972,0,,,395291,,39,19807,19807,694,0,21186,,,,20103,,,0,325779,694,,,,,,0,415664,0
9/19/20,RI,A+,1091,,3,,2687,2687,75,12,,11,294218,2283,,,646405,,4,23798,23798,178,0,,,,,33449,2265,679854,4746,679854,4746,,,,,318016,2461,,0
9/19/20,SC,A+,3188,3017,11,171,8708,8708,826,39,,203,986025,10939,61633,,949664,,121,137240,134052,922,0,6232,8621,,,170413,51431,,0,1123265,11861,67865,27959,,,,0,1120077,11681
9/19/20,SD,A,200,,2,,1268,1268,153,22,,,156777,1148,,,,,,18444,,369,0,,,,,,15298,,0,175221,1517,,,,,175221,1517,241274,2808
9/19/20,TN,A+,2216,2135,20,81,8116,8116,837,53,,271,2445648,22803,,,2407243,,123,181439,175443,942,0,,,,,213848,164982,,0,2627087,23745,,,,,,0,2621091,23609
9/19/20,TX,A,14848,,135,,,,3124,0,,1083,5455116,47166,,,,,,686068,686068,3827,0,34415,15658,,,793400,605522,,0,6141184,50993,383876,156824,,,,0,6141184,50993
9/19/20,UT,A+,440,,3,,3477,3477,177,33,850,49,683285,6080,,,882973,349,,62852,62852,1077,0,,1588,,1493,69094,50957,,0,952067,10266,,16093,,10401,745472,7101,952067,10266
9/19/20,VA,A+,2990,2787,41,203,10562,10562,960,42,,219,1733700,34167,,,,,108,139655,132966,953,0,,,,,158898,16848,1866666,35043,1866666,35043,,,,,,0,,0
9/19/20,VI,D,19,19,0,,,,,0,,,17712,0,,,,,,1242,,0,0,,,,,,1174,,0,18954,0,,,,,,0,18980,0
9/19/20,VT,B,58,58,0,,,,3,0,,,151533,655,,,,,,1713,1710,4,0,,,,,,1541,,0,246313,4643,,,,,153243,659,246313,4643
9/19/20,WA,B,2037,2037,0,,7215,7215,395,0,,93,1623068,0,,,,,34,84407,83299,478,0,,,,,,,1704670,0,1704670,0,,,,,,0,,0
9/19/20,WI,A+,1249,1241,3,8,6619,6619,362,50,1112,105,1325447,10189,,,,,,105557,99562,2403,0,,,,,,84632,2084412,27370,2084412,27370,,,,,1425009,12472,,0
9/19/20,WV,C,308,306,11,2,,,169,0,,58,495612,6162,,,,,32,13874,13542,191,0,,,,,,10155,,0,509486,6353,16842,,,,,0,509154,6351
9/19/20,WY,B,49,,0,,242,242,16,2,,,87560,0,,,145519,,,4780,4039,33,0,,,,,4283,4092,,0,149802,353,,,,,91569,0,149802,353
9/18/20,AK,A,45,45,1,,283,283,36,3,,,411635,2323,,,411148,,13,6658,,107,0,,,,,6865,2422,,0,418293,2430,,,,,,0,418293,2430
9/18/20,AL,A,2428,2284,27,144,16227,16227,744,148,1638,,910192,7036,,,,904,,142863,128818,1106,0,,,,,,61232,,0,1039010,7757,,,56411,,1039010,7757,,0
9/18/20,AR,A+,1173,1025,7,148,4932,4932,381,36,,193,794097,10390,,,794097,624,77,74082,72338,871,0,,3300,,2010,,65542,,0,866435,11114,,21856,,9587,,0,866435,11114
9/18/20,AS,D,0,,0,,,,,0,,,1571,0,,,,,,0,0,0,0,,,,,,,,0,1571,0,,,,,,0,1571,0
9/18/20,AZ,A+,5451,5160,42,291,21865,21865,516,44,,130,1149377,8155,,,,,72,212942,208777,1282,0,,,,,,33526,,0,2010969,16624,281052,,,,1358154,8038,2010969,16624
9/18/20,CA,B,14812,,91,,,,3570,0,,965,12407355,93519,,,,,,769831,769831,3630,0,,,,,,,,0,13177186,97149,,,,,,0,13177186,97149
9/18/20,CO,A,2009,1658,3,351,7347,7347,230,20,,,754119,8023,154006,,,,,63750,59236,605,0,11507,,,,,6254,1181829,14919,1181829,14919,165511,,,,813355,8588,,0
9/18/20,CT,B,4492,3597,4,895,11447,11447,77,0,,,1366621,13734,,,,,,55527,53218,141,0,,,,,,9204,,0,1422148,13875,,,,,,0,1419839,13865
9/18/20,DC,A+,619,,0,,,,91,0,,24,332266,5738,,,,,13,14852,,62,0,,,,,,11802,347118,5800,347118,5800,,,,,201379,1800,,0
9/18/20,DE,A+,620,547,1,73,,,58,0,,17,249272,1422,,,,,,19366,18363,48,0,,,,,22379,10201,397306,2901,397306,2901,,,,,268638,1470,,0
9/18/20,FL,A,13387,,140,,42715,42715,2383,190,,,4360601,24084,411877,403867,6136843,,,669684,655976,3177,0,34738,,34017,,872145,,7415354,76142,7415354,76142,446669,,437913,,5024730,27241,7049372,45857
9/18/20,GA,A,6537,,63,,27203,27203,1975,149,4966,,2399215,20227,,,,,,302737,302737,1834,0,23742,,,,276778,,,0,2701952,22061,293358,,,,,0,2701952,22061
9/18/20,GU,A,33,,2,,,,41,0,,19,43579,371,,,,,,2074,2074,29,0,3,,,,,1450,,0,45653,400,172,,,,,0,45651,400
9/18/20,HI,B,107,,4,,685,685,197,18,,51,258224,3670,,,,,31,11239,11105,159,0,,,,,11041,4248,360427,4600,360427,4600,,,,,269329,3829,365690,7355
9/18/20,IA,A+,1260,,9,,,,281,0,,91,631820,5410,,51659,,,39,76211,76211,1183,0,,,3289,2314,,56546,,0,708031,6593,,,54988,18101,709565,6577,,0
9/18/20,ID,A,434,396,5,38,1682,1682,123,24,438,54,249063,1791,,,,,,36489,33489,396,0,,,,,,19691,,0,282522,2096,,,,,282522,2096,,0
9/18/20,IL,A,8647,8411,23,236,,,1481,0,,329,4712529,59798,,,,,149,272525,270327,2223,0,,,,,,,,0,4985054,62021,,,,,,0,4982856,61918
9/18/20,IN,A+,3495,3270,17,225,12035,12035,804,53,2387,235,1171755,10751,,,,,76,109683,,1037,0,,,,,112900,86260,,0,1892398,26346,,,,,1281438,11788,1892398,26346
9/18/20,KS,A+,596,,10,,2671,2671,286,55,734,79,422464,9108,,,,230,23,52285,,1415,0,,,,,,1950,,0,474749,10523,,,,,474749,10523,,0
9/18/20,KY,B,1101,1092,8,9,5002,5002,500,26,1478,144,991723,12408,,,,,,60128,53509,758,0,,,,,,11168,,0,1045232,13030,50995,18878,,,,0,1045232,13030
9/18/20,LA,A,5340,5172,29,168,,,647,0,,,1985664,21817,,,,,104,161322,160283,979,0,,,,,,145570,,0,2146986,22796,,,,,,0,2145947,22796
9/18/20,MA,A+,9269,9059,9,210,12514,12514,338,18,,62,1921953,21786,,,,,25,126582,124570,454,0,,,,,163794,109397,,0,3264873,65310,,,117770,115162,2046523,22217,3264873,65310
9/18/20,MD,A,3869,3724,8,145,15070,15070,347,62,,84,1385805,9982,,117647,,,,119062,119062,543,0,,,10993,,142395,7351,,0,2324252,24644,,,128640,,1504867,10525,2324252,24644
9/18/20,ME,A+,138,137,0,1,437,437,11,1,,5,359419,13003,9624,,357397,,1,5005,4492,43,0,509,,,,6240,4335,,0,364424,13046,10147,,,,,0,363911,13037
9/18/20,MI,A+,6954,6638,-1,316,,,557,0,,150,3157530,32521,,,3157530,,64,127500,115387,778,0,,,,,162257,85513,,0,3285030,33299,282669,,,,,0,3319787,33566
9/18/20,MN,A,2002,1950,8,52,7091,7091,250,41,1990,136,1191030,14206,,,,,,87807,87807,1085,0,,,,,,80221,1791680,27945,1791680,27945,,,,,1278837,15291,,0
9/18/20,MO,B,1780,,23,,,,1025,0,,,1080251,10004,,68819,1434610,,,110129,110129,1795,0,,,3266,,117326,,,0,1554625,16393,,,72085,,1190380,11799,1554625,16393
9/18/20,MP,D,2,2,0,,4,4,,0,,,14316,0,,,,,,62,62,0,0,,,,,,29,,0,14378,0,,,,,14375,0,18915,0
9/18/20,MS,A+,2780,2572,0,208,5499,5499,630,0,,171,541497,0,,,,,87,91935,85944,0,0,95,,,,,78971,,0,633432,0,29016,40904,,,,0,626881,0
9/18/20,MT,C,146,,3,,555,555,105,6,,,288684,3032,,,,,,9871,9871,224,0,,,,,,7500,,0,298555,3256,,,,,,0,298555,3256
9/18/20,NC,A+,3207,3207,27,,,,904,0,,283,2558001,33402,,,,,,191019,191019,1443,0,,,,,,167257,,0,2749020,34845,,,,,,0,2749020,34845
9/18/20,ND,B,187,,2,,705,705,77,14,183,24,207963,1516,8764,,,,,17195,17195,505,0,400,,,,,14060,550324,9699,550324,9699,9164,,,,225193,2023,569913,9990
9/18/20,NE,A,442,,3,,2181,2181,188,9,,,376654,3222,,,508454,,,39921,39921,502,0,,,,,48278,30254,,0,557757,5967,,,,,416868,3395,557757,5967
9/18/20,NH,B,438,,0,,725,725,7,0,230,,229657,1961,,,,,,7861,7861,47,0,,,,,,7117,,0,393166,9615,31344,,30635,,237518,2008,393166,9615
9/18/20,NJ,A+,16055,14270,4,1785,23096,23096,413,25,,73,3093068,25611,,,,,36,198848,198848,487,0,,,,,,34572,,0,3291916,26098,,,,,,0,3291916,26098
9/18/20,NM,B,841,,5,,3320,3320,72,7,,,823613,5645,,,,,,27350,27350,151,0,,,,,,15256,,0,850963,5796,,,,,,0,850963,5796
9/18/20,NV,A+,1524,,18,,,,461,0,,136,581505,3517,,,,,85,75096,75096,501,0,,,,,,,950955,7788,950955,7788,,,,,655860,3960,967840,8001
9/18/20,NY,A,25423,,10,,89995,89995,478,0,,141,9263595,88937,,,,,62,448052,448052,790,0,,,,,,76036,9711647,89727,9711647,89727,,,,,,0,,0
9/18/20,OH,A+,4608,4312,28,296,14687,14687,634,62,3161,223,2610509,33761,,,,,118,142596,134922,1011,0,,,,,,120858,,0,2753105,34772,,,,,,0,2745431,34682
9/18/20,OK,A+,939,,9,,5755,5755,516,57,,223,979650,13131,,,979650,,,74567,74567,1249,0,3581,,,,85471,63135,,0,1054217,14380,74483,,,,,0,1066896,14140
9/18/20,OR,A+,521,,0,,2356,2356,145,15,,32,599080,3506,,,936227,,11,30342,28871,492,0,,,,,54359,5376,,0,990586,8300,,,,,627951,3787,990586,8300
9/18/20,PA,A+,7934,,21,,,,521,0,,,1732805,11530,,,,,50,148683,144228,760,0,,,,,,121920,,0,1881488,12290,,,,,1877033,12206,2680238,27775
9/18/20,PR,C,599,430,11,169,,,435,0,,70,305972,0,,,395291,,41,19113,19113,479,0,20571,,,,20103,,,0,325085,479,,,,,,0,415664,0
9/18/20,RI,A+,1088,,3,,2675,2675,85,7,,7,291935,2148,,,641632,,6,23620,23620,132,0,,,,,33476,2244,675108,9182,675108,9182,,,,,315555,2280,,0
9/18/20,SC,A+,3177,3010,19,167,8669,8669,798,58,,217,975086,22945,61306,,939090,,125,136318,133310,872,0,6153,8291,,,169306,51431,,0,1111404,23817,67459,26886,,,,0,1108396,23690
9/18/20,SD,A,198,,5,,1246,1246,144,15,,,155629,1792,,,,,,18075,,389,0,,,,,,15068,,0,173704,2181,,,,,173704,2181,238466,3688
9/18/20,TN,A+,2196,2116,32,80,8063,8063,871,84,,275,2422845,36106,,,2384683,,124,180497,174637,2357,0,,,,,212799,163181,,0,2603342,38463,,,,,,0,2597482,38290
9/18/20,TX,A,14713,,123,,,,3172,0,,1107,5407950,50654,,,,,,682241,682241,3422,0,34084,15466,,,790132,600662,,0,6090191,54076,381430,153189,,,,0,6090191,54076
9/18/20,UT,A+,437,,0,,3444,3444,184,43,848,52,677205,5181,,,873860,349,,61775,61775,1117,0,,1486,,1396,67941,50492,,0,941801,9169,,13893,,9599,738371,6106,941801,9169
9/18/20,VA,A+,2949,2755,29,194,10520,10520,945,56,,212,1699533,8481,,,,,102,138702,132090,1242,0,,,,,157605,16762,1831623,9611,1831623,9611,,,,,,0,,0
9/18/20,VI,D,19,19,0,,,,,0,,,17712,171,,,,,,1242,,4,0,,,,,,1174,,0,18954,175,,,,,,0,18980,180
9/18/20,VT,B,58,58,0,,,,6,0,,,150878,870,,,,,,1709,1706,2,0,,,,,,1536,,0,241670,4106,,,,,152584,872,241670,4106
9/18/20,WA,B,2037,2037,6,,7215,7215,379,19,,,1623068,13219,,,,,34,83929,82847,471,0,,,,,,,1704670,13623,1704670,13623,,,,,,0,,0
9/18/20,WI,A+,1246,1238,7,8,6569,6569,342,47,1110,98,1315258,10534,,,,,,103154,97279,2580,0,,,,,,83184,2057042,27446,2057042,27446,,,,,1412537,13067,,0
9/18/20,WV,C,297,295,3,2,,,175,0,,63,489450,4597,,,,,40,13683,13353,253,0,,,,,,10011,,0,503133,4850,16737,,,,,0,502803,4841
9/18/20,WY,B,49,,0,,240,240,16,4,,,87560,760,,,145201,,,4747,4009,95,0,,,,,4248,4044,,0,149449,1550,,,,,91569,833,149449,1550
9/17/20,AK,A,44,44,0,,280,280,41,1,,,409312,7191,,,408769,,13,6551,,108,0,,,,,6814,2408,,0,415863,7299,,,,,,0,415863,7299
9/17/20,AL,A,2401,2264,9,137,16079,16079,740,137,1631,,903156,3472,,,,900,,141757,128097,670,0,,,,,,61232,,0,1031253,4046,,,56181,,1031253,4046,,0
9/17/20,AR,A+,1166,1018,9,148,4896,4896,389,56,,206,783707,9749,,,783707,619,72,73211,71614,992,0,,3300,,,,64145,,0,855321,10632,,21856,,,,0,855321,10632
9/17/20,AS,D,0,,0,,,,,0,,,1571,0,,,,,,0,0,0,0,,,,,,,,0,1571,0,,,,,,0,1571,0
9/17/20,AZ,A+,5409,5135,38,274,21821,21821,594,-4,,119,1141222,22668,,,,,65,211660,208894,1753,0,,,,,,33381,,0,1994345,19986,280184,,,,1350116,23844,1994345,19986
9/17/20,CA,B,14721,,106,,,,3621,0,,997,12313836,76277,,,,,,766201,766201,3238,0,,,,,,,,0,13080037,79515,,,,,,0,13080037,79515
9/17/20,CO,A,2006,1655,4,351,7327,7327,213,39,,,746096,6860,153449,,,,,63145,58671,459,0,11458,,,,,6241,1166910,13057,1166910,13057,164905,,,,804767,7274,,0
9/17/20,CT,B,4488,3593,1,895,11447,11447,75,90,,,1352887,13648,,,,,,55386,53087,220,0,,,,,,9204,,0,1408273,13868,,,,,,0,1405974,13857
9/17/20,DC,A+,619,,2,,,,100,0,,22,326528,3030,,,,,18,14790,,47,0,,,,,,11763,341318,3077,341318,3077,,,,,199579,1170,,0
9/17/20,DE,A+,619,547,0,72,,,66,0,,18,247850,1179,,,,,,19318,18319,84,0,,,,,22291,10193,394405,3448,394405,3448,,,,,267168,1263,,0
9/17/20,FL,A,13247,,147,,42525,42525,2385,198,,,4336517,23695,411877,403867,6095243,,,666507,653089,3273,0,34738,,34017,,868101,,7339212,73203,7339212,73203,446669,,437913,,4997489,26994,7003515,45189
9/17/20,GA,A,6474,,55,,27054,27054,1977,170,4945,,2378988,23923,,,,,,300903,300903,1847,0,23551,,,,275551,,,0,2679891,25770,292125,,,,,0,2679891,25770
9/17/20,GU,A,31,,2,,,,44,0,,19,43208,370,,,,,,2045,2045,32,0,3,,,,,1427,,0,45253,402,170,,,,,0,45251,402
9/17/20,HI,B,103,,3,,667,667,210,13,,56,254554,2390,,,,,38,11080,10946,102,0,,,,,10930,4105,355827,6453,355827,6453,,,,,265500,2492,358335,3885
9/17/20,IA,A+,1251,,14,,,,271,0,,85,626410,5379,,51195,,,36,75028,75028,948,0,,,3269,2250,,55834,,0,701438,6327,,,54504,17663,702988,6332,,0
9/17/20,ID,A,429,391,6,38,1658,1658,123,27,433,54,247272,1440,,,,,,36093,33154,283,0,,,,,,19405,,0,280426,1647,,,,,280426,1647,,0
9/17/20,IL,A,8624,8392,25,232,,,1558,0,,359,4652731,55744,,,,,144,270302,268207,2056,0,,,,,,,,0,4923033,57800,,,,,,0,4920938,57800
9/17/20,IN,A+,3478,3253,6,225,11982,11982,778,64,2376,241,1161004,6921,,,,,72,108646,,837,0,,,,,112082,85334,,0,1866052,27098,,,,,1269650,7758,1866052,27098
9/17/20,KS,A+,586,,0,,2616,2616,278,0,713,83,413356,0,,,,225,21,50870,,0,0,,,,,,1920,,0,464226,0,,,,,464226,0,,0
9/17/20,KY,B,1093,1084,11,9,4976,4976,515,49,1471,113,979315,10300,,,,,,59370,52887,606,0,,,,,,11109,,0,1032202,10750,50342,18735,,,,0,1032202,10750
9/17/20,LA,A,5311,5143,17,168,,,663,0,,,1963847,8528,,,,,106,160343,159304,478,0,,,,,,145570,,0,2124190,9006,,,,,,0,2123151,9006
9/17/20,MA,A+,9260,9051,15,209,12496,12496,377,18,,64,1900167,27225,,,,,26,126128,124139,429,0,,,,,163227,109397,,0,3199563,67849,,,117453,113845,2024306,27644,3199563,67849
9/17/20,MD,A,3861,3717,6,144,15008,15008,353,49,,83,1375823,10753,,117647,,,,118519,118519,631,0,,,10993,,141723,7311,,0,2299608,27343,,,128640,,1494342,11384,2299608,27343
9/17/20,ME,A+,138,137,0,1,436,436,12,3,,5,346416,9170,9610,,344419,,0,4962,4458,21,0,509,,,,6190,4317,,0,351378,9191,10133,,,,,0,350874,9194
9/17/20,MI,A+,6955,6632,12,323,,,590,0,,152,3125009,32290,,,3125009,,67,126722,114692,980,0,,,,,161212,85513,,0,3251731,33270,279980,,,,,0,3286221,33274
9/17/20,MN,A,1994,1942,9,52,7050,7050,242,31,1980,132,1176824,10245,,,,,,86722,86722,909,0,,,,,,79878,1763735,20124,1763735,20124,,,,,1263546,11154,,0
9/17/20,MO,B,1757,,18,,,,962,0,,,1070247,12451,,68602,1419584,,,108334,108334,1747,0,,,3250,,115983,,,0,1538232,18798,,,71852,,1178581,14198,1538232,18798
9/17/20,MP,D,2,2,0,,4,4,,0,,,14316,0,,,,,,62,62,1,0,,,,,,29,,0,14378,1,,,,,14375,0,18915,0
9/17/20,MS,A+,2780,2572,24,208,5499,5499,622,0,,169,541497,0,,,,,95,91935,85944,701,0,95,,,,,78971,,0,633432,701,29016,40904,,,,0,626881,0
9/17/20,MT,C,143,,2,,549,549,107,6,,,285652,2682,,,,,,9647,9647,216,0,,,,,,7401,,0,295299,2898,,,,,,0,295299,2898
9/17/20,NC,A+,3180,3180,31,,,,894,0,,286,2524599,29239,,,,,,189576,189576,1552,0,,,,,,167257,,0,2714175,30791,,,,,,0,2714175,30791
9/17/20,ND,B,185,,10,,691,691,69,17,181,24,206447,723,8651,,,,,16690,16690,392,0,377,,,,,13828,540625,6402,540625,6402,9028,,,,223170,1113,559923,6760
9/17/20,NE,A,439,,3,,2172,2172,176,5,,,373432,3441,,,503094,,,39419,39419,449,0,,,,,47671,29966,,0,551790,5721,,,,,413473,3908,551790,5721
9/17/20,NH,B,438,,0,,725,725,7,2,230,,227696,1745,,,,,,7814,7814,34,0,,,,,,7104,,0,383551,0,31215,,30576,,235510,1779,383551,0
9/17/20,NJ,A+,16051,14266,3,1785,23071,23071,431,39,,85,3067457,30277,,,,,40,198361,198361,569,0,,,,,,34546,,0,3265818,30846,,,,,,0,3265818,30846
9/17/20,NM,B,836,,4,,3313,3313,69,19,,,817968,7609,,,,,,27199,27199,158,0,,,,,,15106,,0,845167,7767,,,,,,0,845167,7767
9/17/20,NV,A+,1506,,12,,,,484,0,,150,577988,2703,,,,,98,74595,74595,347,0,,,,,,,943167,8095,943167,8095,,,,,651900,3086,959839,6684
9/17/20,NY,A,25413,,3,,89995,89995,486,0,,135,9174658,90608,,,,,68,447262,447262,896,0,,,,,,75962,9621920,91504,9621920,91504,,,,,,0,,0
9/17/20,OH,A+,4580,4282,25,298,14625,14625,638,65,3149,214,2576748,27786,,,,,127,141585,134001,1067,0,,,,,,119690,,0,2718333,28853,,,,,,0,2710749,28741
9/17/20,OK,A+,930,,6,,5698,5698,516,88,,221,966519,11207,,,966519,,,73318,73318,1034,0,3581,,,,84029,62144,,0,1039837,12241,74483,,,,,0,1052756,12057
9/17/20,OR,A+,521,,0,,2341,2341,144,22,,32,595574,4151,,,928249,,11,29850,28590,0,0,,,,,54037,5376,,0,982286,8653,,,,,624164,4342,982286,8653
9/17/20,PA,A+,7913,,10,,,,459,0,,,1721275,13144,,,,,54,147923,143552,933,0,,,,,,121296,,0,1869198,14077,,,,,1864827,14030,2652463,25068
9/17/20,PR,C,588,420,18,168,,,444,0,,68,305972,0,,,395291,,41,18634,18634,382,0,20233,,,,20103,,,0,324606,382,,,,,,0,415664,0
9/17/20,RI,A+,1085,,4,,2668,2668,88,6,,9,289787,1801,,,632591,,5,23488,23488,130,0,,,,,33335,2236,665926,11823,665926,11823,,,,,313275,1931,,0
9/17/20,SC,A+,3158,2992,26,166,8611,8611,733,59,,203,952141,5341,60901,,917799,,123,135446,132565,1324,0,6020,8017,,,166907,51431,,0,1087587,6665,66921,25086,,,,0,1084706,6478
9/17/20,SD,A,193,,1,,1231,1231,138,20,,,153837,1473,,,,,,17686,,395,0,,,,,,14878,,0,171523,1868,,,,,171523,1868,234778,2917
9/17/20,TN,A+,2164,2084,13,80,7979,7979,999,57,,294,2386739,20590,,,2348989,,141,178140,172453,1053,0,,,,,210203,161707,,0,2564879,21643,,,,,,0,2559192,21469
9/17/20,TX,A,14590,,112,,,,3246,0,,1140,5357296,39289,,,,,,678819,678819,4047,0,33718,15218,,,786836,594817,,0,6036115,43336,378541,148112,,,,0,6036115,43336
9/17/20,UT,A+,437,,0,,3401,3401,170,20,843,54,672024,5281,,,865790,348,,60658,60658,911,0,,1464,,1377,66842,50108,,0,932632,9170,,13684,,9495,732265,6319,932632,9170
9/17/20,VA,A+,2920,2734,36,186,10464,10464,995,75,,225,1691052,21164,,,,,109,137460,130960,1101,0,,,,,156565,16671,1822012,22161,1822012,22161,,,,,,0,,0
9/17/20,VI,D,19,19,0,,,,,0,,,17541,101,,,,,,1238,,6,0,,,,,,1172,,0,18779,107,,,,,,0,18800,118
9/17/20,VT,B,58,58,0,,,,2,0,,,150008,1060,,,,,,1707,1704,3,0,,,,,,1533,,0,237564,3652,,,,,151712,1063,237564,3652
9/17/20,WA,B,2031,2031,11,,7196,7196,380,34,,,1609849,13959,,,,,36,83458,82396,482,0,,,,,,,1691047,14345,1691047,14345,,,,,,0,,0
9/17/20,WI,A+,1239,1231,2,8,6522,6522,347,68,1105,103,1304724,9411,,,,,,100574,94746,2134,0,,,,,,81902,2029596,28480,2029596,28480,,,,,1399470,11445,,0
9/17/20,WV,C,294,292,4,2,,,170,0,,58,484853,4166,,,,,32,13430,13109,234,0,,,,,,9804,,0,498283,4400,16614,,,,,0,497962,4394
9/17/20,WY,B,49,,3,,236,236,16,1,,,86800,1397,,,143724,,,4652,3936,86,0,,,,,4175,4000,,0,147899,2269,,,,,90736,1467,147899,2269
9/16/20,AK,A,44,44,0,,279,279,45,1,,,402121,1390,,,401615,,9,6443,,50,0,,,,,6669,2407,,0,408564,1440,,,,,,0,408564,1440
9/16/20,AL,A,2392,2257,5,135,15942,15942,722,186,1629,,899684,6874,,,,901,,141087,127523,927,0,,,,,,61232,,0,1027207,7584,,,55976,,1027207,7584,,0
9/16/20,AR,A+,1157,1010,147,147,4840,4840,387,38,,189,773958,-26801,,,773958,616,65,72219,70731,862,0,,3067,,,,64145,,0,844689,-26195,,20007,,,,0,844689,-26195
9/16/20,AS,D,0,,0,,,,,0,,,1571,0,,,,,,0,0,0,0,,,,,,,,0,1571,0,,,,,,0,1571,0
9/16/20,AZ,A+,5371,5098,27,273,21825,21825,538,25,,135,1118554,15459,,,,,81,209907,207718,698,0,,,,,,33250,,0,1974359,18821,279172,,,,1326272,15957,1974359,18821
9/16/20,CA,B,14615,,164,,,,3685,0,,1032,12237559,69402,,,,,,762963,762963,2950,0,,,,,,,,0,13000522,72352,,,,,,0,13000522,72352
9/16/20,CO,A,2002,1651,6,351,7288,7288,248,26,,,739236,5602,152929,,,,,62686,58257,587,0,11393,,,,,6220,1153853,9912,1153853,9912,164320,,,,797493,6054,,0
9/16/20,CT,B,4487,3592,2,895,11357,11357,70,0,,,1339239,3499,,,,,,55166,52878,135,0,,,,,,9142,,0,1394405,3634,,,,,,0,1392117,3610
9/16/20,DC,A+,617,,1,,,,91,0,,24,323498,1905,,,,,13,14743,,56,0,,,,,,11691,338241,1961,338241,1961,,,,,198409,683,,0
9/16/20,DE,A+,619,547,1,72,,,58,0,,11,246671,1649,,,,,,19234,18235,97,0,,,,,22184,10189,390957,2282,390957,2282,,,,,265905,1746,,0
9/16/20,FL,A,13100,,154,,42327,42327,2464,200,,,4312822,12821,411877,403867,6054308,,,663234,650185,2288,0,34738,,34017,,864052,,7266009,51573,7266009,51573,446669,,437913,,4970495,15230,6958326,30294
9/16/20,GA,A,6419,,21,,26884,26884,2030,219,4912,,2355065,22808,,,,,,299056,299056,2223,0,23408,,,,273177,,,0,2654121,25031,291168,,,,,0,2654121,25031
9/16/20,GU,A,29,,1,,,,46,0,,10,42838,475,,,,,,2013,2013,47,0,2,,,,,1406,,0,44851,522,158,,,,,0,44849,522
9/16/20,HI,C,100,,1,,654,654,222,16,,60,252164,1036,,,,,48,10978,10844,65,0,,,,,10792,3885,349374,2853,349374,2853,,,,,263008,1101,354450,2313
9/16/20,IA,A+,1237,,3,,,,291,0,,79,621031,4696,,50683,,,32,74080,74080,803,0,,,3240,2201,,55067,,0,695111,5499,,,53963,17285,696656,5509,,0
9/16/20,ID,A,423,385,4,38,1631,1631,105,19,426,34,245832,1194,,,,,,35810,32947,278,0,,,,,,19075,,0,278779,1411,,,,,278779,1411,,0
9/16/20,IL,A,8599,8367,35,232,,,1565,0,,345,4596987,50370,,,,,143,268246,266151,1941,0,,,,,,,,0,4865233,52311,,,,,,0,4863138,52311
9/16/20,IN,A+,3472,3247,12,225,11918,11918,788,60,2363,237,1154083,6581,,,,,68,107809,,580,0,,,,,111213,84336,,0,1838954,29407,,,,,1261892,7161,1838954,29407
9/16/20,KS,A+,586,,52,,2616,2616,278,44,713,83,413356,4874,,,,225,21,50870,,971,0,,,,,,1920,,0,464226,5845,,,,,464226,5845,,0
9/16/20,KY,B,1082,1073,8,9,4927,4927,565,3,1466,125,969015,20576,,,,,,58764,52437,764,0,,,,,,11043,,0,1021452,21151,50206,18502,,,,0,1021452,21151
9/16/20,LA,A,5294,5126,16,168,,,678,0,,,1955319,22614,,,,,107,159865,158826,612,0,,,,,,145570,,0,2115184,23226,,,,,,0,2114145,23122
9/16/20,MA,A+,9245,9036,20,209,12478,12478,352,16,,66,1872942,16337,,,,,24,125699,123720,306,0,,,,,162714,109397,,0,3131714,55902,,,117107,112394,1996662,16632,3131714,55902
9/16/20,MD,A,3855,3712,6,143,14959,14959,347,41,,86,1365070,9533,,117647,,,,117888,117888,643,0,,,10993,,140960,7286,,0,2272265,26599,,,128640,,1482958,10176,2272265,26599
9/16/20,ME,A+,138,137,1,1,433,433,10,1,,5,337246,5675,9542,,335257,,0,4941,4434,23,0,504,,,,6161,4307,,0,342187,5698,10060,,,,,0,341680,5694
9/16/20,MI,A+,6943,6623,11,320,,,590,0,,152,3092719,30067,,,3092719,,65,125742,113863,773,0,,,,,160228,85513,,0,3218461,30840,270746,,,,,0,3252947,31041
9/16/20,MN,A,1985,1933,6,52,7019,7019,244,40,1977,136,1166579,4063,,,,,,85813,85813,462,0,,,,,,79583,1743611,10319,1743611,10319,,,,,1252392,4525,,0
9/16/20,MO,B,1739,,7,,,,989,0,,,1057796,7440,,68427,1402394,,,106587,106587,1191,0,,,3241,,114421,,,0,1519434,9092,,,71668,,1164383,8631,1519434,9092
9/16/20,MP,D,2,2,0,,4,4,,0,,,14316,0,,,,,,61,61,0,0,,,,,,29,,0,14377,0,,,,,14375,0,18915,0
9/16/20,MS,A+,2756,2562,22,194,5499,5499,632,0,,168,541497,5709,,,,,98,91234,85384,711,0,95,,,,,78971,,0,632731,6420,29016,40904,,,,0,626881,6536
9/16/20,MT,C,141,,1,,543,543,106,4,,,282970,2846,,,,,,9431,9431,187,0,,,,,,7186,,0,292401,3033,,,,,,0,292401,3033
9/16/20,NC,A+,3149,3149,38,,,,918,0,,297,2495360,29807,,,,,,188024,188024,1137,0,,,,,,167257,,0,2683384,30944,,,,,,0,2683384,30944
9/16/20,ND,B,175,,0,,674,674,62,17,176,20,205724,1143,8651,,,,,16298,16298,265,0,377,,,,,13628,534223,5021,534223,5021,9028,,,,222057,1412,553163,5218
9/16/20,NE,A,436,,1,,2167,2167,167,13,,,369991,1958,,,497868,,,38970,38970,328,0,,,,,47177,29799,,0,546069,3790,,,,,409565,2295,546069,3790
9/16/20,NH,B,438,,0,,723,723,8,1,230,,225951,1241,,,,,,7780,7780,32,0,,,,,,7083,,0,383551,3158,31215,,30515,,233731,1273,383551,3158
9/16/20,NJ,A+,16048,14263,9,1785,23032,23032,462,29,,100,3037180,22273,,,,,38,197792,197792,388,0,,,,,,34503,,0,3234972,22661,,,,,,0,3234972,22661
9/16/20,NM,B,832,,2,,3294,3294,59,10,,,810359,5287,,,,,,27041,27041,118,0,,,,,,14842,,0,837400,5405,,,,,,0,837400,5405
9/16/20,NV,A+,1494,,12,,,,488,0,,150,575285,2789,,,,,97,74248,74248,208,0,,,,,,,935072,8746,935072,8746,,,,,648814,3011,953155,4971
9/16/20,NY,A,25410,,5,,89995,89995,483,0,,138,9084050,74435,,,,,67,446366,446366,652,0,,,,,,75903,9530416,75087,9530416,75087,,,,,,0,,0
9/16/20,OH,A+,4555,4256,49,299,14560,14560,651,79,3134,222,2548962,28916,,,,,133,140518,133046,1033,0,,,,,,118443,,0,2689480,29949,,,,,,0,2682008,29844
9/16/20,OK,A+,924,,12,,5610,5610,528,48,,213,955312,10118,,,955312,,,72284,72284,970,0,3581,,,,83065,61026,,0,1027596,11088,74483,,,,,0,1040699,11188
9/16/20,OR,A+,521,,2,,2319,2319,172,27,,39,591423,3021,,,919858,,15,29850,28399,188,0,,,,,53775,5365,,0,973633,6654,,,,,619822,3197,973633,6654
9/16/20,PA,A+,7903,,28,,,,488,0,,,1708131,12847,,,,,60,146990,142666,776,0,,,,,,120531,,0,1855121,13623,,,,,1850797,13563,2627395,27066
9/16/20,PR,C,570,403,19,167,,,434,0,,68,305972,0,,,395291,,40,18252,18252,46,0,20032,,,,20103,,,0,324224,46,,,,,,0,415664,0
9/16/20,RI,A+,1081,,3,,2662,2662,84,12,,9,287986,1195,,,620944,,5,23358,23358,108,0,,,,,33159,2235,654103,11536,654103,11536,,,,,311344,1303,,0
9/16/20,SC,A+,3132,2968,34,164,8552,8552,784,50,,223,946800,5533,60764,,912118,,136,134122,131428,652,0,6001,7921,,,166110,51431,,0,1080922,6185,66765,24446,,,,0,1078228,6044
9/16/20,SD,A,192,,8,,1211,1211,139,16,,,152364,3262,,,,,,17291,,297,0,,,,,,14657,,0,169655,3559,,,,,169655,3559,231861,5690
9/16/20,TN,A+,2151,2074,24,77,7922,7922,969,74,,283,2366149,25951,,,2328773,,124,177087,171574,1856,0,,,,,208950,160202,,0,2543236,27807,,,,,,0,2537723,27632
9/16/20,TX,A,14478,,135,,,,3249,0,,1139,5318007,35561,,,,,,674772,674772,6026,0,33463,15103,,,784178,590837,,0,5992779,41587,377019,144928,,,,0,5992779,41587
9/16/20,UT,A+,437,,1,,3381,3381,139,20,837,54,666743,5412,,,857694,348,,59747,59747,747,0,,1422,,1338,65768,49728,,0,923462,9039,,12664,,9027,725946,6241,923462,9039
9/16/20,VA,A+,2884,2711,45,173,10389,10389,1027,52,,212,1669888,13594,,,,,103,136359,129963,845,0,,,,,155402,16536,1799851,14298,1799851,14298,,,,,,0,,0
9/16/20,VI,D,19,19,0,,,,,0,,,17440,120,,,,,,1232,,7,0,,,,,,1170,,0,18672,127,,,,,,0,18682,120
9/16/20,VT,B,58,58,0,,,,6,0,,,148948,347,,,,,,1704,1701,2,0,,,,,,1530,,0,233912,961,,,,,150649,348,233912,961
9/16/20,WA,B,2020,2020,5,,7162,7162,357,35,,,1595890,10640,,,,,29,82976,81937,511,0,,,,,,,1676702,10987,1676702,10987,,,,,,0,,0
9/16/20,WI,A+,1237,1228,8,9,6454,6454,370,48,1098,103,1295313,10788,,,,,,98440,92712,1502,0,,,,,,80627,2001116,18792,2001116,18792,,,,,1388025,12196,,0
9/16/20,WV,C,290,288,10,2,,,156,0,,61,480687,3017,,,,,30,13196,12881,220,0,,,,,,9670,,0,493883,3237,16483,,,,,0,493568,3226
9/16/20,WY,B,46,,0,,235,235,16,5,,,85403,96,,,141514,,,4566,3866,128,0,,,,,4116,3971,,0,145630,2315,,,,,89269,200,145630,2315
9/15/20,AK,A,44,44,0,,278,278,44,3,,,400731,3668,,,400207,,8,6393,,43,0,,,,,6637,2402,,0,407124,3711,,,,,,0,407124,3711
9/15/20,AL,B,2387,2253,32,134,15756,15756,716,0,1622,,892810,4718,,,,898,,140160,126813,701,0,,,,,,54223,,0,1019623,5232,,,55856,,1019623,5232,,0
9/15/20,AR,A+,1010,1003,18,7,4802,4802,389,66,,180,800759,43119,,,800759,606,68,71357,70125,730,0,,2779,,,,63415,,0,870884,43795,,18516,,,,0,870884,43795
9/15/20,AS,C,0,,0,,,,,0,,,1571,0,,,,,,0,0,0,0,,,,,,,,0,1571,0,,,,,,0,1571,0
9/15/20,AZ,A+,5344,5071,22,273,21800,21800,550,26,,138,1103095,11156,,,,,76,209209,207220,484,0,,,,,,33095,,0,1955538,18561,278475,,,,1310315,9651,1955538,18561
9/15/20,CA,B,14451,,66,,,,3735,0,,1044,12168157,119746,,,,,,760013,760013,2235,0,,,,,,,,0,12928170,121981,,,,,,0,12928170,121981
9/15/20,CO,A,1996,1645,6,351,7262,7262,273,22,,,733634,4576,152511,,,,,62099,57805,400,0,11370,,,,,6197,1143941,9275,1143941,9275,164320,,,,791439,4928,,0
9/15/20,CT,B,4485,3590,0,895,11357,11357,71,0,,,1335740,10647,,,,,,55031,52767,136,0,,,,,,9142,,0,1390771,10783,,,,,,0,1388507,10790
9/15/20,DC,A+,616,,0,,,,89,0,,23,321593,4067,,,,,11,14687,,65,0,,,,,,11630,336280,4132,336280,4132,,,,,197726,2035,,0
9/15/20,DE,A+,618,546,1,72,,,61,0,,20,245022,1455,,,,,,19137,18138,200,0,,,,,22120,10165,388675,2659,388675,2659,,,,,264159,1655,,0
9/15/20,FL,A+,12946,,146,,42127,42127,2574,281,,,4300001,24723,411877,403867,6027117,,,660946,648279,2743,0,34738,,34017,,861098,,7214436,63096,7214436,63096,446669,,437913,,4955265,27490,6928032,43038
9/15/20,GA,A+,6398,,45,,26665,26665,2098,271,4870,,2332257,12347,,,,,,296833,296833,1496,0,23353,,,,270464,,,0,2629090,13843,290791,,,,,0,2629090,13843
9/15/20,GU,A+,28,,2,,,,47,0,,13,42363,396,,,,,,1966,1966,39,0,2,,,,,1312,,0,44329,435,158,,,,,0,44327,435
9/15/20,HI,C,99,,0,,638,638,225,2,,53,251128,2297,,,,,31,10913,10779,79,0,,,,,10720,3693,346521,3545,346521,3545,,,,,261907,2376,352137,3576
9/15/20,IA,A+,1234,,10,,,,284,0,,74,616335,2575,,50230,,,29,73277,73277,401,0,,,3224,2112,,54352,,0,689612,2976,,,53494,16832,691147,2990,,0
9/15/20,ID,A+,419,382,4,37,1612,1612,105,8,424,34,244638,1304,,,,,,35532,32730,253,0,,,,,,18826,,0,277368,1528,,,,,277368,1528,,0
9/15/20,IL,A,8564,8332,18,232,,,1584,0,,373,4546617,37565,,,,,144,266305,264210,1466,0,,,,,,,,0,4812922,39031,,,,,,0,4810827,39031
9/15/20,IN,A+,3460,3235,21,225,11858,11858,809,62,2363,230,1147502,6749,,,,,68,107229,,689,0,,,,,110299,83279,,0,1809547,26378,,,,,1254731,7438,1809547,26378
9/15/20,KS,A+,534,,0,,2572,2572,192,0,703,50,408482,0,,,,221,15,49899,,0,0,,,,,,1887,,0,458381,0,,,,,458381,0,,0
9/15/20,KY,B,1074,1065,9,9,4924,4924,533,19,1459,125,948439,9146,,,,,,58000,51862,718,0,,,,,,10962,,0,1000301,9691,49842,17883,,,,0,1000301,9691
9/15/20,LA,A,5278,5108,26,170,,,667,0,,,1932705,12288,,,,,99,159253,158318,371,0,,,,,,140440,,0,2091958,12659,,,,,,0,2091023,12659
9/15/20,MA,A+,9225,9016,6,209,12462,12462,310,20,,52,1856605,11510,,,,,23,125393,123425,313,0,,,,,162343,107501,,0,3075812,37187,,,116752,110849,1980030,11796,3075812,37187
9/15/20,MD,A+,3849,3706,10,143,14918,14918,371,34,,93,1355537,7320,,114639,,,,117245,117245,599,0,,,10638,,140136,7254,,0,2245666,19011,,,125277,,1472782,7919,2245666,19011
9/15/20,ME,A+,137,136,1,1,432,432,10,1,,5,331571,2697,9503,,329596,,0,4918,4415,15,0,503,,,,6130,4280,,0,336489,2712,10020,,,,,0,335986,2711
9/15/20,MI,A+,6932,6612,11,320,,,590,0,,152,3062652,24852,,,3062652,,68,124969,113183,682,0,,,,,159254,85513,,0,3187621,25534,270031,,,,,0,3221906,25779
9/15/20,MN,A+,1979,1927,5,52,6979,6979,238,25,1971,131,1162516,4110,,,,,,85351,85351,402,0,,,,,,78953,1733292,8513,1733292,8513,,,,,1247867,4512,,0
9/15/20,MO,A,1732,,18,,,,1021,0,,,1050356,9228,,68256,1394117,,,105396,105396,1317,0,,,3220,,113579,,,0,1510342,15029,,,71476,,1155752,10545,1510342,15029
9/15/20,MP,C,2,2,0,,4,4,,0,,,14316,0,,,,,,61,61,0,0,,,,,,29,,0,14377,0,,,,,14375,0,18915,0
9/15/20,MS,A+,2734,2543,28,191,5499,5499,667,0,,177,535788,0,,,,,88,90523,84912,505,0,95,,,,,78971,,0,626311,505,28852,38649,,,,0,620345,0
9/15/20,MT,B,140,,2,,539,539,109,8,,,280124,3361,,,,,,9244,9244,137,0,,,,,,7150,,0,289368,3498,,,,,,0,289368,3498
9/15/20,NC,A+,3111,3111,51,,,,916,0,,297,2465553,16515,,,,,,186887,186887,1106,0,,,,,,167257,,0,2652440,17621,,,,,,0,2652440,17621
9/15/20,ND,A,175,,2,,657,657,62,11,171,18,204581,182,8651,,,,,16033,16033,232,0,377,,,,,13328,529202,1667,529202,1667,9028,,,,220645,415,547945,1818
9/15/20,NE,A+,435,,1,,2154,2154,176,15,,,368033,2403,,,494481,,,38642,38642,307,0,,,,,46778,29597,,0,542279,3979,,,,,407270,2724,542279,3979
9/15/20,NH,B,438,,2,,722,722,9,1,230,,224710,608,,,,,,7748,7748,34,0,,,,,,7022,,0,380393,3001,31165,,30469,,232458,642,380393,3001
9/15/20,NJ,A+,16039,14254,9,1785,23003,23003,406,38,,90,3014907,21905,,,,,35,197404,197404,436,0,,,,,,34472,,0,3212311,22341,,,,,,0,3212311,22341
9/15/20,NM,B,830,,7,,3284,3284,59,10,,,805072,5295,,,,,,26923,26923,81,0,,,,,,14634,,0,831995,5376,,,,,,0,831995,5376
9/15/20,NV,A+,1482,,26,,,,483,0,,154,572496,1439,,,,,98,74040,74040,226,0,,,,,,,926326,8578,926326,8578,,,,,645803,1468,948184,2538
9/15/20,NY,A,25405,,11,,89995,89995,481,0,,144,9009615,72912,,,,,60,445714,445714,766,0,,,,,,75847,9455329,73678,9455329,73678,,,,,,0,,0
9/15/20,OH,A+,4506,4207,87,299,14481,14481,666,103,3111,223,2520046,35274,,,,,126,139485,132118,1001,0,,,,,,117130,,0,2659531,36275,,,,,,0,2652164,36157
9/15/20,OK,A+,912,,7,,5562,5562,561,96,,224,945194,25018,,,945194,,,71314,71314,1091,0,3581,,,,82404,59993,,0,1016508,26109,74483,,,,,0,1029511,28599
9/15/20,OR,A+,519,,8,,2292,2292,155,13,,34,588402,3082,,,913427,,11,29662,28223,178,0,,,,,53552,5353,,0,966979,5951,,,,,616625,3254,966979,5951
9/15/20,PA,A+,7875,,6,,,,483,0,,,1695284,10675,,,,,61,146214,141950,1151,0,,,,,,119895,,0,1841498,11826,,,,,1837234,11783,2600329,23024
9/15/20,PR,C,551,385,9,166,,,408,0,,65,305972,0,,,395291,,44,18206,18206,229,0,19966,,,,20103,,,0,324178,229,,,,,,0,415664,0
9/15/20,RI,A+,1078,,3,,2650,2650,81,6,,9,286791,1724,,,609747,,5,23250,23250,120,0,,,,,32820,2228,642567,6849,642567,6849,,,,,310041,1844,,0
9/15/20,SC,A+,3098,2943,21,155,8502,8502,745,54,,211,941267,-14526,60657,,906722,,127,133470,130917,790,0,5967,7763,,,165462,51431,,0,1074737,-13736,66624,23477,,,,0,1072184,-13865
9/15/20,SD,A+,184,,0,,1195,1195,133,24,,,149102,764,,,,,,16994,,193,0,,,,,,14424,,0,166096,957,,,,,166096,957,226171,2454
9/15/20,TN,A+,2127,2050,30,77,7848,7848,888,82,,291,2340198,21621,,,2303410,,119,175231,169893,957,0,,,,,206681,158660,,0,2515429,22578,,,,,,0,2510091,22384
9/15/20,TX,A+,14343,,132,,,,3311,0,,1151,5282446,34041,,,,,,668746,668746,5342,0,33086,14992,,,781588,585912,,0,5951192,39383,373766,142179,,,,0,5951192,39383
9/15/20,UT,A+,436,,0,,3361,3361,178,23,833,50,661331,4847,,,849577,346,,59000,59000,562,0,,1403,,1320,64846,49327,,0,914423,7801,,12385,,8913,719705,5762,914423,7801
9/15/20,VA,A+,2839,2691,96,148,10337,10337,1015,44,,228,1656294,11536,,,,,104,135514,129259,943,0,,,,,154395,16449,1785553,12395,1785553,12395,,,,,,0,,0
9/15/20,VI,C,19,19,0,,,,,0,,,17320,190,,,,,,1225,,4,0,,,,,,1159,,0,18545,194,,,,,,0,18562,208
9/15/20,VT,B,58,58,0,,,,7,0,,,148601,414,,,,,,1702,1700,7,0,,,,,,1524,,0,232951,990,,,,,150301,420,232951,990
9/15/20,WA,B,2015,2015,9,,7127,7127,348,29,,,1585250,11421,,,,,28,82465,81464,138,0,,,,,,,1665715,11748,1665715,11748,,,,,,0,,0
9/15/20,WI,A+,1229,1220,11,9,6406,6406,343,56,1090,95,1284525,10918,,,,,,96938,91304,1441,0,,,,,,79557,1982324,15529,1982324,15529,,,,,1375829,12266,,0
9/15/20,WV,C,280,278,5,2,,,155,0,,59,477670,2475,,,,,26,12976,12672,156,0,,,,,,9536,,0,490646,2631,16394,,,,,0,490342,2628
9/15/20,WY,B,46,,0,,230,230,16,0,,,85307,693,,,139273,,,4438,3762,46,0,,,,,4042,3925,,0,143315,2499,,,,,89069,732,143315,2499
9/14/20,AK,A,44,44,0,,275,275,37,3,,,397063,2125,,,396600,,8,6350,,75,0,,,,,6533,2377,,0,403413,2200,,,,,,0,403413,2200
9/14/20,AL,B,2355,2221,4,134,15756,15756,792,229,1611,,888092,3660,,,,892,,139459,126299,704,0,,,,,,54223,,0,1014391,4164,,,55780,,1014391,4164,,0
9/14/20,AR,A+,992,986,11,6,4736,4736,378,17,,175,757640,5791,,,757640,603,76,70627,69449,408,0,,2779,,,,62740,,0,827089,6190,,18516,,,,0,827089,6190
9/14/20,AS,C,0,,0,,,,,0,,,1571,0,,,,,,0,0,0,0,,,,,,,,0,1571,0,,,,,,0,1571,0
9/14/20,AZ,A+,5322,5049,0,273,21774,21774,489,1,,168,1091939,4314,,,,,81,208725,206775,213,0,,,,,,32975,,0,1936977,5262,278029,,,,1300664,4527,1936977,5262
9/14/20,CA,B,14385,,56,,,,3665,0,,1040,12048411,113318,,,,,,757778,757778,2855,0,,,,,,,,0,12806189,116173,,,,,,0,12806189,116173
9/14/20,CO,A+,1990,1639,2,351,7240,7240,239,13,,,729058,5852,152267,,,,,61699,57453,375,0,11348,,,,,6184,1134666,10485,1134666,10485,163615,,,,786511,6206,,0
9/14/20,CT,B,4485,3590,5,895,11357,11357,64,0,,,1325093,48435,,,,,,54895,52624,569,0,,,,,,9142,,0,1379988,49004,,,,,,0,1377717,48964
9/14/20,DC,A+,616,,0,,,,91,0,,22,317526,1477,,,,,8,14622,,30,0,,,,,,11592,332148,1507,332148,1507,,,,,195691,531,,0
9/14/20,DE,A+,617,545,2,72,,,64,0,,18,243567,1120,,,,,,18937,17945,88,0,,,,,22031,10091,386016,4996,386016,4996,,,,,262504,1208,,0
9/14/20,FL,A+,12800,,36,,41846,41846,2637,77,,,4275278,15342,411877,403867,5988176,,,658203,645799,1718,0,34738,,34017,,857173,,7151340,46031,7151340,46031,446669,,437913,,4927775,17073,6884994,29201
9/14/20,GA,A+,6353,,20,,26394,26394,2134,25,4830,,2319910,12022,,,,,,295337,295337,1023,0,23344,,,,269415,,,0,2615247,13045,290730,,,,,0,2615247,13045
9/14/20,GU,A+,26,,0,,,,50,0,,15,41967,495,,,,,,1927,1927,36,0,2,,,,,1274,,0,43894,531,158,,,,,0,43892,881
9/14/20,HI,C,99,,2,,636,636,225,1,,53,248831,4020,,,,,31,10834,10700,112,0,,,,,10644,3565,342976,6406,342976,6406,,,,,259531,4132,348561,6359
9/14/20,IA,A+,1224,,6,,,,272,0,,75,613760,2805,,49983,,,29,72876,72876,386,0,,,3205,2024,,53417,,0,686636,3191,,,53228,16383,688157,3198,,0
9/14/20,ID,A+,415,378,0,37,1604,1604,165,8,423,46,243334,1378,,,,,,35279,32506,112,0,,,,,,18619,,0,275840,1473,,,,,275840,1473,,0
9/14/20,IL,A,8546,8314,5,232,,,1431,0,,335,4509052,34557,,,,,131,264839,262744,1373,0,,,,,,,,0,4773891,35930,,,,,,0,4771796,35930
9/14/20,IN,A+,3439,3215,1,224,11796,11796,844,47,2353,230,1140753,7573,,,,,74,106540,,736,0,,,,,109242,82311,,0,1783169,4380,,,,,1247293,8309,1783169,4380
9/14/20,KS,A+,534,,23,,2572,2572,192,35,703,50,408482,7938,,,,221,15,49899,,1513,0,,,,,,1887,,0,458381,9451,,,,,458381,9451,,0
9/14/20,KY,B,1065,1056,5,9,4905,4905,504,19,1454,119,939293,65486,,,,,,57282,51317,337,0,,,,,,10918,,0,990610,66268,49374,17451,,,,0,990610,66268
9/14/20,LA,A,5252,5082,17,170,,,664,0,,,1920417,12077,,,,,105,158882,157947,492,0,,,,,,140440,,0,2079299,12569,,,,,,0,2078364,12569
9/14/20,MA,A+,9219,9010,9,209,12442,12442,302,11,,63,1845095,11966,,,,,17,125080,123139,254,0,,,,,161982,107501,,0,3038625,32467,,,116598,109470,1968234,12201,3038625,32467
9/14/20,MD,A+,3839,3696,1,143,14884,14884,347,33,,90,1348217,8482,,114639,,,,116646,116646,536,0,,,10638,,139370,7229,,0,2226655,19197,,,125277,,1464863,9018,2226655,19197
9/14/20,ME,A+,136,135,0,1,431,431,9,0,,5,328874,3569,9478,,326907,,3,4903,4401,40,0,503,,,,6110,4237,,0,333777,3609,9995,,,,,0,333275,3594
9/14/20,MI,A+,6921,6601,10,320,,,590,0,,152,3037800,50248,,,3037800,,82,124287,112612,1229,0,,,,,158327,85513,,0,3162087,51477,269507,,,,,0,3196127,51636
9/14/20,MN,A+,1974,1922,3,52,6954,6954,233,23,1965,135,1158406,9412,,,,,,84949,84949,638,0,,,,,,78238,1724779,17265,1724779,17265,,,,,1243355,10050,,0
9/14/20,MO,A,1714,,9,,,,1010,0,,,1041128,15175,,68231,1380372,,,104079,104079,1332,0,,,3221,,112317,,,0,1495313,19730,,,71452,,1145207,16507,1495313,19730
9/14/20,MP,C,2,2,0,,4,4,,0,,,14316,0,,,,,,61,61,1,0,,,,,,29,,0,14377,1,,,,,14375,0,18915,0
9/14/20,MS,A+,2706,2523,9,183,5499,5499,513,89,,171,535788,2869,,,,,,90018,84557,144,0,95,,,,,78971,,0,625806,3013,28852,38649,,,,0,620345,3184
9/14/20,MT,B,138,,3,,531,531,144,6,,,276763,5660,,,,,,9107,9107,86,0,,,,,,6842,,0,285870,5746,,,,,,0,285870,5746
9/14/20,NC,A+,3060,3060,8,,,,895,0,,293,2449038,17866,,,,,,185781,185781,845,0,,,,,,167257,,0,2634819,18711,,,,,,0,2634819,18711
9/14/20,ND,A,173,,2,,646,646,65,3,171,19,204399,1370,8651,,,,,15801,15801,252,0,377,,,,,12903,527535,3965,527535,3965,9028,,,,220230,1624,546127,4277
9/14/20,NE,A+,434,,0,,2139,2139,169,2,,,365630,3054,,,490851,,,38335,38335,227,0,,,,,46431,29405,,0,538300,4640,,,,,404546,3293,538300,4640
9/14/20,NH,B,436,,0,,721,721,7,0,229,,224102,1256,,,,,,7714,7714,18,0,,,,,,6987,,0,377392,4444,31129,,30439,,231816,1274,377392,4444
9/14/20,NJ,A+,16030,14245,4,1785,22965,22965,420,2,,91,2993002,21106,,,,,41,196968,196968,334,0,,,,,,34458,,0,3189970,21440,,,,,,0,3189970,21440
9/14/20,NM,B,823,,0,,3274,3274,60,7,,,799777,3393,,,,,,26842,26842,81,0,,,,,,14470,,0,826619,3474,,,,,,0,826619,3474
9/14/20,NV,A+,1456,,4,,,,473,0,,158,571057,2519,,,,,99,73814,73814,277,0,,,,,,,917748,1719,917748,1719,,,,,644335,2803,945646,5781
9/14/20,NY,A,25394,,4,,89995,89995,464,0,,143,8936703,62775,,,,,59,444948,444948,583,0,,,,,,75814,9381651,63358,9381651,63358,,,,,,0,,0
9/14/20,OH,A+,4419,4126,4,293,14378,14378,671,64,3097,224,2484772,28347,,,,,121,138484,131235,1079,0,,,,,,115708,,0,2623256,29426,,,,,,0,2616007,29386
9/14/20,OK,A+,905,,0,,5466,5466,499,15,,186,920176,0,,,920176,,,70223,70223,869,0,3581,,,,79689,59007,,0,990399,869,74483,,,,,0,1000912,0
9/14/20,OR,A+,511,,2,,2279,2279,135,44,,32,585320,2037,,,907688,,13,29484,28051,147,0,,,,,53340,5310,,0,961028,3734,,,,,613371,9037,961028,3734
9/14/20,PA,A+,7869,,32,,,,472,0,,,1684609,20609,,,,,59,145063,140842,1182,0,,,,,,118951,,0,1829672,21791,,,,,1825451,21752,2577305,41340
9/14/20,PR,C,542,376,3,166,,,414,0,,63,305972,0,,,395291,,37,17977,17977,208,0,19773,,,,20103,,,0,323949,208,,,,,,0,415664,0
9/14/20,RI,A+,1075,,0,,2644,2644,80,0,,7,285067,682,,,603012,,4,23130,23130,32,0,,,,,32706,2223,635718,2208,635718,2208,,,,,308197,714,,0
9/14/20,SC,A+,3077,2922,13,155,8448,8448,733,22,,203,955793,15794,60621,,913799,,123,132680,130256,816,0,5960,,,,172250,51431,,0,1088473,16610,66581,,,,,0,1086049,16566
9/14/20,SD,A+,184,,0,,1171,1171,110,6,,,148338,1020,,,,,,16801,,163,0,,,,,,14118,,0,165139,1183,,,,,165139,1183,223717,1846
9/14/20,TN,A+,2097,2026,19,71,7766,7766,833,56,,262,2318577,34252,,,2282076,,131,174274,169130,2450,0,,,,,205631,156808,,0,2492851,36702,,,,,,0,2487707,36583
9/14/20,TX,A+,14211,,21,,,,3391,0,,1165,5248405,5741,,,,,,663404,663404,3970,0,33050,14852,,,778772,581204,,0,5911809,9711,373406,137788,,,,0,5911809,9711
9/14/20,UT,A+,436,,3,,3338,3338,170,12,829,54,656484,2386,,,842751,345,,58438,58438,563,0,,1345,,1263,63871,48934,,0,906622,4073,,11216,,8321,713943,2749,906622,4073
9/14/20,VA,A+,2743,2607,19,136,10293,10293,1006,49,,220,1644758,12334,,,,,110,134571,128400,757,0,,,,,153493,16361,1773158,13062,1773158,13062,,,,,,0,,0
9/14/20,VI,C,19,19,0,,,,,0,,,17130,7,,,,,,1221,,1,0,,,,,,1144,,0,18351,8,,,,,,0,18354,8
9/14/20,VT,B,58,58,0,,,,3,0,,,148187,746,,,,,,1695,1694,11,0,,,,,,1509,,0,231961,3677,,,,,149881,757,231961,3677
9/14/20,WA,B,2006,2006,15,,7098,7098,385,17,,,1573829,9070,,,,,26,82327,81327,239,0,,,,,,,1653967,9382,1653967,9382,,,,,,0,,0
9/14/20,WI,A+,1218,1210,0,8,6350,6350,341,18,1083,98,1273607,3149,,,,,,95497,89956,818,0,,,,,,78527,1966795,12435,1966795,12435,,,,,1363563,3920,,0
9/14/20,WV,C,275,273,9,2,,,151,0,,58,475195,4130,,,,,24,12820,12519,121,0,,,,,,9361,,0,488015,4251,16360,,,,,0,487714,4246
9/14/20,WY,B,46,,4,,230,230,13,2,,,84614,2523,,,136830,,,4392,3723,46,0,,,,,3986,3884,,0,140816,2763,,,,,88337,2641,140816,2763
9/13/20,AK,A,44,44,0,,272,272,35,1,,,394938,1523,,,394452,,8,6275,,61,0,,,,,6481,2377,,0,401213,1584,,,,,,0,401213,1584
9/13/20,AL,B,2351,2218,1,133,15527,15527,790,0,1610,,884432,5709,,,,892,,138755,125795,1109,0,,,,,,54223,,0,1010227,6681,,,55599,,1010227,6681,,0
9/13/20,AR,A+,981,976,12,5,4719,4719,381,41,,160,751849,1559,,,751849,601,83,70219,69050,509,0,,2757,,,,61819,,0,820899,545,,17863,,,,0,820899,545
9/13/20,AS,C,0,,0,,,,,0,,,1571,0,,,,,,0,0,0,0,,,,,,,,0,1571,0,,,,,,0,1571,0
9/13/20,AZ,A+,5322,5049,7,273,21773,21773,525,0,,171,1087625,7024,,,,,87,208512,206611,384,0,,,,,,32817,,0,1931715,7128,277020,,,,1296137,9313,1931715,7128
9/13/20,CA,B,14329,,78,,,,3741,0,,1056,11935093,128424,,,,,,754923,754923,4625,0,,,,,,,,0,12690016,133049,,,,,,0,12690016,133049
9/13/20,CO,A+,1988,1637,0,351,7227,7227,228,4,,,723206,6625,151964,,,,,61324,57099,417,0,11326,,,,,6162,1124181,12609,1124181,12609,163290,,,,780305,7020,,0
9/13/20,CT,B,4480,3595,0,885,11357,11357,51,0,,,1276658,0,,,,,,54326,52095,0,0,,,,,,9142,,0,1330984,0,,,,,,0,1328753,0
9/13/20,DC,A+,616,,0,,,,88,0,,23,316049,3164,,,,,11,14592,,40,0,,,,,,11574,330641,3204,330641,3204,,,,,195160,1117,,0
9/13/20,DE,A+,615,543,2,72,,,68,0,,17,242447,1588,,,,,,18849,17857,123,0,,,,,21927,10077,381020,3491,381020,3491,,,,,261296,1711,,0
9/13/20,FL,A+,12764,,8,,41769,41769,2631,82,,,4259936,19827,411877,403867,5961411,,,656485,644180,2395,0,34738,,34017,,854899,,7105309,56042,7105309,56042,446669,,437913,,4910702,22211,6855793,37766
9/13/20,GA,A+,6333,,46,,26369,26369,2138,42,4827,,2307888,-9378,,,,,,294314,294314,1409,0,23194,,,,268347,,,0,2602202,17945,289794,,,,,0,2602202,17945
9/13/20,GU,A+,26,,1,,,,50,0,,11,41472,0,,,,,,1891,1891,0,0,2,,,,,1118,,0,43363,0,158,,,,,0,43011,0
9/13/20,HI,C,97,,1,,635,635,220,13,,51,244811,5231,,,,,41,10722,10588,129,0,,,,,10531,3418,336570,7349,336570,7349,,,,,255399,5360,342202,7446
9/13/20,IA,A+,1218,,1,,,,274,0,,79,610955,3771,,49956,,,28,72490,72490,784,0,,,3199,2016,,53151,,0,683445,4555,,,53195,16319,684959,4538,,0
9/13/20,ID,A+,415,378,3,37,1596,1596,165,27,422,46,241956,1296,,,,,,35167,32411,217,0,,,,,,18406,,0,274367,1479,,,,,274367,1479,,0
9/13/20,IL,A,8541,8309,14,232,,,1422,0,,328,4474495,45428,,,,,136,263466,261371,1462,0,,,,,,,,0,4737961,46890,,,,,,0,4735866,46890
9/13/20,IN,A+,3438,3214,1,224,11749,11749,731,39,2338,219,1133180,30761,,,,,72,105804,,1243,0,,,,,108988,81405,,0,1778789,6884,,,,,1238984,32004,1778789,6884
9/13/20,KS,A+,511,,0,,2537,2537,140,0,690,40,400544,0,,,,219,10,48386,,0,0,,,,,,1859,,0,448930,0,,,,,448930,0,,0
9/13/20,KY,B,1060,1051,3,9,4886,4886,587,0,1454,148,873807,0,,,,,,56945,51018,530,0,,,,,,10872,,0,924342,0,49234,17381,,,,0,924342,0
9/13/20,LA,A,5235,5065,33,170,,,680,0,,,1908340,27696,,,,,107,158390,157455,1281,0,,,,,,140440,,0,2066730,28977,,,,,,0,2065795,28977
9/13/20,MA,A+,9210,9001,14,209,12431,12431,313,5,,61,1833129,11835,,,,,21,124826,122904,286,0,,,,,161677,107501,,0,3006158,37435,,,116531,108478,1956033,12102,3006158,37435
9/13/20,MD,A+,3838,3695,2,143,14851,14851,351,55,,89,1339735,10816,,114639,,,,116110,116110,577,0,,,10638,,138731,7225,,0,2207458,23517,,,125277,,1455845,11393,2207458,23517
9/13/20,ME,A+,136,135,1,1,431,431,11,0,,6,325305,5136,9473,,323343,,3,4863,4376,29,0,503,,,,6081,4226,,0,330168,5165,9990,,,,,0,329681,5163
9/13/20,MI,A+,6911,6591,0,320,,,627,0,,172,2987552,0,,,2987552,,77,123058,111524,0,0,,,,,156939,85513,,0,3110610,0,268368,,,,,0,3144491,0
9/13/20,MN,A+,1971,1919,13,52,6931,6931,241,32,1957,136,1148994,10060,,,,,,84311,84311,723,0,,,,,,77461,1707514,22994,1707514,22994,,,,,1233305,10783,,0
9/13/20,MO,A,1705,,1,,,,971,0,,,1025953,13714,,67952,1362014,,,102747,102747,1613,0,,,3196,,110962,,,0,1475583,18739,,,71148,,1128700,15327,1475583,18739
9/13/20,MP,C,2,2,0,,4,4,,0,,,14316,0,,,,,,60,60,0,0,,,,,,29,,0,14376,0,,,,,14375,0,18915,0
9/13/20,MS,A+,2697,2514,12,183,5410,5410,542,0,,179,532919,0,,,,,,89874,84451,254,0,95,,,,,74098,,0,622793,254,28693,38257,,,,0,617161,0
9/13/20,MT,B,135,,2,,525,525,145,4,,,271103,1300,,,,,,9021,9021,96,0,,,,,,6830,,0,280124,1396,,,,,,0,280124,1396
9/13/20,NC,A+,3052,3052,5,,,,831,0,,270,2431172,33780,,,,,,184936,184936,1196,0,,,,,,156652,,0,2616108,34976,,,,,,0,2616108,34976
9/13/20,ND,A,171,,1,,643,643,62,9,170,18,203029,1599,8650,,,,,15549,15549,429,0,376,,,,,12655,523570,8150,523570,8150,9026,,,,218606,2025,541850,8510
9/13/20,NE,A+,434,,0,,2137,2137,163,6,,,362576,3063,,,486466,,,38108,38108,267,0,,,,,46179,29167,,0,533660,4909,,,,,401253,3349,533660,4909
9/13/20,NH,B,436,,1,,721,721,7,0,228,,222846,1474,,,,,,7696,7696,44,0,,,,,,6953,,0,372948,3257,31107,,30419,,230542,1518,372948,3257
9/13/20,NJ,A+,16026,14242,5,1784,22963,22963,444,13,,98,2971896,26998,,,,,37,196634,196634,297,0,,,,,,34430,,0,3168530,27295,,,,,,0,3168530,27744
9/13/20,NM,B,823,,2,,3267,3267,59,4,,,796384,5775,,,,,,26761,26761,100,0,,,,,,14407,,0,823145,5875,,,,,,0,823145,5875
9/13/20,NV,A+,1452,,3,,,,476,0,,165,568538,3856,,,,,102,73537,73537,317,0,,,,,,,916029,3115,916029,3115,,,,,641532,4224,939865,7891
9/13/20,NY,A,25390,,6,,89995,89995,464,0,,131,8873928,71943,,,,,54,444365,444365,725,0,,,,,,75767,9318293,72668,9318293,72668,,,,,,0,,0
9/13/20,OH,A+,4415,4122,4,293,14314,14314,635,30,3088,215,2456425,25982,,,,,126,137405,130196,837,0,,,,,,114906,,0,2593830,26819,,,,,,0,2586621,26725
9/13/20,OK,A+,905,,6,,5451,5451,499,27,,186,920176,0,,,920176,,,69354,69354,695,0,3581,,,,79689,58560,,0,989530,695,74483,,,,,0,1000912,0
9/13/20,OR,A+,509,,4,,2235,2235,161,0,,43,583283,2335,,,904083,,19,29337,27460,181,0,,,,,53211,5310,,0,957294,8396,,,,,604334,0,957294,8396
9/13/20,PA,A+,7837,,0,,,,463,0,,,1664000,0,,,,,60,143881,139699,76,0,,,,,,117920,,0,1807881,76,,,,,1803699,76,2535965,0
9/13/20,PR,C,539,373,4,166,,,396,0,,67,305972,0,,,395291,,50,17769,17769,171,0,19611,,,,20103,,,0,323741,171,,,,,,0,415664,0
9/13/20,RI,A+,1075,,3,,2644,2644,80,5,,7,284385,1248,,,600850,,4,23098,23098,99,0,,,,,32660,2223,633510,5419,633510,5419,,,,,307483,1347,,0
9/13/20,SC,A+,3064,2915,24,149,8426,8426,752,24,,205,939999,15105,60519,,898428,,130,131864,129484,1886,0,5907,,,,171055,51431,,0,1071863,16991,66426,,,,,0,1069483,16943
9/13/20,SD,A+,184,,1,,1165,1165,110,13,,,147318,1146,,,,,,16638,,201,0,,,,,,13993,,0,163956,1347,,,,,163956,1347,221871,2644
9/13/20,TN,A+,2078,2008,14,70,7710,7710,820,31,,261,2284325,12482,,,2248108,,122,171824,166799,933,0,,,,,203016,155865,,0,2456149,13415,,,,,,0,2451124,13359
9/13/20,TX,A+,14190,,47,,,,3319,0,,1140,5242664,13132,,,,,,659434,659434,1845,0,34286,14801,,,777965,577832,,0,5902098,14977,390318,137241,,,,0,5902098,14977
9/13/20,UT,A+,433,,0,,3326,3326,178,15,828,52,654098,3114,,,839054,344,,57875,57875,628,0,,1326,,1245,63495,48690,,0,902549,6237,,11059,,8196,711194,3584,902549,6237
9/13/20,VA,A+,2724,2591,2,133,10244,10244,1012,26,,232,1632424,15254,,,,,119,133814,127672,874,0,,,,,152703,16310,1760096,16076,1760096,16076,,,,,,0,,0
9/13/20,VI,C,19,19,0,,,,,0,,,17123,111,,,,,,1220,,9,0,,,,,,1144,,0,18343,120,,,,,,0,18346,118
9/13/20,VT,B,58,58,0,,,,1,0,,,147441,894,,,,,,1684,1683,7,0,,,,,,1505,,0,228284,4188,,,,,149124,901,228284,4188
9/13/20,WA,B,1991,1991,0,,7081,7081,371,33,,,1564759,13073,,,,,29,82088,81096,478,0,,,,,,,1644585,13423,1644585,13423,,,,,,0,,0
9/13/20,WI,A+,1218,1210,1,8,6332,6332,313,23,1080,93,1270458,6153,,,,,,94679,89185,1624,0,,,,,,77750,1954360,18857,1954360,18857,,,,,1359643,7735,,0
9/13/20,WV,C,266,264,1,2,,,147,0,,58,471065,4710,,,,,26,12699,12403,178,0,,,,,,9290,,0,483764,4888,16321,,,,,0,483468,4888
9/13/20,WY,B,42,,0,,228,228,12,-59,,,82091,0,,,134170,,,4346,3679,49,0,,,,,3883,3768,,0,138053,238,,,,,85696,0,138053,238
9/12/20,AK,A,44,44,1,,271,271,32,1,,,393415,4940,,,392921,,8,6214,,103,0,,,,,6428,2377,,0,399629,5043,,,,,,0,399629,5043
9/12/20,AL,B,2350,2217,17,133,15527,15527,793,0,1608,,878723,4504,,,,891,,137646,124823,943,0,,,,,,54223,,0,1003546,5230,,,55442,,1003546,5230,,0
9/12/20,AR,A+,969,964,16,5,4678,4678,392,0,,170,750290,20915,,,750290,597,76,69710,68542,727,0,,2709,,,,61245,,0,820354,24175,,17549,,,,0,820354,24175
9/12/20,AS,C,0,,0,,,,,0,,,1571,0,,,,,,0,0,0,0,,,,,,,,0,1571,0,,,,,,0,1571,0
9/12/20,AZ,A+,5315,5041,27,274,21773,21773,574,26,,185,1080601,8700,,,,,93,208128,206223,605,0,,,,,,32628,,0,1924587,14887,276179,,,,1286824,9281,1924587,14887
9/12/20,CA,B,14251,,162,,,,3848,0,,1120,11806669,101200,,,,,,750298,750298,4107,0,,,,,,,,0,12556967,105307,,,,,,0,12556967,105307
9/12/20,CO,A+,1988,1637,3,351,7223,7223,226,15,,,716581,6846,151566,,,,,60907,56704,415,0,11300,,,,,6156,1111572,13587,1111572,13587,162866,,,,773285,7172,,0
9/12/20,CT,B,4480,3595,0,885,11357,11357,51,0,,,1276658,0,,,,,,54326,52095,0,0,,,,,,9142,,0,1330984,0,,,,,,0,1328753,0
9/12/20,DC,A+,616,,0,,,,98,0,,24,312885,5942,,,,,12,14552,,59,0,,,,,,11561,327437,6001,327437,6001,,,,,194043,1808,,0
9/12/20,DE,A+,613,541,0,72,,,66,0,,15,240859,2627,,,,,,18726,17734,260,0,,,,,21817,10063,377529,2418,377529,2418,,,,,259585,2887,,0
9/12/20,FL,A+,12756,,98,,41687,41687,2683,193,,,4240109,21734,411877,403867,5926779,,,654090,641864,3168,0,34738,,34017,,851937,,7049267,71355,7049267,71355,446669,,437913,,4888491,24921,6818027,42983
9/12/20,GA,A+,6287,,41,,26327,26327,2114,164,4818,,2317266,49728,,,,,,292905,292905,2124,0,23016,,,,266991,,,0,2584257,25938,288667,,,,,0,2584257,25938
9/12/20,GU,A+,25,,2,,,,50,0,,11,41472,322,,,,,,1891,1891,28,0,2,,,,,1118,,0,43363,350,158,,,,,0,43011,0
9/12/20,HI,C,96,,2,,622,622,220,12,,51,239580,3389,,,,,41,10593,10459,170,0,,,,,10398,3334,329221,5724,329221,5724,,,,,250039,3556,334756,5547
9/12/20,IA,A+,1217,,6,,,,290,0,,90,607184,4720,,49687,,,35,71706,71706,573,0,,,3188,1991,,52953,,0,678890,5293,,,52915,16279,680421,5295,,0
9/12/20,ID,A+,412,375,5,37,1569,1569,165,18,412,46,240660,1461,,,,,,34950,32228,333,0,,,,,,18052,,0,272888,1746,,,,,272888,1746,,0
9/12/20,IL,A,8527,8295,22,232,,,1509,0,,344,4429067,54473,,,,,170,262004,259909,2121,0,,,,,,,,0,4691071,56594,,,,,,0,4688976,56594
9/12/20,IN,A+,3437,3213,17,224,11710,11710,807,59,2327,234,1102419,22820,,,,,70,104561,,1056,0,,,,,108696,81089,,0,1771905,24599,,,,,1206980,23876,1771905,24599
9/12/20,KS,A+,511,,0,,2537,2537,140,0,690,40,400544,0,,,,219,10,48386,,0,0,,,,,,1859,,0,448930,0,,,,,448930,0,,0
9/12/20,KY,B,1057,1048,13,9,4886,4886,587,24,1454,148,873807,28821,,,,,,56415,50535,711,0,,,,,,10872,,0,924342,29377,49234,17381,,,,0,924342,29377
9/12/20,LA,A,5202,5032,0,170,,,723,0,,,1880644,0,,,,,117,157109,156174,0,0,,,,,,140440,,0,2037753,0,,,,,,0,2036818,0
9/12/20,MA,A+,9196,8987,16,209,12426,12426,331,15,,64,1821294,17878,,,,,25,124540,122637,554,0,,,,,161336,107501,,0,2968723,63370,,,116242,106383,1943931,18313,2968723,63370
9/12/20,MD,A+,3836,3693,8,143,14796,14796,361,40,,85,1328919,10767,,114639,,,,115533,115533,809,0,,,10638,,137934,7221,,0,2183941,33303,,,125277,,1444452,11576,2183941,33303
9/12/20,ME,A+,135,134,1,1,431,431,10,-1,,6,320169,4953,9440,,318215,,4,4834,4349,42,0,503,,,,6048,4211,,0,325003,4995,9957,,,,,0,324518,4985
9/12/20,MI,A+,6911,6591,11,320,,,627,0,,172,2987552,37017,,,2987552,,77,123058,111524,807,0,,,,,156939,85513,,0,3110610,37824,268368,,,,,0,3144491,38323
9/12/20,MN,A+,1958,1906,9,52,6899,6899,247,36,1949,140,1138934,9090,,,,,,83588,83588,872,0,,,,,,76650,1684520,19192,1684520,19192,,,,,1222522,9962,,0
9/12/20,MO,A,1704,,3,,,,1040,0,,,1012239,14827,,67809,1344724,,,101134,101134,1974,0,,,3188,,109562,,,0,1456844,19114,,,70997,,1113373,16801,1456844,19114
9/12/20,MP,C,2,2,0,,4,4,,0,,,14316,0,,,,,,60,60,1,0,,,,,,29,,0,14376,1,,,,,14375,0,18915,0
9/12/20,MS,A+,2685,2502,15,183,5410,5410,542,0,,179,532919,3715,,,,,,89620,84242,445,0,95,,,,,74098,,0,622539,4160,28693,38257,,,,0,617161,4039
9/12/20,MT,B,133,,2,,521,521,144,3,,,269803,3930,,,,,,8925,8925,140,0,,,,,,6824,,0,278728,4070,,,,,,0,278728,4070
9/12/20,NC,A+,3047,3047,24,,,,870,0,,287,2397392,21024,,,,,,183740,183740,1454,0,,,,,,156652,,0,2581132,22478,,,,,,0,2581132,22478
9/12/20,ND,A,170,,7,,634,634,56,4,169,18,201430,1038,8647,,,,,15120,15120,466,0,373,,,,,12450,515420,9022,515420,9022,9020,,,,216581,1505,533340,9557
9/12/20,NE,A+,434,,4,,2131,2131,166,12,,,359513,3074,,,481871,,,37841,37841,468,0,,,,,45868,28816,,0,528751,5737,,,,,397904,3562,528751,5737
9/12/20,NH,B,435,,1,,721,721,6,1,228,,221372,1701,,,,,,7652,7652,32,0,,,,,,6920,,0,369691,4046,31079,,30329,,229024,1733,369691,4046
9/12/20,NJ,A+,16021,14238,4,1783,22950,22950,462,32,,84,2944898,0,,,,,35,196337,196337,449,0,,,,,,34397,,0,3141235,449,,,,,,0,3140786,0
9/12/20,NM,B,821,,3,,3263,3263,67,16,,,790609,5122,,,,,,26661,26661,98,0,,,,,,14396,,0,817270,5220,,,,,,0,817270,5220
9/12/20,NV,A+,1449,,10,,,,476,0,,165,564682,4206,,,,,102,73220,73220,414,0,,,,,,,912914,7009,912914,7009,,,,,637308,4640,931974,9494
9/12/20,NY,A,25384,,2,,89995,89995,467,0,,127,8801985,102076,,,,,51,443640,443640,849,0,,,,,,75707,9245625,102925,9245625,102925,,,,,,0,,0
9/12/20,OH,A+,4411,4118,8,293,14284,14284,626,48,3088,216,2430443,46556,,,,,127,136568,129453,1242,0,,,,,,114066,,0,2567011,47798,,,,,,0,2559896,47712
9/12/20,OK,A+,899,,11,,5424,5424,499,55,,186,920176,13067,,,920176,,,68659,68659,1017,0,3581,,,,79689,58125,,0,988835,14084,74483,,,,,0,1000912,13590
9/12/20,OR,A+,505,,6,,2235,2235,161,0,,43,580948,4074,,,896162,,19,29156,27460,291,0,,,,,52736,5310,,0,948898,8557,,,,,604334,0,948898,8557
9/12/20,PA,A+,7837,,0,,,,470,0,,,1664000,11972,,,,,63,143805,139623,920,0,,,,,,117920,,0,1807805,12892,,,,,1803623,12836,2535965,61442
9/12/20,PR,C,535,370,12,165,,,420,0,,71,305972,0,,,395291,,54,17598,17598,241,0,19494,,,,20103,,,0,323570,241,,,,,,0,415664,0
9/12/20,RI,A+,1072,,1,,2639,2639,80,19,,8,283137,3019,,,595533,,4,22999,22999,94,0,,,,,32558,2220,628091,12408,628091,12408,,,,,306136,3113,,0
9/12/20,SC,A+,3040,2891,12,149,8402,8402,806,49,,220,924894,9464,60035,,884448,,131,129978,127646,932,0,5799,,,,168092,51431,,0,1054872,10396,65834,,,,,0,1052540,10318
9/12/20,SD,A+,183,,6,,1152,1152,109,14,,,146172,1326,,,,,,16437,,320,0,,,,,,13739,,0,162609,1646,,,,,162609,1646,219227,2805
9/12/20,TN,A+,2064,1995,39,69,7679,7679,941,55,,299,2271843,21323,,,2235909,,137,170891,165922,1032,0,,,,,201856,154947,,0,2442734,22355,,,,,,0,2437765,22236
9/12/20,TX,A+,14143,,146,,,,3371,0,,1174,5229532,31882,,,,,,657589,657589,4233,0,33571,14752,,,776717,573670,,0,5887121,36115,383596,136704,,,,0,5887121,36115
9/12/20,UT,A+,433,,2,,3311,3311,176,23,827,48,650984,4498,,,833363,344,,57247,57247,572,0,,1304,,1226,62949,48396,,0,896312,8200,,10840,,8037,707610,5156,896312,8200
9/12/20,VA,A+,2722,2589,11,133,10218,10218,995,63,,228,1617170,14763,,,,,113,132940,126850,1300,0,,,,,151825,16276,1744020,15910,1744020,15910,,,,,,0,,0
9/12/20,VI,C,19,19,1,,,,,0,,,17012,163,,,,,,1211,,10,0,,,,,,1143,,0,18223,173,,,,,,0,18228,162
9/12/20,VT,B,58,58,0,,,,4,0,,,146547,984,,,,,,1677,1676,9,0,,,,,,1496,,0,224096,4941,,,,,148223,993,224096,4941
9/12/20,WA,B,1991,1991,0,,7048,7048,384,30,,,1551686,15949,,,,,19,81610,80649,475,0,,,,,,,1631162,16414,1631162,16414,,,,,,0,,0
9/12/20,WI,A+,1217,1209,12,8,6309,6309,319,46,1078,94,1264305,10271,,,,,,93055,87603,1430,0,,,,,,76909,1935503,17507,1935503,17507,,,,,1351908,11624,,0
9/12/20,WV,C,265,263,2,2,,,145,0,,59,466355,6738,,,,,26,12521,12225,347,0,,,,,,9225,,0,478876,7085,16292,,,,,0,478580,7063
9/12/20,WY,B,42,,0,,287,287,12,60,,,82091,0,,,133950,,,4297,3635,33,0,,,,,3865,3740,,0,137815,301,,,,,85696,0,137815,301
9/11/20,AK,A,43,43,1,,270,270,44,0,,,388475,1420,,,387966,,7,6111,,89,0,,,,,6340,2359,,0,394586,1509,,,,,,0,394586,1509
9/11/20,AL,B,2333,2204,32,129,15527,15527,811,188,1593,,874219,4046,,,,877,,136703,124097,1138,0,,,,,,54223,,0,998316,4876,,,55157,,998316,4876,,0
9/11/20,AR,A,953,,13,,4678,4678,392,72,,,729375,0,,,729375,597,76,68983,67911,1180,0,,2709,,,,61245,,0,796179,0,,17549,,,,0,796179,0
9/11/20,AS,C,0,,0,,,,,0,,,1571,0,,,,,,0,0,0,0,,,,,,,,0,1571,0,,,,,,0,1571,0
9/11/20,AZ,A+,5288,5014,15,274,21747,21747,577,136,,171,1071901,6169,,,,,100,207523,205642,521,0,,,,,,32472,,0,1909700,14977,275536,,,,1277543,6670,1909700,14977
9/11/20,CA,B,14089,,111,,,,4023,0,,1172,11705469,58343,,,,,,746191,746191,3326,0,,,,,,,,0,12451660,61669,,,,,,0,12451660,61669
9/11/20,CO,A+,1985,1634,6,351,7208,7208,232,22,,,709735,5238,151073,,,,,60492,56378,307,0,11252,,,,,6139,1097985,10786,1097985,10786,162325,,,,766113,5503,,0
9/11/20,CT,B,4480,3595,2,885,11357,11357,51,0,,,1276658,21291,,,,,,54326,52095,233,0,,,,,,9142,,0,1330984,21524,,,,,,0,1328753,21509
9/11/20,DC,A+,616,,0,,,,95,0,,25,306943,2167,,,,,8,14493,,81,0,,,,,,11526,321436,2248,321436,2248,,,,,192235,1239,,0
9/11/20,DE,A+,613,541,0,72,,,66,0,,14,238232,0,,,,,,18466,17475,0,0,,,,,21713,10027,375111,2664,375111,2664,,,,,256698,0,,0
9/11/20,FL,A+,12658,,176,,41494,41494,2815,215,,,4218375,22847,411877,403867,5888216,,,650922,639124,3604,0,34738,,34017,,847950,,6977912,66136,6977912,66136,446669,,437913,,4863570,26463,6775044,44086
9/11/20,GA,A+,6246,,42,,26163,26163,2152,101,4794,,2267538,14067,,,,,,290781,290781,1658,0,22769,,,,265022,,,0,2558319,15725,287173,,,,,0,2558319,15725
9/11/20,GU,A+,23,,2,,,,52,0,,13,41150,378,,,,,,1863,1863,17,0,2,,,,,1118,,0,43013,395,158,,,,,0,43011,395
9/11/20,HI,C,94,,3,,610,610,240,6,,52,236191,7042,,,,,29,10423,10292,169,0,,,,,10240,3176,323497,9914,323497,9914,,,,,246483,7211,329209,9859
9/11/20,IA,A+,1211,,4,,,,281,0,,83,602464,5000,,49276,,,36,71133,71133,728,0,,,3177,1895,,52370,,0,673597,5728,,,52493,15171,675126,5735,,0
9/11/20,ID,A+,407,369,1,37,1551,1551,158,15,407,51,239199,1345,,,,,,34617,31943,307,0,,,,,,17599,,0,271142,1600,,,,,271142,1600,,0
9/11/20,IL,A,8505,8273,44,232,,,1619,0,,359,4374594,54516,,,,,155,259883,257788,2312,0,,,,,,,,0,4634477,56828,,,,,,0,4632382,56661
9/11/20,IN,A+,3420,3196,10,224,11651,11651,809,60,2315,225,1079599,17701,,,,,68,103505,,1262,0,,,,,107792,80738,,0,1747306,27818,,,,,1183104,18963,1747306,27818
9/11/20,KS,A+,511,,16,,2537,2537,140,67,690,40,400544,6540,,,,219,10,48386,,976,0,,,,,,1859,,0,448930,7516,,,,,448930,7516,,0
9/11/20,KY,B,1044,1035,9,9,4862,4862,549,27,1443,124,844986,15267,,,,,,55704,49979,932,0,,,,,,10822,,0,894965,16048,48463,17002,,,,0,894965,16048
9/11/20,LA,A,5202,5032,41,170,,,723,0,,,1880644,26479,,,,,117,157109,156174,755,0,,,,,,140440,,0,2037753,27234,,,,,,0,2036818,27234
9/11/20,MA,A+,9180,8971,14,209,12411,12411,330,10,,60,1803416,18963,,,,,22,123986,122202,440,0,,,,,160811,107501,,0,2905353,52803,,,115893,100148,1925618,19406,2905353,52803
9/11/20,MD,A+,3828,3685,4,143,14756,14756,369,50,,89,1318152,8503,,114639,,,,114724,114724,646,0,,,10638,,136897,7186,,0,2150638,22614,,,125277,,1432876,9149,2150638,22614
9/11/20,ME,A+,134,133,0,1,432,432,10,1,,6,315216,6067,9426,,313267,,5,4792,4317,32,0,503,,,,6013,4191,,0,320008,6099,9943,,,,,0,319533,6097
9/11/20,MI,A+,6900,6578,6,322,,,627,0,,172,2950535,34933,,,2950535,,77,122251,110832,1405,0,,,,,155633,80678,,0,3072786,36338,267328,,,,,0,3106168,36473
9/11/20,MN,A+,1949,1897,13,52,6863,6863,253,33,1938,139,1129844,6592,,,,,,82716,82716,467,0,,,,,,75757,1665328,18367,1665328,18367,,,,,1212560,7059,,0
9/11/20,MO,A,1701,,10,,,,934,0,,,997412,11079,,67655,1327482,,113,99160,99160,1569,0,,,3157,,107727,,,0,1437730,18275,,,70812,,1096572,12648,1437730,18275
9/11/20,MP,C,2,2,0,,4,4,,0,,,14316,0,,,,,,59,59,0,0,,,,,,29,,0,14375,0,,,,,14375,0,18915,0
9/11/20,MS,A+,2670,2489,14,181,5410,5410,545,0,,182,529204,4288,,,,,,89175,83918,853,0,95,,,,,74098,,0,618379,5141,28579,37009,,,,0,613122,4878
9/11/20,MT,B,131,,8,,518,518,142,6,,,265873,1183,,,,,,8785,8785,122,0,,,,,,6795,,0,274658,1305,,,,,,0,274658,1305
9/11/20,NC,A+,3023,3023,33,,,,938,0,,292,2376368,35283,,,,,,182286,182286,1532,0,,,,,,156652,,0,2558654,36815,,,,,,0,2558654,36815
9/11/20,ND,A,163,,0,,630,630,64,6,169,22,200392,543,8611,,,,,14654,14654,241,0,367,,,,,12177,506398,5474,506398,5474,8978,,,,215076,784,523783,5693
9/11/20,NE,A+,430,,9,,2119,2119,178,11,,,356439,3038,,,476686,,,37373,37373,456,0,,,,,45320,28513,,0,523014,5765,,,,,394342,3510,523014,5765
9/11/20,NH,B,434,,0,,720,720,7,1,228,,219671,1585,,,,,,7620,7620,47,0,,,,,,6870,,0,365645,3677,31004,,30325,,227291,1632,365645,3677
9/11/20,NJ,A+,16017,14234,9,1783,22918,22918,483,30,,81,2944898,26658,,,,,36,195888,195888,474,0,,,,,,34345,,0,3140786,27132,,,,,,0,3140786,27132
9/11/20,NM,B,818,,2,,3247,3247,73,9,,,785487,4917,,,,,,26563,26563,134,0,,,,,,14276,,0,812050,5051,,,,,,0,812050,5051
9/11/20,NV,A+,1439,,10,,,,476,0,,165,560476,5703,,,,,102,72806,72806,260,0,,,,,,,905905,7043,905905,7043,,,,,632668,6078,922480,10076
9/11/20,NY,A,25382,,5,,89995,89995,474,0,,120,8699909,88842,,,,,54,442791,442791,880,0,,,,,,75649,9142700,89722,9142700,89722,,,,,,0,,0
9/11/20,OH,A+,4403,4110,49,293,14236,14236,650,72,3081,222,2383887,27622,,,,,131,135326,128297,1240,0,,,,,,113053,,0,2519213,28862,,,,,,0,2512184,28813
9/11/20,OK,A+,888,,12,,5369,5369,509,51,,208,907109,12099,,,907109,,,67642,67642,942,0,3453,,,,78255,57383,,0,974751,13041,73173,,,,,0,987322,13608
9/11/20,OR,A+,499,,2,,2235,2235,161,13,,43,576874,8540,,,887899,,19,28865,27460,211,0,,,,,52442,5310,,0,940341,10448,,,,,604334,8743,940341,10448
9/11/20,PA,A+,7837,,17,,,,491,0,,,1652028,12679,,,,,64,142885,138759,1008,0,,,,,,117165,,0,1794913,13687,,,,,1790787,13635,2474523,0
9/11/20,PR,C,523,359,11,164,,,401,0,,68,305972,0,,,395291,,52,17357,17357,109,0,19224,,,,20103,,,0,323329,109,,,,,,0,415664,0
9/11/20,RI,A+,1071,,4,,2620,2620,80,9,,8,280118,1587,,,583094,,3,22905,22905,123,0,,,,,32589,2201,615683,8777,615683,8777,,,,,303023,1710,,0
9/11/20,SC,A+,3028,2877,53,151,8353,8353,806,58,,220,915430,9563,59741,,875468,,131,129046,126792,2454,0,5737,,,,166754,51431,,0,1044476,12017,65478,,,,,0,1042222,11958
9/11/20,SD,A+,177,,0,,1138,1138,98,18,,,144846,1430,,,,,,16117,,283,0,,,,,,13425,,0,160963,1713,,,,,160963,1713,216422,2762
9/11/20,TN,A+,2025,1957,37,68,7624,7624,965,75,,305,2250520,25717,,,2214968,,141,169859,165009,1622,0,,,,,200561,152674,,0,2420379,27339,,,,,,0,2415529,27211
9/11/20,TX,A+,13997,,144,,,,3465,0,,1198,5197650,32679,,,,,,653356,653356,3547,0,33010,14641,,,774410,568067,,0,5851006,36226,380352,134226,,,,0,5851006,36226
9/11/20,UT,A+,431,,1,,3288,3288,170,15,817,48,646486,4080,,,825887,338,,56675,56675,656,0,,1267,,1192,62225,48021,,0,888112,7977,,10170,,7681,702454,4673,888112,7977
9/11/20,VA,A+,2711,2578,3,133,10155,10155,1120,70,,249,1602407,16470,,,,,120,131640,125703,1115,0,,,,,150703,16143,1728110,17554,1728110,17554,,,,,,0,,0
9/11/20,VI,C,18,18,0,,,,,0,,,16849,181,,,,,,1201,,4,0,,,,,,1124,,0,18050,185,,,,,,0,18066,179
9/11/20,VT,B,58,58,0,,,,4,0,,,145563,1231,,,,,,1668,1667,8,0,,,,,,1493,,0,219155,4902,,,,,147230,1239,219155,4902
9/11/20,WA,B,1991,1991,6,,7018,7018,392,25,,,1535737,16217,,,,,19,81135,80197,536,0,,,,,,,1614748,16761,1614748,16761,,,,,,0,,0
9/11/20,WI,A+,1205,1197,4,8,6263,6263,326,41,1074,97,1254034,8586,,,,,,91625,86250,1443,0,,,,,,75878,1917996,19759,1917996,19759,,,,,1340284,9955,,0
9/11/20,WV,C,263,261,6,2,,,147,0,,56,459617,3844,,,,,20,12174,11900,157,0,,,,,,9062,,0,471791,4001,16244,,,,,0,471517,3991
9/11/20,WY,B,42,,0,,227,227,12,3,,,82091,991,,,133666,,,4264,3605,65,0,,,,,3848,3724,,0,137514,1650,,,,,85696,1037,137514,1650
9/10/20,AK,A,42,42,0,,270,270,42,2,,,387055,1026,,,386481,,10,6022,,114,0,,,,,6316,2351,,0,393077,1140,,,,,,0,393077,1140
9/10/20,AL,B,2301,2176,16,125,15339,15339,834,0,1572,,870173,6191,,,,864,,135565,123267,1148,0,,,,,,54223,,0,993440,6878,,,55417,,993440,6878,,0
9/10/20,AR,A,940,,12,,4606,4606,392,32,,,729375,12402,,,729375,589,79,67803,66804,548,0,,2626,,,,60668,,0,796179,13185,,17021,,,,0,796179,13185
9/10/20,AS,C,0,,0,,,,,0,,,1571,0,,,,,,0,0,0,0,,,,,,,,0,1571,0,,,,,,0,1571,0
9/10/20,AZ,A+,5273,4999,22,274,21611,21611,628,18,,204,1065732,3076,,,,,120,207002,205141,461,0,,,,,,32310,,0,1894723,18254,274713,,,,1270873,3502,1894723,18254
9/10/20,CA,B,13978,,137,,,,4225,0,,1184,11647126,42856,,,,,,742865,742865,3338,0,,,,,,,,0,12389991,46194,,,,,,0,12389991,46194
9/10/20,CO,A+,1979,1629,2,350,7186,7186,240,13,,,704497,4065,150679,,,,,60185,56113,265,0,11227,,,,,6117,1087199,7923,1087199,7923,161906,,,,760610,4312,,0
9/10/20,CT,B,4478,3593,4,885,11357,11357,52,82,,,1255367,16391,,,,,,54093,51877,222,0,,,,,,9142,,0,1309460,16613,,,,,,0,1307244,16602
9/10/20,DC,A+,616,,1,,,,87,0,,20,304776,1503,,,,,9,14412,,25,0,,,,,,11498,319188,1528,319188,1528,,,,,190996,261,,0
9/10/20,DE,A+,613,541,4,72,,,66,0,,14,238232,2570,,,,,,18466,17475,158,0,,,,,21608,10027,372447,1321,372447,1321,,,,,256698,2728,,0
9/10/20,FL,A+,12482,,213,,41279,41279,2896,294,,,4195528,16428,411877,403867,5848754,,,647318,635910,2537,0,34738,,34017,,843542,,6911776,45837,6911776,45837,446669,,437913,,4837107,18929,6730958,33271
9/10/20,GA,A+,6204,,76,,26062,26062,2169,217,4776,,2253471,12979,,,,,,289123,289123,1836,0,22628,,,,263704,,,0,2542594,14815,286202,,,,,0,2542594,14815
9/10/20,GU,A+,21,,0,,,,54,0,,13,40772,435,,,,,,1846,1846,88,0,2,,,,,1081,,0,42618,523,158,,,,,0,42616,523
9/10/20,HI,C,91,,3,,604,604,240,5,,53,229149,1388,,,,,40,10254,10123,98,0,,,,,10069,3120,313583,2710,313583,2710,,,,,239272,1486,319350,2845
9/10/20,IA,A+,1207,,13,,,,302,0,,85,597464,5392,,48908,,,34,70405,70405,902,0,,,3155,1852,,51691,,0,667869,6294,,,52103,14985,669391,6290,,0
9/10/20,ID,A+,406,369,17,37,1536,1536,158,34,406,51,237854,1301,,,,,,34310,31688,329,0,,,,,,17304,,0,269542,1546,,,,,269542,1546,,0
9/10/20,IL,A,8461,8242,28,219,,,1609,0,,346,4320078,47029,,,,,141,257571,255643,1953,0,,,,,,,,0,4577649,48982,,,,,,0,4575721,48982
9/10/20,IN,A+,3410,3186,13,224,11591,11591,833,63,2310,239,1061898,5365,,,,,68,102243,,758,0,,,,,106849,79859,,0,1719488,28205,,,,,1164141,6123,1719488,28205
9/10/20,KS,A+,495,,0,,2470,2470,319,0,677,92,394004,0,,,,218,41,47410,,0,0,,,,,,1817,,0,441414,0,,,,,441414,0,,0
9/10/20,KY,B,1035,1026,22,9,4835,4835,565,58,1440,133,829719,5406,,,,,,54772,49198,795,0,,,,,,10791,,0,878917,6005,47937,16606,,,,0,878917,6005
9/10/20,LA,A,5161,4991,21,170,,,762,0,,,1854165,10093,,,,,125,156354,155419,464,0,,,,,,140440,,0,2010519,10557,,,,,,0,2009584,10557
9/10/20,MA,A+,9166,8957,20,209,12401,12401,355,14,,59,1784453,17526,,,,,21,123546,121759,403,0,,,,,160263,107501,,0,2852550,53965,,,115578,97848,1906212,17889,2852550,53965
9/10/20,MD,A+,3824,3679,8,145,14706,14706,358,34,,92,1309649,7702,,114639,,,,114078,114078,503,0,,,10638,,136095,7166,,0,2128024,18551,,,125277,,1423727,8205,2128024,18551
9/10/20,ME,A+,134,133,0,1,431,431,11,2,,7,309149,4158,9417,,307221,,3,4760,4287,26,0,500,,,,5965,4153,,0,313909,4184,9931,,,,,0,313436,4187
9/10/20,MI,A+,6894,6569,7,325,,,627,0,,172,2915602,32188,,,2915602,,75,120846,109519,983,0,,,,,154093,80678,,0,3036448,33171,266151,,,,,0,3069695,33202
9/10/20,MN,A+,1936,1884,15,52,6830,6830,257,38,1927,138,1123252,927,,,,,,82249,82249,381,0,,,,,,75425,1646961,25787,1646961,25787,,,,,1205501,1308,,0
9/10/20,MO,A,1691,,18,,,,934,0,,,986333,11899,,67498,1310509,,113,97591,97591,1116,0,,,3136,,106440,,,0,1419455,19498,,,70634,,1083924,13015,1419455,19498
9/10/20,MP,C,2,2,0,,4,4,,0,,,14316,832,,,,,,59,59,0,0,,,,,,29,,0,14375,832,,,,,14375,835,18915,1289
9/10/20,MS,A+,2656,2477,33,179,5410,5410,668,0,,177,524916,3083,,,,,101,88322,83328,517,0,95,,,,,74098,,0,613238,3600,28319,36315,,,,0,608244,3468
9/10/20,MT,B,123,,1,,512,512,163,3,,,264690,2008,,,,,,8663,8663,195,0,,,,,,6732,,0,273353,2203,,,,,,0,273353,2203
9/10/20,NC,A+,2990,2990,32,,,,928,0,,291,2341085,30504,,,,,,180754,180754,1222,0,,,,,,156652,,0,2521839,31726,,,,,,0,2521839,31726
9/10/20,ND,A,163,,3,,624,624,62,13,165,21,199849,1000,8611,,,,,14413,14413,335,0,367,,,,,11930,500924,6155,500924,6155,8978,,,,214292,1333,518090,6360
9/10/20,NE,A+,421,,15,,2108,2108,182,19,,,353401,4529,,,471433,,,36917,36917,440,0,,,,,44810,28175,,0,517249,5528,,,,,390832,4980,517249,5528
9/10/20,NH,B,434,,1,,719,719,7,1,228,,218086,2617,,,,,,7573,7573,79,0,,,,,,6867,,0,361968,5788,30956,,30284,,225659,2696,361968,5788
9/10/20,NJ,A+,16008,14225,5,1783,22888,22888,435,34,,62,2918240,22081,,,,,36,195414,195414,424,0,,,,,,34290,,0,3113654,22505,,,,,,0,3113654,22505
9/10/20,NM,B,816,,3,,3238,3238,80,19,,,780570,3737,,,,,,26429,26429,161,0,,,,,,14120,,0,806999,3898,,,,,,0,806999,3898
9/10/20,NV,A+,1429,,17,,,,519,0,,175,554773,2157,,,,,112,72546,72546,288,0,,,,,,,898862,7552,898862,7552,,,,,626590,2438,912404,4953
9/10/20,NY,A,25377,,7,,89995,89995,482,0,,120,8611067,76056,,,,,55,441911,441911,757,0,,,,,,75584,9052978,76813,9052978,76813,,,,,,0,,0
9/10/20,OH,A+,4354,4064,30,290,14164,14164,682,81,3070,231,2356265,18666,,,,,137,134086,127106,1121,0,,,,,,112140,,0,2490351,19787,,,,,,0,2483371,19726
9/10/20,OK,A+,876,,13,,5318,5318,513,65,,195,895010,7403,,,895010,,,66700,66700,771,0,3453,,,,76926,56531,,0,961710,8174,73173,,,,,0,973714,7695
9/10/20,OR,A+,497,,3,,2222,2222,162,7,,40,568334,2728,,,877769,,20,28654,27257,183,0,,,,,52124,5291,,0,929893,5260,,,,,595591,2891,929893,5260
9/10/20,PA,A+,7820,,15,,,,488,0,,,1639349,13709,,,,,60,141877,137803,587,0,,,,,,116339,,0,1781226,14296,,,,,1777152,14271,2474523,24565
9/10/20,PR,C,512,349,12,163,,,421,0,,70,305972,0,,,395291,,57,17248,17248,459,0,19031,,,,20103,,,0,323220,459,,,,,,0,415664,0
9/10/20,RI,A+,1067,,5,,2611,2611,76,7,,5,278531,2193,,,574481,,3,22782,22782,106,0,,,,,32425,2197,606906,8589,606906,8589,,,,,301313,2299,,0
9/10/20,SC,A+,2975,2823,33,152,8295,8295,852,59,,219,905867,14761,59501,,864955,,127,126592,124397,379,0,5680,,,,165309,51431,,0,1032459,15140,65181,,,,,0,1030264,15061
9/10/20,SD,A+,177,,4,,1120,1120,83,11,,,143416,1098,,,,,,15834,,263,0,,,,,,13201,,0,159250,1361,,,,,159250,1361,213660,2256
9/10/20,TN,A+,1988,1923,57,65,7549,7549,1038,105,,309,2224803,23888,,,2189555,,154,168237,163515,1650,0,,,,,198763,151202,,0,2393040,25538,,,,,,0,2388318,25375
9/10/20,TX,A+,13853,,161,,,,3575,0,,1267,5164971,31733,,,,,,649809,649809,4018,0,32735,14525,,,772078,564114,,0,5814780,35751,377901,130917,,,,0,5814780,35751
9/10/20,UT,A+,430,,3,,3273,3273,165,10,814,48,642406,3770,,,818562,337,,56019,56019,346,0,,1230,,1156,61573,47545,,0,880135,6448,,9505,,7287,697781,4284,880135,6448
9/10/20,VA,A+,2708,2575,11,133,10085,10085,1096,77,,255,1585937,15222,,,,,134,130525,124619,1236,0,,,,,149486,16061,1710556,16353,1710556,16353,,,,,,0,,0
9/10/20,VI,C,18,18,0,,,,,0,,,16668,415,,,,,,1197,,6,0,,,,,,1119,,0,17865,421,,,,,,0,17887,428
9/10/20,VT,B,58,58,0,,,,5,0,,,144332,516,,,,,,1660,1659,3,0,,,,,,1480,,0,214253,1353,,,,,145991,519,214253,1353
9/10/20,WA,B,1985,1985,7,,6993,6993,382,27,,,1519520,13626,,,,,29,80599,79694,564,0,,,,,,,1597987,14084,1597987,14084,,,,,,0,,0
9/10/20,WI,A+,1201,1193,10,8,6222,6222,304,49,1068,93,1245448,7275,,,,,,90182,84881,1592,0,,,,,,74834,1898237,23621,1898237,23621,,,,,1330329,8822,,0
9/10/20,WV,C,257,255,3,2,,,141,0,,51,455773,3651,,,,,21,12017,11753,209,0,,,,,,8904,,0,467790,3860,16206,,,,,0,467526,3840
9/10/20,WY,B,42,,0,,224,224,12,3,,,81100,416,,,132067,,,4199,3559,48,0,,,,,3797,3553,,0,135864,2492,,,,,84659,455,135864,2492
9/9/20,AK,A,42,42,0,,268,268,40,3,,,386029,216,,,385352,,10,5908,,65,0,,,,,6305,2340,,0,391937,281,,,,,,0,391937,281
9/9/20,AL,B,2285,2161,8,124,15339,15339,857,202,1551,,863982,5193,,,,854,,134417,122580,811,0,,,,,,54223,,0,986562,5894,,,55320,,986562,5894,,0
9/9/20,AR,A,928,,11,,4574,4574,411,50,,,716973,0,,,716973,586,82,67255,66406,498,0,,2556,,,,59920,,0,782994,0,,16591,,,,0,782994,0
9/9/20,AS,C,0,,0,,,,,0,,,1571,0,,,,,,0,0,0,0,,,,,,,,0,1571,0,,,,,,0,1571,0
9/9/20,AZ,A+,5251,4978,30,273,21593,21593,658,71,,203,1062656,2102,,,,,111,206541,204715,496,0,,,,,,32151,,0,1876469,18766,274100,,,,1267371,2578,1876469,18766
9/9/20,CA,B,13841,,83,,,,4425,0,,1233,11604270,74233,,,,,,739527,739527,1616,0,,,,,,,,0,12343797,75849,,,,,,0,12343797,75849
9/9/20,CO,A+,1977,1627,4,350,7173,7173,226,12,,,700432,2865,150319,,,,,59920,55866,246,0,11199,,,,,6102,1079276,5297,1079276,5297,161518,,,,756298,3089,,0
9/9/20,CT,B,4474,3589,0,885,11275,11275,57,0,,,1238976,5871,,,,,,53871,51666,89,0,,,,,,9049,,0,1292847,5960,,,,,,0,1290642,5943
9/9/20,DC,A+,615,,4,,,,93,0,,21,303273,1037,,,,,11,14387,,25,0,,,,,,11452,317660,1062,317660,1062,,,,,190735,419,,0
9/9/20,DE,A+,609,537,0,72,,,53,0,,12,235662,0,,,,,,18308,17317,0,0,,,,,21561,9920,371126,2572,371126,2572,,,,,253970,0,,0
9/9/20,FL,A+,12269,,202,,40985,40985,3077,324,,,4179100,12319,411877,403867,5818991,,,644781,633787,2006,0,34738,,34017,,840250,,6865939,38874,6865939,38874,446669,,437913,,4818178,14244,6697687,29996
9/9/20,GA,A+,6128,,58,,25845,25845,2099,256,4736,,2240492,14016,,,,,,287287,287287,1937,0,22584,,,,262647,,,0,2527779,15953,285881,,,,,0,2527779,15953
9/9/20,GU,A+,21,,2,,,,57,0,,13,40337,638,,,,,,1758,1758,45,0,2,,,,,1042,,0,42095,683,158,,,,,0,42093,683
9/9/20,HI,C,88,,2,,599,599,257,1,,47,227761,708,,,,,29,10156,10025,197,0,,,,,9964,3063,310873,1244,310873,1244,,,,,237786,774,316505,1314
9/9/20,IA,A+,1194,,14,,,,322,0,,83,592072,2234,,48499,,,37,69503,69503,364,0,,,3149,1762,,51014,,0,661575,2598,,,51688,14539,663101,2604,,0
9/9/20,ID,A+,389,353,4,36,1502,1502,114,34,399,35,236553,1056,,,,,,33981,31443,240,0,,,,,,16956,,0,267996,1254,,,,,267996,1254,,0
9/9/20,IL,A,8433,8214,28,219,,,1580,0,,357,4273049,46692,,,,,133,255618,253690,1337,0,,,,,,,,0,4528667,48029,,,,,,0,4526739,48029
9/9/20,IN,A+,3397,3173,17,224,11528,11528,763,61,2304,229,1056533,6450,,,,,70,101485,,705,0,,,,,105870,78925,,0,1691283,31600,,,,,1158018,7155,1691283,31600
9/9/20,KS,A+,495,,10,,2470,2470,319,29,677,92,394004,4232,,,,218,41,47410,,496,0,,,,,,1817,,0,441414,4728,,,,,441414,4728,,0
9/9/20,KY,B,1013,1004,16,9,4777,4777,558,47,1427,153,824313,6982,,,,,,53977,48599,658,0,,,,,,10725,,0,872912,7440,47912,16329,,,,0,872912,7440
9/9/20,LA,A,5140,4970,22,170,,,782,0,,,1844072,30047,,,,,123,155890,154955,1561,0,,,,,,140440,,0,1999962,31608,,,,,,0,1999027,31569
9/9/20,MA,A+,9146,8937,5,209,12387,12387,338,19,,49,1766927,11168,,,,,21,123143,121396,181,0,,,,,159836,107501,,0,2798585,40201,,,115319,95385,1888323,11350,2798585,40201
9/9/20,MD,A+,3816,3672,9,144,14672,14672,370,36,,95,1301947,4588,,114639,,,,113575,113575,336,0,,,10638,,135426,7157,,0,2109473,9911,,,125277,,1415522,4924,2109473,9911
9/9/20,ME,A+,134,133,0,1,429,429,9,0,,7,304991,6998,9395,,303080,,3,4734,4258,21,0,499,,,,5920,4135,,0,309725,7019,9907,,,,,0,309249,7012
9/9/20,MI,A+,6887,6552,76,335,,,616,0,,158,2883414,22232,,,2883414,,70,119863,108595,961,0,,,,,153079,80678,,0,3003277,23193,265430,,,,,0,3036493,23137
9/9/20,MN,A+,1921,1869,7,52,6792,6792,263,32,1914,137,1122325,2063,,,,,,81868,81868,260,0,,,,,,75055,1621174,4436,1621174,4436,,,,,1204193,2323,,0
9/9/20,MO,A,1673,,12,,,,934,0,,,974434,8317,,67155,1291761,,113,96475,96475,1362,0,,,3112,,105700,,,0,1399957,12678,,,70267,,1070909,9679,1399957,12678
9/9/20,MP,C,2,2,0,,4,4,,0,,,13484,0,,,,,,59,59,0,0,,,,,,29,,0,13543,0,,,,,13540,0,17626,0
9/9/20,MS,A+,2623,2447,38,176,5410,5410,683,0,,185,521833,2751,,,,,111,87805,82943,426,0,95,,,,,74098,,0,609638,3177,28071,35351,,,,0,604776,3010
9/9/20,MT,B,122,,3,,509,509,163,7,,,262682,2283,,,,,,8468,8468,87,0,,,,,,6318,,0,271150,2370,,,,,,0,271150,2370
9/9/20,NC,A+,2958,2958,49,,,,916,0,,296,2310581,19239,,,,,,179532,179532,897,0,,,,,,156652,,0,2490113,20136,,,,,,0,2490113,20136
9/9/20,ND,A,160,,0,,611,611,53,7,163,18,198849,592,8559,,,,,14078,14078,236,0,359,,,,,11733,494769,3027,494769,3027,8918,,,,212959,830,511730,3175
9/9/20,NE,A+,406,,2,,2089,2089,179,10,,,348872,6547,,,466326,,,36477,36477,502,0,,,,,44393,28051,,0,511721,11552,,,,,385852,7059,511721,11552
9/9/20,NH,B,433,,0,,718,718,7,0,227,,215469,0,,,,,,7494,7494,0,0,,,,,,6825,,0,356180,0,30824,,30164,,222963,0,356180,0
9/9/20,NJ,A+,16003,14220,8,1783,22854,22854,423,42,,63,2896159,20080,,,,,31,194990,194990,323,0,,,,,,34255,,0,3091149,20403,,,,,,0,3091149,20403
9/9/20,NM,B,813,,6,,3219,3219,77,17,,,776833,3341,,,,,,26268,26268,87,0,,,,,,13928,,0,803101,3428,,,,,,0,803101,3428
9/9/20,NV,A+,1412,,19,,,,552,0,,164,552616,668,,,,,110,72258,72258,154,0,,,,,,,891310,10917,891310,10917,,,,,624152,757,907451,1926
9/9/20,NY,A,25370,,3,,89995,89995,463,0,,121,8535011,62654,,,,,59,441154,441154,576,0,,,,,,75539,8976165,63230,8976165,63230,,,,,,0,,0
9/9/20,OH,A+,4324,4034,26,290,14083,14083,700,116,3054,230,2337599,20046,,,,,141,132965,126046,973,0,,,,,,111201,,0,2470564,21019,,,,,,0,2463645,20948
9/9/20,OK,A+,863,,9,,5253,5253,462,116,,202,887607,27521,,,887607,,,65929,65929,876,0,3453,,,,76064,55405,,0,953536,28397,73173,,,,,0,966019,26519
9/9/20,OR,A+,494,,8,,2215,2215,147,9,,31,565606,2462,,,872704,,18,28471,27094,116,0,,,,,51929,5277,,0,924633,5220,,,,,592700,2568,924633,5220
9/9/20,PA,A+,7805,,14,,,,492,0,,,1625640,10923,,,,,60,141290,137241,931,0,,,,,,115857,,0,1766930,11854,,,,,1762881,11819,2449958,18823
9/9/20,PR,C,500,337,18,163,,,400,0,,71,305972,0,,,395291,,56,16789,16789,1,0,18718,,,,20103,,,0,322761,1,,,,,,0,415664,0
9/9/20,RI,A+,1062,,3,,2604,2604,82,15,,4,276338,7491,,,566014,,3,22676,22676,84,0,,,,,32303,2185,598317,15705,598317,15705,,,,,299014,7575,,0
9/9/20,SC,A+,2942,2800,30,142,8236,8236,801,54,,224,891106,2863,59407,,852696,,133,126213,124097,305,0,5647,,,,162507,51431,,0,1017319,3168,65054,,,,,0,1015203,3159
9/9/20,SD,A+,173,,0,,1109,1109,76,15,,,142318,1035,,,,,,15571,,168,0,,,,,,12964,,0,157889,1203,,,,,157889,1203,211404,1895
9/9/20,TN,A+,1931,1875,35,56,7444,7444,1056,89,,328,2200915,15678,,,2165995,,145,166587,162028,833,0,,,,,196948,149698,,0,2367502,16511,,,,,,0,2362943,16362
9/9/20,TX,A+,13692,,139,,,,3604,0,,1347,5133238,38448,,,,,,645791,645791,4000,0,32352,14404,,,769672,558894,,0,5779029,42448,374319,128145,,,,0,5779029,42448
9/9/20,UT,A+,427,,3,,3263,3263,137,21,812,45,638636,2636,,,812663,336,,55673,55673,314,0,,1190,,1119,61024,47084,,0,873687,4213,,8762,,6758,693497,2977,873687,4213
9/9/20,VA,A+,2697,2564,11,133,10008,10008,1072,76,,252,1570715,9378,,,,,121,129289,123488,882,0,,,,,148183,15967,1694203,10155,1694203,10155,,,,,,0,,0
9/9/20,VI,C,18,18,0,,,,,0,,,16253,0,,,,,,1191,,0,0,,,,,,1070,,0,17444,0,,,,,,0,17459,0
9/9/20,VT,B,58,58,0,,,,5,0,,,143816,379,,,,,,1657,1656,5,0,,,,,,1468,,0,212900,1400,,,,,145472,384,212900,1400
9/9/20,WA,B,1978,1978,25,,6966,6966,358,106,,,1505894,20076,,,,,34,80035,79157,219,0,,,,,,,1583903,20850,1583903,20850,,,,,,0,,0
9/9/20,WI,A+,1191,1183,15,8,6173,6173,302,55,1058,86,1238173,8014,,,,,,88590,83334,913,0,,,,,,73964,1874616,9740,1874616,9740,,,,,1321507,8871,,0
9/9/20,WV,C,254,252,4,2,,,147,0,,55,452122,1023,,,,,27,11808,11564,147,0,,,,,,8748,,0,463930,1170,16142,,,,,0,463686,1139
9/9/20,WY,B,42,,0,,221,221,12,2,,,80684,3318,,,129623,,,4151,3520,48,0,,,,,3749,3484,,0,133372,2107,,,,,84204,3355,133372,2107
9/8/20,AK,A,42,42,0,,265,265,41,5,,,385813,3002,,,385074,,8,5843,,33,0,,,,,6302,2339,,0,391656,3035,,,,,,0,391656,3035
9/8/20,AL,B,2277,2153,1,124,15137,15137,778,223,1538,,858789,3767,,,,848,,133606,121879,633,0,,,,,,51154,,0,980668,4172,,,55234,,980668,4172,,0
9/8/20,AR,A,917,,9,,4524,4524,409,38,,,716973,10440,,,716973,579,84,66757,66021,477,0,,2442,,,,59260,,0,782994,11084,,15892,,,,0,782994,11084
9/8/20,AS,C,0,,0,,,,,0,,,1571,57,,,,,,0,0,0,0,,,,,,,,0,1571,57,,,,,,0,1571,57
9/8/20,AZ,A+,5221,4947,2,274,21522,21522,657,-3,,212,1060554,3121,,,,,112,206045,204239,81,0,,,,,,32003,,0,1857703,4585,273717,,,,1264793,3203,1857703,4585
9/8/20,CA,B,13758,,32,,,,4297,0,,1217,11530037,106980,,,,,,737911,737911,2676,0,,,,,,,,0,12267948,109656,,,,,,0,12267948,109656
9/8/20,CO,A+,1973,1623,0,350,7161,7161,218,19,,,697567,2735,150102,,,,,59674,55642,187,0,11175,,,,,6093,1073979,4373,1073979,4373,161277,,,,753209,2919,,0
9/8/20,CT,B,4474,3589,6,885,11275,11275,50,0,,,1233105,48812,,,,,,53782,51594,417,0,,,,,,9049,,0,1286887,49229,,,,,,0,1284699,49185
9/8/20,DC,A+,611,,0,,,,85,0,,21,302236,2836,,,,,7,14362,,47,0,,,,,,11414,316598,2883,316598,2883,,,,,190316,1049,,0
9/8/20,DE,A+,609,537,0,72,,,53,0,,12,235662,1309,,,,,,18308,17317,59,0,,,,,21504,9920,368554,2583,368554,2583,,,,,253970,1368,,0
9/8/20,FL,A+,12067,,44,,40661,40661,3155,114,,,4166781,13366,411877,403867,5792121,,,642775,632146,1797,0,34738,,34017,,837246,,6827065,36334,6827065,36334,446669,,437913,,4803934,15153,6667691,25630
9/8/20,GA,A+,6070,,26,,25589,25589,2215,51,4698,,2226476,21442,,,,,,285350,285350,1543,0,22532,,,,261567,,,0,2511826,22985,285478,,,,,0,2511826,22985
9/8/20,GU,A+,19,,1,,,,54,0,,14,39699,629,,,,,,1713,1713,42,0,2,,,,,951,,0,41412,671,158,,,,,0,41410,1300
9/8/20,HI,C,86,,1,,598,598,265,1,,50,227053,2005,,,,,37,9959,,104,0,,,,,9903,3028,309629,3159,309629,3159,,,,,237012,2109,315191,3230
9/8/20,IA,A+,1180,,12,,,,326,0,,92,589838,2676,,48289,,,37,69139,69139,455,0,,,3130,1726,,50466,,0,658977,3131,,,51459,14126,660497,3134,,0
9/8/20,ID,A+,385,349,0,36,1468,1468,114,2,394,35,235497,975,,,,,,33741,31245,74,0,,,,,,16760,,0,266742,1039,,,,,266742,1039,,0
9/8/20,IL,A,8405,8186,7,219,,,1504,0,,343,4226357,29971,,,,,133,254281,252353,1392,0,,,,,,,,0,4480638,31363,,,,,,0,4478710,31363
9/8/20,IN,A+,3380,3156,12,224,11467,11467,839,57,2284,246,1050083,3905,,,,,65,100780,,386,0,,,,,104565,77939,,0,1659683,5981,,,,,1150863,4291,1659683,5981
9/8/20,KS,A+,485,,0,,2441,2441,177,0,669,51,389772,0,,,,214,25,46914,,0,0,,,,,,1796,,0,436686,0,,,,,436686,0,,0
9/8/20,KY,B,997,988,1,9,4730,4730,510,2,1417,130,817331,1162,,,,,,53319,48141,255,0,,,,,,10665,,0,865472,1347,47877,15863,,,,0,865472,1347
9/8/20,LA,A,5118,4955,13,163,,,799,0,,,1814025,3869,,,,,131,154329,153433,256,0,,,,,,134432,,0,1968354,4125,,,,,,0,1967458,4125
9/8/20,MA,A+,9141,8933,8,208,12368,12368,328,11,,47,1755759,9271,,,,,24,122962,121214,171,0,,,,,159560,105769,,0,2758384,30231,,,115057,94986,1876973,9439,2758384,30231
9/8/20,MD,A+,3807,3663,3,144,14636,14636,365,33,,102,1297359,5053,,111730,,,,113239,113239,356,0,,,10303,,135007,7142,,0,2099562,12953,,,122033,,1410598,5409,2099562,12953
9/8/20,ME,A+,134,133,0,1,429,429,7,2,,6,297993,2662,9394,,296094,,2,4713,4244,12,0,499,,,,5895,4086,,0,302706,2674,9906,,,,,0,302237,2676
9/8/20,MI,A+,6811,6539,1,272,,,616,0,,158,2861182,16907,,,2861182,,76,118902,107812,499,0,,,,,152174,80678,,0,2980084,17406,264994,,,,,0,3013356,17470
9/8/20,MN,A+,1914,1862,2,52,6760,6760,257,17,1903,135,1120262,3812,,,,,,81608,81608,383,0,,,,,,74235,1616738,7120,1616738,7120,,,,,1201870,4195,,0
9/8/20,MO,A,1661,,2,,,,934,0,,,966117,6072,,67075,1280117,,113,95113,95113,773,0,,,3102,,104695,,,0,1387279,8636,,,70177,,1061230,6845,1387279,8636
9/8/20,MP,C,2,2,0,,4,4,,0,,,13484,0,,,,,,59,59,1,0,,,,,,29,,0,13543,1,,,,,13540,0,17626,0
9/8/20,MS,A+,2585,2417,0,168,5410,5410,758,84,,186,519082,8161,,,,,111,87379,82684,249,0,95,,,,,74098,,0,606461,8410,27730,34497,,,,0,601766,8935
9/8/20,MT,B,119,,1,,502,502,161,4,,,260399,1590,,,,,,8381,8381,65,0,,,,,,6270,,0,268780,1655,,,,,,0,268780,1655
9/8/20,NC,A+,2909,2909,12,,,,827,0,,262,2291342,9679,,,,,,178635,178635,716,0,,,,,,156652,,0,2469977,10395,,,,,,0,2469977,10395
9/8/20,ND,A,160,,0,,604,604,63,2,162,19,198257,160,8559,,,,,13842,13842,74,0,359,,,,,11452,491742,1374,491742,1374,8918,,,,212129,454,508555,1431
9/8/20,NE,A+,404,,0,,2079,2079,172,11,,,342325,750,,,455426,,,35975,35975,89,0,,,,,43743,27921,,0,500169,1033,,,,,378793,854,500169,1033
9/8/20,NH,B,433,,0,,718,718,7,0,227,,215469,646,,,,,,7494,7494,18,0,,,,,,6825,,0,356180,2110,30824,,30164,,222963,664,356180,2110
9/8/20,NJ,A+,15995,14213,5,1782,22812,22812,419,10,,82,2876079,15941,,,,,33,194667,194667,277,0,,,,,,34226,,0,3070746,16218,,,,,,0,3070746,16218
9/8/20,NM,B,807,,0,,3202,3202,68,7,,,773492,4389,,,,,,26181,26181,37,0,,,,,,13701,,0,799673,4426,,,,,,0,799673,4426
9/8/20,NV,A+,1393,,0,,,,538,0,,170,551948,1273,,,,,107,72104,72104,137,0,,,,,,,880393,2580,880393,2580,,,,,623395,1405,905525,2724
9/8/20,NY,A,25367,,6,,89995,89995,445,0,,114,8472357,57269,,,,,52,440578,440578,557,0,,,,,,75503,8912935,57826,8912935,57826,,,,,,0,,0
9/8/20,OH,A+,4298,4009,22,289,13967,13967,687,80,3042,238,2317553,22875,,,,,132,131992,125144,656,0,,,,,,110279,,0,2449545,23531,,,,,,0,2442697,23505
9/8/20,OK,A+,854,,1,,5137,5137,472,24,,208,860086,0,,,860086,,,65053,65053,833,0,3453,,,,73487,54269,,0,925139,833,73173,,,,,0,939500,0
9/8/20,OR,A+,486,,4,,2206,2206,153,45,,44,563144,3168,,,867646,,21,28355,26988,165,0,,,,,51767,5252,,0,919413,5348,,,,,590132,14536,919413,5348
9/8/20,PA,A+,7791,,11,,,,514,0,,,1614717,6339,,,,,63,140359,136345,496,0,,,,,,113690,,0,1755076,6835,,,,,1751062,6822,2431135,13516
9/8/20,PR,C,482,319,5,163,,,380,0,,81,305972,0,,,395291,,66,16788,16788,96,0,18716,,,,20103,,,0,322760,96,,,,,,0,415664,0
9/8/20,RI,A+,1059,,0,,2589,2589,73,0,,5,268847,390,,,550797,,3,22592,22592,20,0,,,,,31815,2179,582612,1438,582612,1438,,,,,291439,410,,0
9/8/20,SC,A+,2912,2772,5,140,8182,8182,766,11,,213,888243,4140,59336,,849997,,118,125908,123801,301,0,5645,,,,162047,51431,,0,1014151,4441,64981,,,,,0,1012044,4389
9/8/20,SD,A+,173,,0,,1094,1094,68,10,,,141283,490,,,,,,15403,,103,0,,,,,,12551,,0,156686,593,,,,,156686,593,209509,686
9/8/20,TN,A+,1896,1843,27,53,7355,7355,983,43,,301,2185237,5565,,,2150669,,138,165754,161344,645,0,,,,,195912,148165,,0,2350991,6210,,,,,,0,2346581,6201
9/8/20,TX,A+,13553,,61,,,,3701,0,,1322,5094790,11514,,,,,,641791,641791,1421,0,32328,14186,,,767049,553409,,0,5736581,12935,374045,123384,,,,0,5736581,12935
9/8/20,UT,A+,424,,1,,3242,3242,140,17,803,41,636000,2228,,,808827,334,,55359,55359,326,0,,1165,,1094,60647,46722,,0,869474,3435,,7805,,6251,690520,2552,869474,3435
9/8/20,VA,A+,2686,2553,2,133,9932,9932,1051,30,,240,1561337,6810,,,,,118,128407,122711,836,0,,,,,147187,15770,1684048,7602,1684048,7602,,,,,,0,,0
9/8/20,VI,C,18,18,1,,,,,0,,,16253,23,,,,,,1191,,1,0,,,,,,1070,,0,17444,24,,,,,,0,17459,24
9/8/20,VT,B,58,58,0,,,,4,0,,,143437,672,,,,,,1652,1651,2,0,,,,,,1465,,0,211500,1013,,,,,145088,674,211500,1013
9/8/20,WA,B,1953,1953,0,,6860,6860,376,0,,,1485818,0,,,,,37,79816,78949,163,0,,,,,,,1563053,0,1563053,0,,,,,,0,,0
9/8/20,WI,A+,1176,1168,0,8,6118,6118,297,29,1052,88,1230159,3366,,,,,,87677,82477,749,0,,,,,,73122,1864876,11140,1864876,11140,,,,,1312636,4083,,0
9/8/20,WV,C,250,248,3,2,,,152,0,,57,451099,909,,,,,26,11661,11448,86,0,,,,,,8626,,0,462760,995,16139,,,,,0,462547,989
9/8/20,WY,A,42,,0,,219,219,17,0,,,77366,3054,,,127555,,,4103,3483,71,0,,,,,3710,3451,,0,131265,2248,,,,,80849,3164,131265,2248
9/7/20,AK,A,42,42,0,,260,260,36,4,,,382811,1530,,,382106,,8,5810,,34,0,,,,,6236,2323,,0,388621,1564,,,,,,0,388621,1564
9/7/20,AL,B,2276,2152,0,124,14914,14914,858,0,1537,,855022,3028,,,,848,,132973,121474,659,0,,,,,,51154,,0,976496,3687,,,55192,,976496,3687,,0
9/7/20,AR,A,908,,14,,4486,4486,399,24,,,706533,5812,,,706533,571,74,66280,65727,1054,0,,2414,,,,58757,,0,771910,6499,,15661,,,,0,771910,6499
9/7/20,AS,C,0,,0,,,,,0,,,1514,0,,,,,,0,0,0,0,,,,,,,,0,1514,0,,,,,,0,1514,0
9/7/20,AZ,A+,5219,4945,-2,274,21525,21525,658,-2,,221,1057433,4181,,,,,119,205964,204157,198,0,,,,,,31866,,0,1853118,4350,273150,,,,1261590,4369,1853118,4350
9/7/20,CA,B,13726,,17,,,,4285,0,,1244,11423057,108010,,,,,,735235,735235,3091,0,,,,,,,,0,12158292,111101,,,,,,0,12158292,111101
9/7/20,CO,A+,1973,1623,1,350,7142,7142,237,4,,,694832,5645,149940,,,,,59487,55458,213,0,11166,,,,,6074,1069606,10049,1069606,10049,161106,,,,750290,5847,,0
9/7/20,CT,B,4468,3583,0,885,11275,11275,58,0,,,1184293,0,,,,,,53365,51221,0,0,,,,,,9049,,0,1237658,0,,,,,,0,1235514,0
9/7/20,DC,A+,611,,0,,,,85,0,,23,299400,2169,,,,,10,14315,,36,0,,,,,,11366,313715,2205,313715,2205,,,,,189267,1648,,0
9/7/20,DE,A+,609,537,0,72,,,53,0,,14,234353,1613,,,,,,18249,17259,206,0,,,,,21426,9847,365971,4972,365971,4972,,,,,252602,1819,,0
9/7/20,FL,A+,12023,,22,,40547,40547,3157,60,,,4153415,15076,411877,403867,5769019,,,640978,630479,1812,0,34738,,34017,,834866,,6790731,40794,6790731,40794,446669,,437913,,4788781,37801,6642061,29358
9/7/20,GA,A+,6044,,7,,25538,25538,2214,15,4687,,2205034,8665,,,,,,283807,283807,608,0,22365,,,,259641,,,0,2488841,9273,284452,,,,,0,2488841,9273
9/7/20,GU,A+,18,,2,,,,57,0,,14,39070,0,,,,,,1671,1671,0,0,2,,,,,744,,0,40741,0,158,,,,,0,40110,0
9/7/20,HI,C,85,,1,,597,597,265,5,,50,225048,4945,,,,,37,9855,,162,0,,,,,9802,2991,306470,6899,306470,6899,,,,,234903,5107,311961,6735
9/7/20,IA,A+,1168,,3,,,,311,0,,99,587162,2516,,48279,,,35,68684,68684,393,0,,,3126,1719,,49884,,0,655846,2909,,,51445,14069,657363,2927,,0
9/7/20,ID,A+,385,349,1,36,1466,1466,151,0,394,50,234522,827,,,,,,33667,31181,190,0,,,,,,16554,,0,265703,1009,,,,,265703,1009,,0
9/7/20,IL,A,8398,8179,8,219,,,1484,0,,352,4196386,27594,,,,,137,252889,250961,1381,0,,,,,,,,0,4449275,28975,,,,,,0,4447347,28975
9/7/20,IN,A+,3368,3144,4,224,11410,11410,771,45,2278,236,1046178,7114,,,,,63,100394,,590,0,,,,,104226,77015,,0,1653702,4676,,,,,1146572,7704,1653702,4676
9/7/20,KS,A+,485,,4,,2441,2441,177,26,669,51,389772,7787,,,,214,25,46914,,1694,0,,,,,,1796,,0,436686,9481,,,,,436686,9481,,0
9/7/20,KY,B,996,987,0,9,4728,4728,503,15,1416,130,816169,-3186,,,,,,53064,47956,290,0,,,,,,10648,,0,864125,-2717,47833,15861,,,,0,864125,-2717
9/7/20,LA,A,5105,4942,12,163,,,787,0,,,1810156,4676,,,,,124,154073,153177,309,0,,,,,,134432,,0,1964229,4985,,,,,,0,1963333,4985
9/7/20,MA,A+,9133,8925,8,208,12357,12357,322,7,,56,1746488,9648,,,,,20,122791,121046,229,0,,,,,159337,105769,,0,2728153,23641,,,115013,93223,1867534,9870,2728153,23641
9/7/20,MD,A+,3804,3660,5,144,14603,14603,362,30,,109,1292306,11101,,111730,,,,112883,112883,764,0,,,10303,,134549,7112,,0,2086609,22370,,,122033,,1405189,11865,2086609,22370
9/7/20,ME,A+,134,133,0,1,427,427,8,3,,3,295331,3159,9392,,293439,,2,4701,4230,19,0,499,,,,5874,4076,,0,300032,3178,9904,,,,,0,299561,3179
9/7/20,MI,A+,6810,6538,4,272,,,616,0,,158,2844275,42464,,,2844275,,71,118403,107371,1212,0,,,,,151611,80678,,0,2962678,43676,264881,,,,,0,2995886,44071
9/7/20,MN,A+,1912,1860,3,52,6743,6743,275,24,1898,136,1116450,8744,,,,,,81225,81225,638,0,,,,,,73403,1609618,14979,1609618,14979,,,,,1197675,9382,,0
9/7/20,MO,A,1659,,1,,,,934,0,,,960045,7636,,67071,1272326,,113,94340,94340,906,0,,,3087,,103847,,,0,1378643,10058,,,70158,,1054385,8542,1378643,10058
9/7/20,MP,C,2,2,0,,4,4,,0,,,13484,0,,,,,,58,58,0,0,,,,,,29,,0,13542,0,,,,,13540,0,17626,0
9/7/20,MS,A+,2585,2417,1,168,5326,5326,758,0,,186,510921,0,,,,,111,87130,82457,242,0,95,,,,,67918,,0,598051,242,27468,33480,,,,0,592831,0
9/7/20,MT,B,118,,1,,498,498,163,12,,,258809,5047,,,,,,8316,8316,52,0,,,,,,6246,,0,267125,5099,,,,,,0,267125,5099
9/7/20,NC,A+,2897,2897,7,,,,765,0,,248,2281663,15614,,,,,,177919,177919,1018,0,,,,,,156652,,0,2459582,16632,,,,,,0,2459582,16632
9/7/20,ND,A,160,,0,,602,602,68,4,162,19,198097,729,8554,,,,,13768,13768,169,0,359,,,,,11080,490368,2082,490368,2082,8913,,,,211675,918,507124,2339
9/7/20,NE,A+,404,,0,,2068,2068,175,3,,,341575,552,,,454475,,,35886,35886,81,0,,,,,43661,27710,,0,499136,1298,,,,,377939,649,499136,1298
9/7/20,NH,B,433,,0,,718,718,7,0,227,,214823,1608,,,,,,7476,7476,29,0,,,,,,6805,,0,354070,3542,30822,,30163,,222299,1637,354070,3542
9/7/20,NJ,A+,15990,14208,2,1782,22802,22802,389,6,,79,2860138,51889,,,,,29,194390,194390,332,0,,,,,,34202,,0,3054528,52221,,,,,,0,3054528,52221
9/7/20,NM,B,807,,4,,3195,3195,65,9,,,769103,3374,,,,,,26144,26144,37,0,,,,,,13604,,0,795247,3411,,,,,,0,795247,3411
9/7/20,NV,A+,1393,,4,,,,597,0,,184,550675,2803,,,,,114,71967,71967,357,0,,,,,,,877813,1458,877813,1458,,,,,621990,3140,902801,6485
9/7/20,NY,A,25361,,2,,89995,89995,413,0,,115,8415088,58345,,,,,57,440021,440021,520,0,,,,,,75471,8855109,58865,8855109,58865,,,,,,0,,0
9/7/20,OH,A+,4276,3987,17,289,13887,13887,686,46,3034,244,2294678,21001,,,,,135,131336,124514,778,0,,,,,,108578,,0,2426014,21779,,,,,,0,2419192,21712
9/7/20,OK,A+,853,,0,,5113,5113,472,8,,208,860086,0,,,860086,,,64220,64220,613,0,3453,,,,73487,53414,,0,924306,613,73173,,,,,0,939500,0
9/7/20,OR,A+,482,,1,,2161,2161,147,0,,45,559976,2595,,,862454,,23,28190,26268,146,0,,,,,51611,5198,,0,914065,4913,,,,,575596,0,914065,4913
9/7/20,PA,A+,7780,,20,,,,496,0,,,1608378,9079,,,,,57,139863,135862,547,0,,,,,,114687,,0,1748241,9626,,,,,1744240,9617,2417619,17799
9/7/20,PR,C,477,317,0,160,,,372,0,,81,305972,0,,,395291,,72,16692,16692,423,0,18683,,,,20103,,,0,322664,423,,,,,,0,415664,0
9/7/20,RI,A+,1059,,1,,2589,2589,73,2,,5,268457,1768,,,549388,,3,22572,22572,53,0,,,,,31786,2179,581174,4011,581174,4011,,,,,291029,1821,,0
9/7/20,SC,A+,2907,2767,20,140,8171,8171,787,27,,208,884103,7830,59288,,846187,,129,125607,123552,655,0,5641,,,,161468,51431,,0,1009710,8485,64929,,,,,0,1007655,8438
9/7/20,SD,A+,173,,0,,1084,1084,78,5,,,140793,801,,,,,,15300,,191,0,,,,,,12235,,0,156093,992,,,,,156093,992,208823,973
9/7/20,TN,A+,1869,1818,4,51,7312,7312,953,16,,296,2179672,12599,,,2145354,,130,165109,160708,983,0,,,,,195026,146213,,0,2344781,13582,,,,,,0,2340380,13512
9/7/20,TX,A+,13492,,20,,,,3537,0,,1322,5083276,11438,,,,,,640370,640370,2060,0,32006,14072,,,766091,543412,,0,5723646,13498,371102,122333,,,,0,5723646,13498
9/7/20,UT,A+,423,,1,,3225,3225,152,18,802,49,633772,2509,,,805728,334,,55033,55033,373,0,,1145,,1074,60311,46468,,0,866039,3832,,7605,,6124,687968,2792,866039,3832
9/7/20,VA,A+,2684,2551,6,133,9902,9902,1061,21,,249,1554527,11369,,,,,119,127571,121919,645,0,,,,,146610,15742,1676446,11971,1676446,11971,,,,,,0,,0
9/7/20,VI,C,17,17,0,,,,,0,,,16230,86,,,,,,1190,,9,0,,,,,,1069,,0,17420,95,,,,,,0,17435,95
9/7/20,VT,B,58,58,0,,,,2,0,,,142765,1843,,,,,,1650,1649,4,0,,,,,,1465,,0,210487,5519,,,,,144414,1846,210487,5519
9/7/20,WA,B,1953,1953,0,,6860,6860,384,18,,,1485818,12177,,,,,37,79653,78795,304,0,,,,,,,1563053,12576,1563053,12576,,,,,,0,,0
9/7/20,WI,A+,1176,1168,0,8,6089,6089,289,19,1052,91,1226793,4899,,,,,,86928,81760,575,0,,,,,,72478,1853736,11939,1853736,11939,,,,,1308553,5466,,0
9/7/20,WV,C,247,245,1,2,,,149,0,,55,450190,3224,,,,,25,11575,11368,163,0,,,,,,8581,,0,461765,3387,16139,,,,,0,461558,3378
9/7/20,WY,A,42,,0,,219,219,15,0,,,74312,0,,,125357,,,4032,3425,0,0,,,,,3660,3416,,0,129017,1132,,,,,77685,0,129017,1132
9/6/20,AK,A,42,42,0,,256,256,41,0,,,381281,1960,,,380568,,7,5776,,95,0,,,,,6210,2323,,0,387057,2055,,,,,,0,387057,2055
9/6/20,AL,B,2276,2152,1,124,14914,14914,841,0,1537,,851994,5824,,,,848,,132314,120815,511,0,,,,,,51154,,0,972809,6312,,,55174,,972809,6312,,0
9/6/20,AR,A,894,,12,,4462,4462,389,6,,,700721,0,,,700721,568,78,65226,64690,0,0,,2311,,,,58295,,0,765411,0,,14859,,,,0,765411,0
9/6/20,AS,C,0,,0,,,,,0,,,1514,0,,,,,,0,0,0,0,,,,,,,,0,1514,0,,,,,,0,1514,0
9/6/20,AZ,A+,5221,4947,14,274,21527,21527,666,7,,229,1053252,5993,,,,,121,205766,203969,250,0,,,,,,31721,,0,1848768,4927,272437,,,,1257221,6240,1848768,4927
9/6/20,CA,B,13709,,66,,,,4226,0,,1201,11315047,125963,,,,,,732144,732144,4905,0,,,,,,,,0,12047191,130868,,,,,,0,12047191,130868
9/6/20,CO,A+,1972,1623,1,349,7138,7138,227,4,,,689187,5604,149674,,,,,59274,55256,285,0,11137,,,,,6057,1059557,8473,1059557,8473,160811,,,,744443,5880,,0
9/6/20,CT,B,4468,3583,0,885,11275,11275,58,0,,,1184293,0,,,,,,53365,51221,0,0,,,,,,9049,,0,1237658,0,,,,,,0,1235514,0
9/6/20,DC,A+,611,,0,,,,80,0,,24,297231,3605,,,,,10,14279,,41,0,,,,,,11355,311510,3646,311510,3646,,,,,187619,1383,,0
9/6/20,DE,A+,609,537,1,72,,,62,0,,13,232740,2000,,,,,,18043,17053,151,0,,,,,21291,9696,360999,2156,360999,2156,,,,,250783,2151,,0
9/6/20,FL,A+,12001,,38,,40487,40487,3167,114,,,4138339,18399,411877,403867,5742293,,,639166,628731,2513,0,34738,,34017,,832459,,6749937,49967,6749937,49967,446669,,437913,,4750980,0,6612703,32938
9/6/20,GA,A+,6037,,60,,25523,25523,2202,22,4684,,2196369,17188,,,,,,283199,283199,1651,0,22365,,,,259039,,,0,2479568,18839,284452,,,,,0,2479568,18839
9/6/20,GU,A+,16,,1,,,,57,0,,14,39070,0,,,,,,1671,1671,0,0,2,,,,,744,,0,40741,0,158,,,,,0,40110,0
9/6/20,HI,C,84,,3,,592,592,265,9,,50,220103,8185,,,,,37,9693,,220,0,,,,,9639,2931,299571,10725,299571,10725,,,,,229796,8405,305226,11124
9/6/20,IA,A+,1165,,4,,,,309,0,,91,584646,3777,,48252,,,37,68291,68291,649,0,,,3121,1719,,49723,,0,652937,4426,,,51413,14081,654436,4416,,0
9/6/20,ID,A+,384,348,2,36,1466,1466,151,5,394,50,233695,1246,,,,,,33477,30999,281,0,,,,,,16339,,0,264694,1511,,,,,264694,1511,,0
9/6/20,IL,A,8390,8171,5,219,,,1504,0,,356,4168792,45093,,,,,134,251508,249580,1403,0,,,,,,,,0,4420300,46496,,,,,,0,4418372,46496
9/6/20,IN,A+,3364,3140,2,224,11365,11365,751,47,2271,232,1039064,8947,,,,,70,99804,,843,0,,,,,103975,76023,,0,1649026,6492,,,,,1138868,9790,1649026,6492
9/6/20,KS,A+,481,,0,,2415,2415,314,0,661,101,381985,0,,,,211,36,45220,,0,0,,,,,,1785,,0,427205,0,,,,,427205,0,,0
9/6/20,KY,B,996,987,3,9,4713,4713,535,0,1414,128,819355,0,,,,,,52774,47741,310,0,,,,,,10613,,0,866842,0,47702,15830,,,,0,866842,0
9/6/20,LA,A,5093,4930,58,163,,,790,0,,,1805480,25205,,,,,119,153764,152868,1395,0,,,,,,134432,,0,1959244,26600,,,,,,0,1958348,26600
9/6/20,MA,A+,9125,8917,9,208,12350,12350,312,3,,52,1736840,17361,,,,,22,122562,120824,366,0,,,,,159076,105769,,0,2704512,44050,,,114941,92907,1857664,17731,2704512,44050
9/6/20,MD,A+,3799,3655,3,144,14573,14573,341,57,,96,1281205,8357,,111730,,,,112119,112119,512,0,,,10303,,133590,7103,,0,2064239,16723,,,122033,,1393324,8869,2064239,16723
9/6/20,ME,A+,134,133,0,1,424,424,6,0,,2,292172,4864,9256,,290281,,2,4682,4210,15,0,491,,,,5853,4049,,0,296854,4879,9760,,,,,0,296382,4877
9/6/20,MI,A+,6806,6534,0,272,,,616,0,,158,2801811,0,,,2801811,,71,117191,106215,0,0,,,,,150004,80678,,0,2919002,0,263721,,,,,0,2951815,0
9/6/20,MN,A+,1909,1857,6,52,6719,6719,284,43,1891,143,1107706,9786,,,,,,80587,80587,707,0,,,,,,72463,1594639,17173,1594639,17173,,,,,1188293,10493,,0
9/6/20,MO,A,1658,,19,,,,934,0,,,952409,6310,,66921,1263356,,113,93434,93434,1232,0,,,3085,,102766,,,0,1368585,8123,,,70006,,1045843,7542,1368585,8123
9/6/20,MP,C,2,2,0,,4,4,,0,,,13484,0,,,,,,58,58,0,0,,,,,,29,,0,13542,0,,,,,13540,0,17626,0
9/6/20,MS,A+,2584,2416,15,168,5326,5326,758,0,,186,510921,0,,,,,111,86888,82235,410,0,95,,,,,67918,,0,597809,410,27468,33480,,,,0,592831,0
9/6/20,MT,B,117,,1,,486,486,156,9,,,253762,876,,,,,,8264,8264,100,0,,,,,,6243,,0,262026,976,,,,,,0,262026,976
9/6/20,NC,A+,2890,2890,1,,,,830,0,,250,2266049,30993,,,,,,176901,176901,1086,0,,,,,,145884,,0,2442950,32079,,,,,,0,2442950,32079
9/6/20,ND,A,160,,1,,598,598,64,2,161,18,197368,1203,8554,,,,,13599,13599,298,0,359,,,,,10821,488286,4462,488286,4462,8913,,,,210757,1544,504785,4653
9/6/20,NE,A+,404,,0,,2065,2065,176,5,,,341023,1160,,,453309,,,35805,35805,144,0,,,,,43530,27473,,0,497838,1840,,,,,377290,1317,497838,1840
9/6/20,NH,B,433,,1,,718,718,10,1,227,,213215,1894,,,,,,7447,7447,23,0,,,,,,6766,,0,350528,4465,30813,,30153,,220662,1917,350528,4465
9/6/20,NJ,A+,15988,14206,4,1782,22796,22796,403,6,,74,2808249,36949,,,,,35,194058,194058,311,0,,,,,,34169,,0,3002307,37260,,,,,,0,3002307,37585
9/6/20,NM,B,803,,3,,3186,3186,65,15,,,765729,3966,,,,,,26107,26107,59,0,,,,,,13530,,0,791836,4025,,,,,,0,791836,4025
9/6/20,NV,A+,1389,,1,,,,597,0,,184,547872,5970,,,,,114,71610,71610,508,0,,,,,,,876355,4534,876355,4534,,,,,618850,6445,896316,10932
9/6/20,NY,A,25359,,9,,89995,89995,410,0,,119,8356743,84901,,,,,56,439501,439501,729,0,,,,,,75425,8796244,85630,8796244,85630,,,,,,0,,0
9/6/20,OH,A+,4259,3972,3,287,13841,13841,691,33,3033,252,2273677,25552,,,,,134,130558,123803,773,0,,,,,,108578,,0,2404235,26325,,,,,,0,2397480,26276
9/6/20,OK,A+,853,,3,,5105,5105,472,0,,208,860086,0,,,860086,,,63607,63607,420,0,3453,,,,73487,53059,,0,923693,420,73173,,,,,0,939500,0
9/6/20,OR,A+,481,,1,,2161,2161,147,0,,45,557381,5130,,,857803,,23,28044,26268,188,0,,,,,51349,5198,,0,909152,8057,,,,,575596,0,909152,8057
9/6/20,PA,A+,7760,,0,,,,490,0,,,1599299,10218,,,,,64,139316,135324,691,0,,,,,,114239,,0,1738615,10909,,,,,1734623,10899,2399820,21365
9/6/20,PR,C,477,317,13,160,,,377,0,,73,305972,0,,,395291,,67,16269,16269,26,0,18264,,,,20103,,,0,322241,26,,,,,,0,415664,0
9/6/20,RI,A+,1058,,0,,2587,2587,79,6,,7,266689,1486,,,545448,,3,22519,22519,35,0,,,,,31715,2172,577163,6234,577163,6234,,,,,289208,1521,,0
9/6/20,SC,A+,2887,2748,10,139,8144,8144,787,11,,208,876273,6635,59138,,838603,,129,124952,122944,663,0,5618,,,,160614,51431,,0,1001225,7298,64756,,,,,0,999217,7266
9/6/20,SD,A+,173,,0,,1079,1079,81,11,,,139992,974,,,,,,15109,,220,0,,,,,,11918,,0,155101,1194,,,,,155101,1194,207850,3388
9/6/20,TN,A+,1865,1814,3,51,7296,7296,969,20,,299,2167073,19111,,,2132885,,144,164126,159795,1764,0,,,,,193983,145359,,0,2331199,20875,,,,,,0,2326868,20836
9/6/20,TX,A+,13472,,64,,,,3715,0,,1409,5071838,17422,,,,,,638310,638310,2995,0,31773,13966,,,764864,543412,,0,5710148,20417,369645,121316,,,,0,5710148,20417
9/6/20,UT,A+,422,,2,,3207,3207,152,19,802,49,631263,4097,,,802193,333,,54660,54660,388,0,,1132,,1061,60014,46233,,0,862207,6786,,7501,,6049,685176,4482,862207,6786
9/6/20,VA,A+,2678,2545,1,133,9881,9881,1083,32,,232,1543158,11329,,,,,119,126926,121317,1199,0,,,,,145825,15683,1664475,12455,1664475,12455,,,,,,0,,0
9/6/20,VI,C,17,17,1,,,,,0,,,16144,100,,,,,,1181,,14,0,,,,,,1069,,0,17325,114,,,,,,0,17340,109
9/6/20,VT,B,58,58,0,,,,4,0,,,140922,915,,,,,,1646,1646,1,0,,,,,,1456,,0,204968,3890,,,,,142568,916,204968,3890
9/6/20,WA,B,1953,1953,0,,6842,6842,403,-6,,,1473641,15886,,,,,34,79349,78503,507,0,,,,,,,1550477,16387,1550477,16387,,,,,,0,,0
9/6/20,WI,A+,1176,1168,0,8,6070,6070,286,22,1050,96,1221894,4616,,,,,,86353,81193,890,0,,,,,,71906,1841797,14596,1841797,14596,,,,,1303087,5509,,0
9/6/20,WV,C,246,244,3,2,,,149,0,,51,446966,4774,,,,,22,11412,11214,123,0,,,,,,8556,,0,458378,4897,16295,,,,,0,458180,4895
9/6/20,WY,A,42,,0,,219,219,15,-4,,,74312,0,,,124241,,,4032,3425,26,0,,,,,3644,3416,,0,127885,202,,,,,77685,0,127885,202
9/5/20,AK,A,42,42,2,,256,256,36,4,,,379321,2978,,,378554,,8,5681,,87,0,,,,,6169,2321,,0,385002,3065,,,,,,0,385002,3065
9/5/20,AL,B,2275,2151,9,124,14914,14914,818,113,1537,,846170,6150,,,,848,,131803,120327,1410,0,,,,,,51154,,0,966497,7188,,,54959,,966497,7188,,0
9/5/20,AR,A,882,,9,,4456,4456,385,34,,,700721,16485,,,700721,566,78,65226,64690,548,0,,2311,,,,57968,,0,765411,18094,,14859,,,,0,765411,18094
9/5/20,AS,C,0,,0,,,,,0,,,1514,0,,,,,,0,0,0,0,,,,,,,,0,1514,0,,,,,,0,1514,0
9/5/20,AZ,A+,5207,4933,36,274,21520,21520,702,22,,225,1047259,15012,,,,,131,205516,203722,835,0,,,,,,31548,,0,1843841,16048,271491,,,,1250981,15839,1843841,16048
9/5/20,CA,B,13643,,153,,,,4242,0,,1242,11189084,114397,,,,,,727239,727239,4956,0,,,,,,,,0,11916323,119353,,,,,,0,11916323,119353
9/5/20,CO,A+,1971,1622,5,349,7134,7134,220,9,,,683583,6270,149229,,,,,58989,54980,334,0,11117,,,,,6049,1051084,10332,1051084,10332,160346,,,,738563,6541,,0
9/5/20,CT,B,4468,3583,0,885,11275,11275,58,0,,,1184293,0,,,,,,53365,51221,0,0,,,,,,9049,,0,1237658,0,,,,,,0,1235514,0
9/5/20,DC,A+,611,,0,,,,80,0,,22,293626,4461,,,,,16,14238,,52,0,,,,,,11323,307864,4513,307864,4513,,,,,186236,1317,,0
9/5/20,DE,A+,608,536,2,72,,,58,0,,12,230740,1850,,,,,,17892,16902,140,0,,,,,21218,9641,358843,3778,358843,3778,,,,,248632,1990,,0
9/5/20,FL,A+,11963,,60,,40373,40373,3229,246,,,4119940,20144,411877,403867,5712716,,,636653,626376,3593,0,34738,,34017,,829243,,6699970,61498,6699970,61498,446669,,437913,,4750980,23740,6579765,40774
9/5/20,GA,A+,5977,,46,,25501,25501,2740,99,4681,,2179181,26410,,,,,,281548,281548,2194,0,22155,,,,257428,,,0,2460729,28604,283277,,,,,0,2460729,28604
9/5/20,GU,A+,15,,1,,,,57,0,,14,39070,577,,,,,,1671,1671,52,0,2,,,,,744,,0,40741,629,158,,,,,0,40110,0
9/5/20,HI,C,81,,2,,583,583,265,10,,50,211918,7398,,,,,37,9473,,271,0,,,,,9430,2855,288846,9986,288846,9986,,,,,221391,7669,294102,9925
9/5/20,IA,A+,1161,,20,,,,315,0,,94,580869,5148,,47954,,,38,67642,67642,1028,0,,,3118,1664,,49521,,0,648511,6176,,,51112,13362,650020,6191,,0
9/5/20,ID,A+,382,346,10,36,1461,1461,151,19,394,50,232449,1649,,,,,,33196,30734,269,0,,,,,,16071,,0,263183,1894,,,,,263183,1894,,0
9/5/20,IL,A,8385,8166,23,219,,,1550,0,,363,4123699,59129,,,,,151,250105,248177,2806,0,,,,,,,,0,4373804,61935,,,,,,0,4371876,61935
9/5/20,IN,A+,3362,3138,12,224,11318,11318,771,53,2260,249,1030117,10574,,,,,77,98961,,1077,0,,,,,103626,75680,,0,1642534,21522,,,,,1129078,11651,1642534,21522
9/5/20,KS,A+,481,,0,,2415,2415,314,0,661,101,381985,0,,,,211,36,45220,,0,0,,,,,,1785,,0,427205,0,,,,,427205,0,,0
9/5/20,KY,B,993,984,6,9,4713,4713,535,14,1414,128,819355,18592,,,,,,52464,47487,787,0,,,,,,10613,,0,866842,19233,47702,15830,,,,0,866842,19233
9/5/20,LA,A,5035,4872,0,163,,,808,0,,,1780275,0,,,,,96,152369,151473,0,0,,,,,,134432,,0,1932644,0,,,,,,0,1931748,0
9/5/20,MA,A+,9116,8907,16,209,12347,12347,325,12,,48,1719479,20373,,,,,25,122196,120454,438,0,,,,,158624,105769,,0,2660462,60150,,,114635,92567,1839933,20789,2660462,60150
9/5/20,MD,A+,3796,3652,7,144,14516,14516,353,43,,100,1272848,12214,,111730,,,,111607,111607,776,0,,,10303,,132974,7099,,0,2047516,28192,,,122033,,1384455,12990,2047516,28192
9/5/20,ME,A+,134,133,0,1,424,424,5,1,,2,287308,5337,9237,,285420,,2,4667,4197,35,0,488,,,,5837,4037,,0,291975,5372,9738,,,,,0,291505,5370
9/5/20,MI,A+,6806,6534,8,272,,,616,0,,158,2801811,40125,,,2801811,,71,117191,106215,896,0,,,,,150004,80678,,0,2919002,41021,263721,,,,,0,2951815,40903
9/5/20,MN,A+,1903,1851,4,52,6676,6676,279,41,1878,133,1097920,8579,,,,,,79880,79880,914,0,,,,,,71507,1577466,18635,1577466,18635,,,,,1177800,9493,,0
9/5/20,MO,A,1639,,77,,,,934,0,,,946099,14584,,66807,1256574,,113,92202,92202,1987,0,,,3040,,101521,,,0,1360462,20791,,,69847,,1038301,16571,1360462,20791
9/5/20,MP,C,2,2,0,,4,4,,0,,,13484,0,,,,,,58,58,1,0,,,,,,29,,0,13542,1,,,,,13540,0,17626,0
9/5/20,MS,A+,2569,2401,11,168,5326,5326,758,0,,186,510921,9456,,,,,111,86478,81910,539,0,95,,,,,67918,,0,597399,9995,27468,33480,,,,0,592831,10534
9/5/20,MT,B,116,,2,,477,477,151,3,,,252886,917,,,,,,8164,8164,145,0,,,,,,6219,,0,261050,1062,,,,,,0,261050,1062
9/5/20,NC,A+,2889,2889,50,,,,831,0,,254,2235056,20214,,,,,,175815,175815,1561,0,,,,,,145884,,0,2410871,21775,,,,,,0,2410871,21775
9/5/20,ND,A,159,,5,,596,596,67,6,159,18,196165,1382,8545,,,,,13301,13301,355,0,359,,,,,10640,483824,7031,483824,7031,8904,,,,209213,1956,500132,7334
9/5/20,NE,A+,404,,0,,2060,2060,174,27,,,339863,1740,,,451629,,,35661,35661,192,0,,,,,43375,26973,,0,495998,2922,,,,,375973,1938,495998,2922
9/5/20,NH,B,432,,0,,717,717,9,1,227,,211321,1426,,,,,,7424,7424,56,0,,,,,,6742,,0,346063,4078,30766,,30105,,218745,1482,346063,4078
9/5/20,NJ,A+,15984,14202,7,1782,22790,22790,389,20,,69,2771300,0,,,,,31,193747,193747,325,0,,,,,,34112,,0,2965047,325,,,,,,0,2964722,0
9/5/20,NM,B,800,,6,,3171,3171,68,0,,,761763,5621,,,,,,26048,26048,146,0,,,,,,13460,,0,787811,5767,,,,,,0,787811,5767
9/5/20,NV,A+,1388,,13,,,,597,0,,184,541902,3799,,,,,114,71102,71102,390,0,,,,,,,871821,7125,871821,7125,,,,,612405,4224,885384,10092
9/5/20,NY,A,25350,,2,,89995,89995,425,0,,115,8271842,98960,,,,,61,438772,438772,801,0,,,,,,75366,8710614,99761,8710614,99761,,,,,,0,,0
9/5/20,OH,A+,4256,3969,8,287,13808,13808,717,77,3032,253,2248125,26984,,,,,136,129785,123079,1341,0,,,,,,107972,,0,2377910,28325,,,,,,0,2371204,28298
9/5/20,OK,A+,850,,4,,5105,5105,472,44,,208,860086,7731,,,860086,,,63187,63187,1147,0,3453,,,,73487,52740,,0,923273,8878,73173,,,,,0,939500,13312
9/5/20,OR,A+,480,,5,,2161,2161,147,0,,45,552251,2923,,,850169,,23,27856,26268,255,0,,,,,50926,5198,,0,901095,5153,,,,,575596,0,901095,5153
9/5/20,PA,A+,7760,,18,,,,505,0,,,1589081,12202,,,,,66,138625,134643,963,0,,,,,,112286,,0,1727706,13165,,,,,1723724,13114,2378455,25532
9/5/20,PR,C,464,309,9,155,,,369,0,,76,305972,0,,,395291,,67,16243,16243,142,0,18249,,,,20103,,,0,322215,142,,,,,,0,415664,0
9/5/20,RI,A+,1058,,3,,2581,2581,82,22,,9,265203,3440,,,539262,,4,22484,22484,241,0,,,,,31667,2163,570929,13407,570929,13407,,,,,287687,3681,,0
9/5/20,SC,A+,2877,2738,31,139,8133,8133,845,60,,213,869638,10979,58908,,832138,,128,124289,122313,964,0,5562,,,,159813,51431,,0,993927,11943,64470,,,,,0,991951,11914
9/5/20,SD,A+,173,,3,,1068,1068,86,6,,,139018,1321,,,,,,14889,,293,0,,,,,,11659,,0,153907,1614,,,,,153907,1614,204462,2979
9/5/20,TN,A+,1862,1810,25,52,7276,7276,1000,70,,300,2147962,25325,,,2114019,,146,162362,158070,1765,0,,,,,192013,144383,,0,2310324,27090,,,,,,0,2306032,26997
9/5/20,TX,A+,13408,,177,,,,3973,0,,1409,5054416,35669,,,,,,635315,635315,4486,0,31521,13861,,,762978,538282,,0,5689731,40155,368062,120161,,,,0,5689731,40155
9/5/20,UT,A+,420,,1,,3188,3188,152,16,799,49,627166,4332,,,795821,331,,54272,54272,433,0,,1124,,1053,59600,45896,,0,855421,6912,,7333,,5922,680694,4812,855421,6912
9/5/20,VA,A+,2677,2544,15,133,9849,9849,1098,51,,243,1531829,16780,,,,,121,125727,120191,948,0,,,,,144891,15636,1652020,17712,1652020,17712,,,,,,0,,0
9/5/20,VI,C,16,16,0,,,,,0,,,16044,254,,,,,,1167,,17,0,,,,,,1061,,0,17211,271,,,,,,0,17231,260
9/5/20,VT,B,58,58,0,,,,4,0,,,140007,853,,,,,,1645,1645,5,0,,,,,,1451,,0,201078,1729,,,,,141652,858,201078,1729
9/5/20,WA,B,1953,1953,8,,6848,6848,417,14,,,1457755,15522,,,,,48,78842,78034,527,0,,,,,,,1534090,16001,1534090,16001,,,,,,0,,0
9/5/20,WI,A+,1176,1168,15,8,6048,6048,275,50,1047,95,1217278,7075,,,,,,85463,80300,999,0,,,,,,71153,1827201,19570,1827201,19570,,,,,1297578,8021,,0
9/5/20,WV,C,243,241,0,2,,,154,0,,49,442192,4318,,,,,21,11289,11093,252,0,,,,,,8516,,0,453481,4570,16201,,,,,0,453285,4565
9/5/20,WY,A,42,,0,,223,223,15,0,,,74312,0,,,124045,,,4006,3386,17,0,,,,,3638,3404,,0,127683,250,,,,,77685,0,127683,250
9/4/20,AK,A,40,40,0,,252,252,43,0,,,376343,3882,,,375546,,4,5594,,119,0,,,,,6115,2295,,0,381937,4001,,,,,,0,381937,4001
9/4/20,AL,B,2266,2144,33,122,14801,14801,880,0,1525,,840020,3331,,,,839,,130393,119289,1108,0,,,,,,51154,,0,959309,4019,,,54774,,959309,4019,,0
9/4/20,AR,A,873,,12,,4422,4422,401,36,,,684236,8899,,,684236,564,86,64678,64175,1174,0,,2231,,,,57547,,0,747317,9868,,14299,,,,0,747317,9868
9/4/20,AS,C,0,,0,,,,,0,,,1514,0,,,,,,0,0,0,0,,,,,,,,0,1514,0,,,,,,0,1514,0
9/4/20,AZ,A+,5171,4897,41,274,21498,21498,742,24,,236,1032247,13341,,,,,145,204681,202895,728,0,,,,,,31384,,0,1827793,16020,270695,,,,1235142,14053,1827793,16020
9/4/20,CA,B,13490,,163,,,,4401,0,,1235,11074687,127940,,,,,,722283,722283,5106,0,,,,,,,,0,11796970,133046,,,,,,0,11796970,133046
9/4/20,CO,A+,1966,1617,11,349,7125,7125,219,21,,,677313,6585,148645,,,,,58655,54709,368,0,11076,,,,,6029,1040752,10961,1040752,10961,159721,,,,732022,6927,,0
9/4/20,CT,B,4468,3583,0,885,11275,11275,58,0,,,1184293,19286,,,,,,53365,51221,156,0,,,,,,9049,,0,1237658,19442,,,,,,0,1235514,19431
9/4/20,DC,A+,611,,2,,,,75,0,,23,289165,4541,,,,,5,14186,,51,0,,,,,,11297,303351,4592,303351,4592,,,,,184919,1997,,0
9/4/20,DE,A+,606,534,0,72,,,58,0,,12,228890,1995,,,,,,17752,16762,99,0,,,,,21122,9582,355065,2791,355065,2791,,,,,246642,2094,,0
9/4/20,FL,A+,11903,,103,,40127,40127,3360,243,,,4099796,19113,411877,403867,5677015,,,633060,623160,3147,0,34738,,34017,,824418,,6638472,62489,6638472,62489,446669,,437913,,4727240,22281,6538991,39242
9/4/20,GA,A+,5931,,63,,25402,25402,2295,143,4664,,2152771,19394,,,,,,279354,279354,2066,0,21947,,,,254680,,,0,2432125,21460,282093,,,,,0,2432125,21460
9/4/20,GU,A+,14,,1,,,,59,0,,11,38493,563,,,,,,1619,1619,59,0,2,,,,,744,,0,40112,622,158,,,,,0,40110,622
9/4/20,HI,C,79,,4,,573,573,277,21,,51,204520,6080,,,,,31,9202,,211,0,,,,,9149,2778,278860,8482,278860,8482,,,,,213722,6291,284177,8473
9/4/20,IA,A+,1141,,6,,,,317,0,,87,575721,6486,,47534,,,41,66614,66614,1091,0,,,3106,1642,,49053,,0,642335,7577,,,50680,13188,643829,7579,,0
9/4/20,ID,A+,372,336,0,36,1442,1442,171,7,392,45,230800,2064,,,,,,32927,30489,263,0,,,,,,15787,,0,261289,2326,,,,,261289,2326,,0
9/4/20,IL,A,8362,8143,38,219,,,1621,0,,360,4064570,143905,,,,,155,247299,245371,5594,0,,,,,,,,0,4311869,149499,,,,,,0,4309941,149273
9/4/20,IN,A+,3350,3127,18,223,11265,11265,865,69,2246,262,1019543,13359,,,,,78,97884,,1030,0,,,,,102642,75222,,0,1621012,23426,,,,,1117427,14389,1621012,23426
9/4/20,KS,A+,481,,23,,2415,2415,314,54,661,101,381985,6678,,,,211,36,45220,,1280,0,,,,,,1785,,0,427205,7958,,,,,427205,7958,,0
9/4/20,KY,B,987,978,11,9,4699,4699,574,15,1409,138,800763,7224,,,,,,51677,46846,792,0,,,,,,10587,,0,847609,7904,47540,15548,,,,0,847609,7904
9/4/20,LA,A,5035,4872,14,163,,,808,0,,,1780275,14723,,,,,96,152369,151473,822,0,,,,,,134432,,0,1932644,15545,,,,,,0,1931748,15545
9/4/20,MA,A+,9100,8892,23,208,12335,12335,333,10,,60,1699106,17340,,,,,26,121758,120038,212,0,,,,,158114,105769,,0,2600312,39443,,,114277,91070,1819144,17559,2600312,39443
9/4/20,MD,A+,3789,3645,11,144,14473,14473,395,46,,108,1260634,13041,,111730,,,,110831,110831,819,0,,,10303,,132036,7072,,0,2019324,29433,,,122033,,1371465,13860,2019324,29433
9/4/20,ME,A+,134,133,1,1,423,423,9,-1,,5,281971,5535,9225,,280089,,2,4632,4164,15,0,484,,,,5800,4006,,0,286603,5550,9722,,,,,0,286135,5554
9/4/20,MI,A+,6798,6526,7,272,,,616,0,,158,2761686,27477,,,2761686,,75,116295,105377,1053,0,,,,,148506,76151,,0,2877981,28530,262033,,,,,0,2910912,29205
9/4/20,MN,A+,1899,1847,10,52,6635,6635,274,43,1871,138,1089341,9076,,,,,,78966,78966,843,0,,,,,,70537,1558831,18724,1558831,18724,,,,,1168307,9919,,0
9/4/20,MO,A,1562,,17,,,,934,0,,,931515,12047,,66617,1237342,,113,90215,90215,1605,0,,,3017,,99995,,,0,1339671,16422,,,69634,,1021730,13652,1339671,16422
9/4/20,MP,C,2,2,0,,4,4,,0,,,13484,0,,,,,,57,57,0,0,,,,,,29,,0,13541,0,,,,,13540,0,17626,0
9/4/20,MS,A+,2558,2394,22,164,5326,5326,789,0,,178,501465,0,,,,,115,85939,81530,823,0,95,,,,,67918,,0,587404,823,27057,32271,,,,0,582297,0
9/4/20,MT,B,114,,3,,474,474,150,2,,,251969,4180,,,,,,8019,8019,148,0,,,,,,5821,,0,259988,4328,,,,,,0,259988,4328
9/4/20,NC,A+,2839,2839,36,,,,955,0,,281,2214842,39214,,,,,,174254,174254,2045,0,,,,,,145884,,0,2389096,41259,,,,,,0,2389096,41259
9/4/20,ND,A,154,,0,,590,590,67,7,158,17,194783,1513,8517,,,,,12946,12946,340,0,355,,,,,10310,476793,6370,476793,6370,8872,,,,207257,2053,492798,6717
9/4/20,NE,A+,404,,5,,2033,2033,162,6,,,338123,4153,,,448935,,,35469,35469,474,0,,,,,43147,26766,,0,493076,5257,,,,,374035,4644,493076,5257
9/4/20,NH,B,432,,0,,716,716,9,1,227,,209895,1367,,,,,,7368,7368,21,0,,,,,,6727,,0,341985,4582,30685,,30036,,217263,1388,341985,4582
9/4/20,NJ,A+,15977,14195,7,1782,22770,22770,466,32,,95,2771300,34258,,,,,40,193422,193422,449,0,,,,,,34075,,0,2964722,34707,,,,,,0,2964722,34707
9/4/20,NM,B,794,,3,,3171,3171,69,2,,,756142,5158,,,,,,25902,25902,90,0,,,,,,13412,,0,782044,5248,,,,,,0,782044,5248
9/4/20,NV,A+,1375,,12,,,,611,0,,178,538103,3058,,,,,112,70712,70712,489,0,,,,,,,864696,8610,864696,8610,,,,,608181,3489,875292,7264
9/4/20,NY,A,25348,,5,,89995,89995,428,0,,116,8172882,92531,,,,,61,437971,437971,864,0,,,,,,75307,8610853,93395,8610853,93395,,,,,,0,,0
9/4/20,OH,A+,4248,3962,22,286,13731,13731,727,68,3022,266,2221141,28725,,,,,134,128444,121765,1332,0,,,,,,107083,,0,2349585,30057,,,,,,0,2342906,30019
9/4/20,OK,A+,846,,11,,5061,5061,518,48,,203,852355,10336,,,852355,,,62040,62040,1013,0,3006,,,,72158,52123,,0,914395,11349,68964,,,,,0,926188,11586
9/4/20,OR,A+,475,,5,,2161,2161,147,-14,,45,549328,5539,,,845231,,23,27601,26268,265,0,,,,,50711,5198,,0,895942,10921,,,,,575596,5792,895942,10921
9/4/20,PA,A+,7742,,10,,,,497,0,,,1576879,11436,,,,,66,137662,133731,891,0,,,,,,112882,,0,1714541,12327,,,,,1710610,12293,2352923,2352923
9/4/20,PR,C,455,302,7,153,,,382,0,,78,305972,0,,,395291,,60,16101,16101,32,0,18140,,,,20103,,,0,322073,32,,,,,,0,415664,0
9/4/20,RI,A+,1055,,0,,2559,2559,76,19,,8,261763,2273,,,525975,,4,22243,22243,100,0,,,,,31547,2147,557522,9929,557522,9929,,,,,284006,2373,,0
9/4/20,SC,A+,2846,2706,39,140,8073,8073,910,67,,230,858659,10930,58616,,821615,,140,123325,121378,1629,0,5478,,,,158422,51431,,0,981984,12559,64094,,,,,0,980037,12486
9/4/20,SD,A+,170,,1,,1062,1062,89,10,,,137697,1497,,,,,,14596,,259,0,,,,,,11394,,0,152293,1756,,,,,152293,1756,201483,2734
9/4/20,TN,A+,1837,1785,22,52,7206,7206,1036,81,,306,2122637,17180,,,2088986,,146,160597,156398,1051,0,,,,,190049,143156,,0,2283234,18231,,,,,,0,2279035,18104
9/4/20,TX,A+,13231,,140,,,,3889,0,,1433,5018747,36728,,,,,,630829,630829,5482,0,30982,13661,,,759864,532223,,0,5649576,42210,365953,115942,,,,0,5649576,42210
9/4/20,UT,A+,419,,5,,3172,3172,144,19,794,54,622834,4109,,,789420,329,,53839,53839,513,0,,1101,,1031,59089,45547,,0,848509,6982,,6749,,5517,675882,4499,848509,6982
9/4/20,VA,A+,2662,2529,10,133,9798,9798,1101,57,,244,1515049,14186,,,,,128,124779,119259,1111,0,,,,,143477,15492,1634308,15255,1634308,15255,,,,,,0,,0
9/4/20,VI,C,16,16,1,,,,,0,,,15790,141,,,,,,1150,,6,0,,,,,,1050,,0,16940,147,,,,,,0,16971,161
9/4/20,VT,B,58,58,0,,,,2,0,,,139154,1283,,,,,,1640,1640,10,0,,,,,,1441,,0,199349,5946,,,,,140794,1293,199349,5946
9/4/20,WA,B,1945,1945,10,,6834,6834,399,39,,,1442233,21257,,,,,50,78315,77523,528,0,,,,,,,1518089,21736,1518089,21736,,,,,,0,,0
9/4/20,WI,A+,1161,1153,7,8,5998,5998,302,52,1043,116,1210203,10204,,,,,,84464,79354,1542,0,,,,,,70229,1807631,21487,1807631,21487,,,,,1289557,11702,,0
9/4/20,WV,C,243,241,6,2,,,152,0,,46,437874,3625,,,,,23,11037,10846,192,0,,,,,,8450,,0,448911,3817,16127,,,,,0,448720,3818
9/4/20,WY,A,42,,1,,223,223,15,0,,,74312,750,,,123810,,,3989,3373,50,0,,,,,3623,3393,,0,127433,1328,,,,,77685,789,127433,1328
9/3/20,AK,A,40,40,1,,252,252,43,5,,,372461,964,,,371638,,8,5475,,88,0,,,,,6022,2288,,0,377936,1052,,,,,,0,377936,1052
9/3/20,AL,B,2233,2120,16,113,14801,14801,872,48,1511,,836689,695,,,,827,,129285,118601,1046,0,,,,,,51154,,0,955290,1076,,,54557,,955290,1076,,0
9/3/20,AR,A,861,,20,,4386,4386,425,45,,,675337,0,,,675337,562,91,63504,63081,1392,0,,2109,,,,56889,,0,737449,0,,13631,,,,0,737449,0
9/3/20,AS,C,0,,0,,,,,0,,,1514,0,,,,,,0,0,0,0,,,,,,,,0,1514,0,,,,,,0,1514,0
9/3/20,AZ,A+,5130,4861,65,269,21474,21474,745,25,,241,1018906,7840,,,,,135,203953,202183,1092,0,,,,,,31201,,0,1811773,17572,269907,,,,1221089,8912,1811773,17572
9/3/20,CA,B,13327,,164,,,,4571,0,,1270,10946747,78429,,,,,,717177,717177,5125,0,,,,,,,,0,11663924,83554,,,,,,0,11663924,83554
9/3/20,CO,A+,1955,1606,3,349,7104,7104,211,14,,,670728,5689,148063,,,,,58287,54367,268,0,11028,,,,,6011,1029791,8294,1029791,8294,159091,,,,725095,5947,,0
9/3/20,CT,B,4468,3583,1,885,11275,11275,65,95,,,1165007,14136,,,,,,53209,51076,101,0,,,,,,9049,,0,1218216,14237,,,,,,0,1216083,14234
9/3/20,DC,A+,609,,1,,,,76,0,,23,284624,3904,,,,,12,14135,,58,0,,,,,,11254,298759,3962,298759,3962,,,,,182922,1622,,0
9/3/20,DE,A+,606,534,0,72,,,60,0,,12,226895,3914,,,,,,17653,16663,104,0,,,,,21016,9514,352274,1862,352274,1862,,,,,244548,4018,,0
9/3/20,FL,A+,11800,,149,,39884,39884,3438,273,,,4080683,20323,411877,403867,5642186,,,629913,620332,3487,0,34738,,34017,,820290,,6575983,57417,6575983,57417,446669,,437913,,4704959,23824,6499749,38714
9/3/20,GA,A+,5868,,73,,25259,25259,2365,234,4628,,2133377,26353,,,,,,277288,277288,2675,0,21730,,,,252857,,,0,2410665,29028,280702,,,,,0,2410665,29028
9/3/20,GU,A+,13,,0,,,,45,0,,9,37930,653,,,,,,1560,1560,66,0,2,,,,,716,,0,39490,719,158,,,,,0,39488,718
9/3/20,HI,C,75,,1,,552,552,276,20,,47,198440,4907,,,,,27,8991,,338,0,,,,,8947,2689,270378,7309,270378,7309,,,,,207431,5245,275704,7243
9/3/20,IA,A+,1135,,9,,,,323,0,,88,569235,4226,,47071,,,41,65523,65523,878,0,,,3091,1628,,48580,,0,634758,5104,,,50202,13081,636250,5104,,0
9/3/20,ID,A+,372,336,4,36,1435,1435,171,41,388,45,228736,2008,,,,,,32664,30227,296,0,,,,,,15585,,0,258963,2266,,,,,258963,2266,,0
9/3/20,IL,A,8324,8115,24,209,,,1620,0,,360,3920665,39435,,,,,144,241705,240003,1360,0,,,,,,,,0,4162370,40795,,,,,,0,4160668,40795
9/3/20,IN,A+,3332,3110,7,222,11196,11196,856,53,2242,257,1006184,9338,,,,,79,96854,,1104,0,,,,,101659,74288,,0,1597586,23969,,,,,1103038,10442,1597586,23969
9/3/20,KS,A+,458,,0,,2361,2361,336,0,649,94,375307,0,,,,210,35,43940,,0,0,,,,,,1730,,0,419247,0,,,,,419247,0,,0
9/3/20,KY,B,976,967,10,9,4684,4684,568,32,1403,132,793539,6319,,,,,,50885,46166,894,0,,,,,,10547,,0,839705,6988,47516,15225,,,,0,839705,6988
9/3/20,LA,A,5021,4858,17,163,,,851,0,,,1765552,11507,,,,,128,151547,150651,813,0,,,,,,134432,,0,1917099,12320,,,,,,0,1916203,12320
9/3/20,MA,A+,9077,8870,17,207,12325,12325,312,30,,61,1681766,31191,,,,,28,121546,119819,415,0,,,,,157684,105769,,0,2560869,82387,,,114108,90721,1801585,31584,2560869,82387
9/3/20,MD,A+,3778,3634,12,144,14427,14427,382,76,,112,1247593,11266,,111730,,,,110012,110012,693,0,,,10303,,131077,7039,,0,1989891,24960,,,122033,,1357605,11959,1989891,24960
9/3/20,ME,A+,133,132,0,1,424,424,9,1,,4,276436,7971,9205,,274564,,1,4617,4145,50,0,482,,,,5771,3988,,0,281053,8021,9700,,,,,0,280581,8016
9/3/20,MI,A+,6791,6519,10,272,,,616,0,,158,2734209,31861,,,2734209,,75,115242,104395,774,0,,,,,147498,76151,,0,2849451,32635,261011,,,,,0,2881707,32855
9/3/20,MN,A+,1889,1837,7,52,6592,6592,272,26,1863,138,1080265,6496,,,,,,78123,78123,1038,0,,,,,,70175,1540107,14552,1540107,14552,,,,,1158388,7534,,0
9/3/20,MO,A,1545,,3,,,,934,0,,,919468,8584,,66448,1222406,,113,88610,88610,1397,0,,,2982,,98525,,,0,1323249,12226,,,69430,,1008078,9981,1323249,12226
9/3/20,MP,C,2,2,0,,4,4,,0,,,13484,0,,,,,,57,57,0,0,,,,,,29,,0,13541,0,,,,,13540,0,17626,0
9/3/20,MS,A+,2536,2373,10,163,5326,5326,812,0,,176,501465,4244,,,,,110,85116,80832,751,0,95,,,,,67918,,0,586581,4995,27057,32271,,,,0,582297,4883
9/3/20,MT,B,111,,2,,472,472,151,11,,,247789,1607,,,,,,7871,7871,180,0,,,,,,5727,,0,255660,1787,,,,,,0,255660,1787
9/3/20,NC,A+,2803,2803,24,,,,858,0,,257,2175628,30871,,,,,,172209,172209,1656,0,,,,,,145884,,0,2347837,32527,,,,,,0,2347837,32527
9/3/20,ND,A,154,,2,,583,583,51,8,156,16,193270,1440,8330,,,,,12606,12606,359,0,348,,,,,10051,470423,6312,470423,6312,8678,,,,205204,1975,486081,6544
9/3/20,NE,A+,399,,0,,2027,2027,172,13,,,333970,2903,,,444127,,,34995,34995,421,0,,,,,42704,26466,,0,487819,5158,,,,,369391,3335,487819,5158
9/3/20,NH,B,432,,0,,715,715,10,0,227,,208528,4544,,,,,,7347,7347,50,0,,,,,,6675,,0,337403,8287,30563,,29925,,215875,4594,337403,8287
9/3/20,NJ,A+,15970,14188,7,1782,22738,22738,504,31,,98,2737042,27370,,,,,36,192973,192973,378,0,,,,,,34038,,0,2930015,27748,,,,,,0,2930015,27748
9/3/20,NM,B,791,,1,,3169,3169,75,10,,,750984,5637,,,,,,25812,25812,200,0,,,,,,13283,,0,776796,5837,,,,,,0,776796,5837
9/3/20,NV,A+,1363,,27,,,,631,0,,187,535045,2609,,,,,117,70223,70223,351,0,,,,,,,856086,8911,856086,8911,,,,,604692,2952,868028,5774
9/3/20,NY,A,25343,,7,,89995,89995,430,0,,117,8080351,88092,,,,,61,437107,437107,889,0,,,,,,75255,8517458,88981,8517458,88981,,,,,,0,,0
9/3/20,OH,A+,4226,3939,50,287,13663,13663,742,89,3003,244,2192416,25435,,,,,129,127112,120471,1345,0,,,,,,106095,,0,2319528,26780,,,,,,0,2312887,26749
9/3/20,OK,A+,835,,14,,5013,5013,540,52,,204,842019,8895,,,842019,,,61027,61027,909,0,3006,,,,70857,51447,,0,903046,9804,68964,,,,,0,914602,10002
9/3/20,OR,A+,470,,2,,2175,2175,133,8,,43,543789,4482,,,834767,,26,27336,26015,261,0,,,,,50254,5144,,0,885021,7616,,,,,569804,4732,885021,7616
9/3/20,PA,A+,7732,,20,,,,530,0,,,1565443,13358,,,,,70,136771,132874,1160,0,,,,,,110784,,0,1702214,14518,,,,,1698317,14480,,0
9/3/20,PR,C,448,296,5,152,,,349,0,,73,305972,0,,,395291,,57,16069,16069,127,0,18129,,,,20103,,,0,322041,127,,,,,,0,415664,0
9/3/20,RI,A+,1055,,4,,2540,2540,68,-2,,7,259490,2927,,,516146,,4,22143,22143,65,0,,,,,31447,2137,547593,11454,547593,11454,,,,,281633,2992,,0
9/3/20,SC,A+,2807,2667,13,140,8006,8006,911,58,,235,847729,9200,58135,,802372,,145,121696,119822,1193,0,5313,,,,154856,51431,,0,969425,10393,63761,,,,,0,967551,10323
9/3/20,SD,A+,169,,0,,1052,1052,76,9,,,136200,1278,,,,,,14337,,334,0,,,,,,11155,,0,150537,1612,,,,,150537,1612,198749,2449
9/3/20,TN,A+,1815,1762,18,53,7125,7125,1056,64,,332,2105457,25057,,,2072116,,158,159546,155474,1715,0,,,,,188815,141568,,0,2265003,26772,,,,,,0,2260931,26633
9/3/20,TX,A+,13091,,221,,,,4075,0,,1433,4982019,37219,,,,,,625347,625347,3680,0,30524,13425,,,756793,527359,,0,5607366,40899,361848,112940,,,,0,5607366,40899
9/3/20,UT,A+,414,,4,,3153,3153,137,19,788,43,618725,4054,,,782868,329,,53326,53326,504,0,,1081,,1013,58659,44995,,0,841527,6672,,6367,,5247,671383,4484,841527,6672
9/3/20,VA,A+,2652,2519,11,133,9741,9741,1130,63,,257,1500863,12714,,,,,123,123668,118190,1126,0,,,,,142173,15395,1619053,13763,1619053,13763,,,,,,0,,0
9/3/20,VI,C,15,15,0,,,,,0,,,15649,306,,,,,,1144,,1,0,,,,,,1010,,0,16793,307,,,,,,0,16810,305
9/3/20,VT,B,58,58,0,,,,3,0,,,137871,1749,,,,,,1630,1630,5,0,,,,,,1436,,0,193403,3720,,,,,139501,1754,193403,3720
9/3/20,WA,B,1935,1935,4,,6795,6795,408,8,,,1420976,15876,,,,,65,77787,77041,549,0,,,,,,,1496353,16314,1496353,16314,,,,,,0,,0
9/3/20,WI,A+,1154,1146,4,8,5946,5946,293,30,1036,104,1199999,8451,,,,,,82922,77856,740,0,,,,,,69299,1786144,15598,1786144,15598,,,,,1277855,9178,,0
9/3/20,WV,C,237,235,7,2,,,145,0,,44,434249,3306,,,,,24,10845,10653,203,0,,,,,,8342,,0,445094,3509,16073,,,,,0,444902,3506
9/3/20,WY,A,41,,0,,223,223,15,2,,,73562,663,,,122527,,,3939,3334,28,0,,,,,3578,3290,,0,126105,2225,,,,,76896,686,126105,2225
9/2/20,AK,A,39,39,0,,247,247,46,1,,,371497,2563,,,370557,,10,5387,,66,0,,,,,6010,2281,,0,376884,2629,,,,,,0,376884,2629
9/2/20,AL,B,2217,2114,17,103,14753,14753,959,215,1501,,835994,4690,,,,827,,128239,118220,623,0,,,,,,51154,,0,954214,4776,,,54160,,954214,4776,,0
9/2/20,AR,A,841,,27,,4341,4341,435,35,,,675337,5809,,,675337,556,90,62112,62112,615,0,,2050,,,,56261,,0,737449,6424,,13098,,,,0,737449,6424
9/2/20,AS,C,0,,0,,,,,0,,,1514,0,,,,,,0,0,0,0,,,,,,,,0,1514,0,,,,,,0,1514,0
9/2/20,AZ,A+,5065,4799,21,266,21449,21449,752,44,,248,1011066,4418,,,,,146,202861,201111,519,0,,,,,,31021,,0,1794201,20014,268579,,,,1212177,4921,1794201,20014
9/2/20,CA,B,13163,,145,,,,4851,0,,1339,10868318,105419,,,,,,712052,712052,4255,0,,,,,,,,0,11580370,109674,,,,,,0,11580370,109674
9/2/20,CO,A+,1952,1604,6,348,7090,7090,247,37,,,665039,4416,147605,,,,,58019,54109,244,0,10998,,,,,5992,1021497,6855,1021497,6855,158603,,,,719148,4647,,0
9/2/20,CT,B,4467,3582,1,885,11180,11180,65,0,,,1150871,11539,,,,,,53108,50978,102,0,,,,,,8967,,0,1203979,11641,,,,,,0,1201849,11634
9/2/20,DC,A+,608,,1,,,,73,0,,22,280720,1925,,,,,8,14077,,28,0,,,,,,11211,294797,1953,294797,1953,,,,,181300,806,,0
9/2/20,DE,A+,606,534,1,72,,,62,0,,9,222981,2093,,,,,,17549,16557,14,0,,,,,20943,9467,350412,4459,350412,4459,,,,,240530,2107,,0
9/2/20,FL,A+,11651,,130,,39611,39611,3511,300,,,4060360,15534,411877,403867,5608276,,,626426,617233,2310,0,34738,,34017,,815752,,6518566,44016,6518566,44016,446669,,437913,,4681135,17833,6461035,32053
9/2/20,GA,A+,5795,,62,,25025,25025,2469,178,4588,,2107024,11223,,,,,,274613,274613,1916,0,21440,,,,250612,,,0,2381637,13139,278683,,,,,0,2381637,13139
9/2/20,GU,A+,13,,0,,,,45,0,,8,37277,402,,,,,,1494,1486,47,0,2,,,,,653,,0,38771,449,158,,,,,0,38770,458
9/2/20,HI,C,74,,4,,532,532,288,24,,48,193533,3823,,,,,27,8653,,181,0,,,,,8699,2634,263069,5368,263069,5368,,,,,202186,4004,268461,5274
9/2/20,IA,A+,1126,,3,,,,310,0,,87,565009,5381,,46625,,,39,64645,64645,726,0,,,3084,1604,,48074,,0,629654,6107,,,49749,12809,631146,6088,,0
9/2/20,ID,A+,368,333,7,35,1394,1394,162,0,381,46,226728,1127,,,,,,32368,29969,280,0,,,,,,15212,,0,256697,1349,,,,,256697,1349,,0
9/2/20,IL,A,8300,8091,27,209,,,1596,0,,347,3881230,30623,,,,,142,240345,238643,2128,0,,,,,,,,0,4121575,32751,,,,,,0,4119873,32751
9/2/20,IN,A+,3325,3106,13,219,11143,11143,887,49,2237,247,996846,7972,,,,,69,95750,,859,0,,,,,100657,73390,,0,1573617,22733,,,,,1092596,8831,1573617,22733
9/2/20,KS,A+,458,,12,,2361,2361,336,57,649,94,375307,4670,,,,210,35,43940,,1328,0,,,,,,1730,,0,419247,5998,,,,,419247,5998,,0
9/2/20,KY,B,966,957,18,9,4652,4652,589,36,1396,138,787220,5984,,,,,,49991,45497,806,0,,,,,,10463,,0,832717,6657,47237,14854,,,,0,832717,6657
9/2/20,LA,A,5004,4841,20,163,,,873,0,,,1754045,13102,,,,,132,150734,149838,1151,0,,,,,,134432,,0,1904779,14253,,,,,,0,1903883,14058
9/2/20,MA,A+,9060,8853,-4,207,12295,12295,308,-91,,58,1650575,15291,,,,,29,121131,119426,-7757,0,,,,,157208,103920,,0,2478482,30141,,,113667,89417,1770001,15579,2478482,30141
9/2/20,MD,A+,3766,3623,5,143,14351,14351,370,14,,113,1236327,6273,,111730,,,,109319,109319,456,0,,,10303,,130196,7026,,0,1964931,12430,,,122033,,1345646,6729,1964931,12430
9/2/20,ME,A+,133,132,1,1,423,423,11,2,,6,268465,4278,9153,,266604,,1,4567,4100,19,0,480,,,,5717,3978,,0,273032,4297,9646,,,,,0,272565,4297
9/2/20,MI,A+,6781,6509,14,272,,,629,0,,156,2702348,26761,,,2702348,,78,114468,103710,648,0,,,,,146504,76151,,0,2816816,27409,259606,,,,,0,2848852,27594
9/2/20,MN,A+,1882,1830,10,52,6566,6566,297,46,1854,135,1073769,17202,,,,,,77085,77085,730,0,,,,,,69521,1525555,26636,1525555,26636,,,,,1150854,17932,,0
9/2/20,MO,A,1542,,4,,,,934,0,,,910884,5395,,66305,1211811,,113,87213,87213,1458,0,,,2952,,96924,,,0,1311023,5992,,,69257,,998097,6853,1311023,5992
9/2/20,MP,C,2,2,0,,4,4,,0,,,13484,0,,,,,,57,57,0,0,,,,,,29,,0,13541,0,,,,,13540,0,17626,0
9/2/20,MS,A+,2526,2364,33,162,5326,5326,856,0,,190,497221,3288,,,,,111,84365,80193,781,0,95,,,,,67918,,0,581586,4069,26774,31722,,,,0,577414,3831
9/2/20,MT,B,109,,4,,461,461,150,14,,,246182,1395,,,,,,7691,7691,182,0,,,,,,5584,,0,253873,1577,,,,,,0,253873,1577
9/2/20,NC,A+,2779,2779,38,,,,858,0,,270,2144757,18483,,,,,,170553,170553,1129,0,,,,,,145884,,0,2315310,19612,,,,,,0,2315310,19612
9/2/20,ND,A,152,,3,,575,575,66,11,153,16,191830,1412,8313,,,,,12247,12247,265,0,342,,,,,9834,464111,5525,464111,5525,8655,,,,203229,1872,479537,5788
9/2/20,NE,A+,399,,2,,2014,2014,162,8,,,331067,2279,,,439461,,,34574,34574,287,0,,,,,42215,26363,,0,482661,3606,,,,,366056,2439,482661,3606
9/2/20,NH,B,432,,0,,715,715,8,0,221,,203984,0,,,,,,7297,7297,0,0,,,,,,6634,,0,329116,0,30385,,29761,,211281,0,329116,0
9/2/20,NJ,A+,15963,14181,11,1782,22707,22707,514,40,,99,2709672,42914,,,,,29,192595,192595,305,0,,,,,,33991,,0,2902267,43219,,,,,,0,2902267,44349
9/2/20,NM,B,790,,3,,3159,3159,71,8,,,745347,5408,,,,,,25612,25612,152,0,,,,,,13180,,0,770959,5560,,,,,,0,770959,5560
9/2/20,NV,A+,1336,,23,,,,675,0,,199,532436,1720,,,,,113,69872,69872,239,0,,,,,,,847175,8548,847175,8548,,,,,601740,1928,862254,3079
9/2/20,NY,A,25336,,5,,89995,89995,445,0,,117,7992259,87739,,,,,61,436218,436218,708,0,,,,,,75203,8428477,88447,8428477,88447,,,,,,0,,0
9/2/20,OH,A+,4176,3890,11,286,13574,13574,746,95,2989,244,2166981,21922,,,,,126,125767,119157,1157,0,,,,,,105065,,0,2292748,23079,,,,,,0,2286138,23031
9/2/20,OK,A+,821,,12,,4961,4961,545,58,,220,833124,5611,,,833124,,,60118,60118,719,0,3006,,,,69761,50646,,0,893242,6330,68964,,,,,0,904600,6312
9/2/20,OR,A+,468,,3,,2167,2167,139,5,,45,539307,4453,,,827512,,22,27075,25765,129,0,,,,,49893,5144,,0,877405,6856,,,,,565072,4579,877405,6856
9/2/20,PA,A+,7712,,21,,,,550,0,,,1552085,12116,,,,,67,135611,131752,816,0,,,,,,111201,,0,1687696,12932,,,,,1683837,12907,,0
9/2/20,PR,C,443,293,8,150,,,373,0,,71,305972,0,,,395291,,53,15942,15942,358,0,18061,,,,20103,,,0,321914,358,,,,,,0,415664,0
9/2/20,RI,A+,1051,,1,,2542,2542,78,14,,8,256563,2083,,,504777,,4,22078,22078,76,0,,,,,31362,2130,536139,5651,536139,5651,,,,,278641,2159,,0
9/2/20,SC,A+,2794,2652,37,142,7948,7948,892,78,,228,838529,3973,58135,,802372,,145,120503,118699,657,0,5313,,,,154856,51431,,0,959032,4630,63448,,,,,0,957228,4556
9/2/20,SD,A+,169,,2,,1043,1043,77,7,,,134922,1076,,,,,,14003,,254,0,,,,,,10959,,0,148925,1330,,,,,148925,1330,196300,2191
9/2/20,TN,A+,1797,1743,16,54,7061,7061,1082,83,,351,2080400,18978,,,2047518,,165,157831,153898,1502,0,,,,,186780,120675,,0,2238231,20480,,,,,,0,2234298,20349
9/2/20,TX,A+,12870,,189,,,,4149,0,,1476,4944800,37918,,,,,,621667,621667,4334,0,30213,13122,,,753665,522087,,0,5566467,42252,360236,109490,,,,0,5566467,42252
9/2/20,UT,A+,410,,1,,3134,3134,147,24,785,47,614671,4024,,,776646,325,,52822,52822,419,0,,1070,,1002,58209,44658,,0,834855,6765,,6038,,4975,666899,4447,834855,6765
9/2/20,VA,A+,2641,2508,29,133,9678,9678,1114,57,,266,1488149,11075,,,,,134,122542,117141,927,0,,,,,140932,15319,1605290,11922,1605290,11922,,,,,,0,,0
9/2/20,VI,C,15,15,0,,,,,0,,,15343,95,,,,,,1143,,4,0,,,,,,998,,0,16486,99,,,,,,0,16505,108
9/2/20,VT,B,58,58,0,,,,2,0,,,136122,540,,,,,,1625,1625,2,0,,,,,,1433,,0,189683,1148,,,,,137747,542,189683,1148
9/2/20,WA,B,1931,1931,16,,6787,6787,416,24,,,1405100,6490,,,,,48,77238,76522,596,0,,,,,,,1480039,6794,1480039,6794,,,,,,0,,0
9/2/20,WI,A+,1150,1142,11,8,5916,5916,287,38,1030,91,1191548,7831,,,,,,82182,77129,578,0,,,,,,68641,1770546,17412,1770546,17412,,,,,1268677,8376,,0
9/2/20,WV,C,230,228,8,2,,,146,0,,48,430943,3009,,,,,27,10642,10453,135,0,,,,,,8266,,0,441585,3144,16019,,,,,0,441396,3141
9/2/20,WY,A,41,,0,,221,221,14,2,,,72899,198,,,120337,,,3911,3311,45,0,,,,,3543,3249,,0,123880,1683,,,,,76210,227,123880,1683
9/1/20,AK,A,39,39,2,,246,246,41,5,,,368934,25590,,,367949,,9,5321,,35,0,,,,,5974,2246,,0,374255,25625,,,,,,0,374255,25625
9/1/20,AL,B,2200,2102,18,98,14538,14538,990,271,1487,,831304,-27925,,,,817,,127616,118134,1558,0,,,,,,48028,,0,949438,-26943,,,54076,,949438,-26943,,0
9/1/20,AR,A,814,,17,,4306,4306,423,93,,,669528,3717,,,669528,554,85,61497,61497,273,0,,1894,,,,55647,,0,731025,3990,,12508,,,,0,731025,3990
9/1/20,AS,C,0,,0,,,,,0,,,1514,0,,,,,,0,0,0,0,,,,,,,,0,1514,0,,,,,,0,1514,0
9/1/20,AZ,A+,5044,4777,15,267,21405,21405,729,0,,253,1006648,4054,,,,,150,202342,200608,507,0,,,,,,30841,,0,1774187,20022,267953,,,,1207256,4558,1774187,20022
9/1/20,CA,B,13018,,85,,,,4869,0,,1352,10762899,93679,,,,,,707797,707797,3712,0,,,,,,,,0,11470696,97391,,,,,,0,11470696,97391
9/1/20,CO,A+,1946,1598,1,348,7053,7053,236,25,,,660623,3279,147258,,,,,57775,53878,351,0,10966,,,,,5979,1014642,4672,1014642,4672,158224,,,,714501,3578,,0
9/1/20,CT,B,4466,3581,1,885,11180,11180,56,0,,,1139332,19115,,,,,,53006,50883,127,0,,,,,,8967,,0,1192338,19242,,,,,,0,1190215,19245
9/1/20,DC,A+,607,,0,,,,71,0,,22,278795,2105,,,,,8,14049,,57,0,,,,,,11150,292844,2162,292844,2162,,,,,180494,1155,,0
9/1/20,DE,A+,605,533,0,72,,,64,0,,11,220888,1468,,,,,,17535,16537,106,0,,,,,20847,9419,345953,2885,345953,2885,,,,,238423,1574,,0
9/1/20,FL,A+,11521,,190,,39311,39311,3623,369,,,4044826,52758,411877,403867,5579764,,,624116,615240,7487,0,34738,,34017,,812402,,6474550,110290,6474550,110290,446669,,437913,,4663302,60252,6428982,99401
9/1/20,GA,A+,5733,,101,,24847,24847,2488,243,4537,,2095801,22638,,,,,,272697,272697,2226,0,21400,,,,249498,,,0,2368498,24864,278431,,,,,0,2368498,24864
9/1/20,GU,A+,13,,3,,,,43,0,,4,36875,386,,,,,,1447,1439,52,0,2,,,,,568,,0,38322,438,158,,,,,0,38312,438
9/1/20,HI,C,70,,7,,508,508,297,3,,57,189710,1330,,,,,42,8472,,133,0,,,,,8519,2578,257701,2002,257701,2002,,,,,198182,1463,263187,2450
9/1/20,IA,A+,1123,,7,,,,311,0,,88,559628,2084,,46304,,,43,63919,63919,591,0,,,3071,1558,,47437,,0,623547,2675,,,49415,12398,625058,2686,,0
9/1/20,ID,A+,361,327,2,34,1394,1394,162,25,379,46,225601,1455,,,,,,32088,29747,221,0,,,,,,14963,,0,255348,1646,,,,,255348,1646,,0
9/1/20,IL,A,8273,8064,38,209,,,1513,0,,362,3850607,21469,,,,,146,238217,236515,1492,0,,,,,,,,0,4088824,22961,,,,,,0,4087122,22961
9/1/20,IN,A+,3312,3093,16,219,11094,11094,848,51,2230,239,988874,6123,,,,,74,94891,,695,0,,,,,99678,72391,,0,1550884,21552,,,,,1083765,6818,1550884,21552
9/1/20,KS,A+,446,,0,,2304,2304,211,0,628,55,370637,0,,,,209,21,42612,,0,0,,,,,,1673,,0,413249,0,,,,,413249,0,,0
9/1/20,KY,B,948,939,15,9,4616,4616,552,36,1391,138,781236,8312,,,,,,49185,44824,789,0,,,,,,10417,,0,826060,8924,46878,14609,,,,0,826060,8924
9/1/20,LA,A,4984,4821,34,163,,,910,0,,,1740943,16347,,,,,128,149583,148882,689,0,,,,,,127918,,0,1890526,17036,,,,,,0,1889825,17036
9/1/20,MA,A+,9064,8831,4,232,12386,12386,320,22,,55,1635284,21300,,,,,29,128888,119138,355,0,,,,,156836,103920,,0,2448341,43915,,,112996,87251,1754422,21654,2448341,43915
9/1/20,MD,A+,3761,3617,6,144,14337,14337,385,34,,112,1230054,7450,,107996,,,,108863,108863,614,0,,,9906,,129682,6976,,0,1952501,13655,,,117902,,1338917,8064,1952501,13655
9/1/20,ME,A+,132,131,0,1,421,421,9,1,,5,264187,5778,9089,,262339,,1,4548,4081,22,0,479,,,,5686,3945,,0,268735,5800,9581,,,,,0,268268,5799
9/1/20,MI,A+,6767,6495,14,272,,,629,0,,156,2675587,24181,,,2675587,,83,113820,103186,795,0,,,,,145671,76151,,0,2789407,24976,258577,,,,,0,2821258,24996
9/1/20,MN,A+,1872,1823,6,49,6520,6520,294,40,1849,136,1056567,4408,,,,,,76355,76355,491,0,,,,,,68488,1498919,9193,1498919,9193,,,,,1132922,4899,,0
9/1/20,MO,A,1538,,8,,,,906,0,,,905489,7231,,66097,1206684,,110,85755,85755,1058,0,,,2908,,96068,,,0,1305031,10904,,,69005,,991244,8289,1305031,10904
9/1/20,MP,C,2,2,0,,4,4,,0,,,13484,0,,,,,,57,57,1,0,,,,,,29,,0,13541,1,,,,,13540,0,17626,0
9/1/20,MS,A+,2493,2337,20,156,5326,5326,798,0,,196,493933,3018,,,,,117,83584,79650,634,0,95,,,,,67918,,0,577517,3652,26337,31360,,,,0,573583,3503
9/1/20,MT,B,105,,1,,447,447,140,11,,,244787,1970,,,,,,7509,7509,88,0,,,,,,5459,,0,252296,2058,,,,,,0,252296,2058
9/1/20,NC,A+,2741,2741,39,,,,946,0,,270,2126274,37415,,,,,,169424,169424,2111,0,,,,,,145884,,0,2295698,39526,,,,,,0,2295698,39526
9/1/20,ND,A,149,,2,,564,564,62,10,152,15,190418,473,8278,,,,,11982,11982,192,0,338,,,,,9610,458586,2396,458586,2396,8616,,,,201357,901,473749,2496
9/1/20,NE,A+,397,,5,,2006,2006,161,12,,,328788,1483,,,436188,,,34287,34287,241,0,,,,,41883,26177,,0,479055,2782,,,,,363617,1739,479055,2782
9/1/20,NH,B,432,,0,,715,715,8,1,221,,203984,343,,,,,,7297,7297,22,0,,,,,,6634,,0,329116,1021,30385,,29761,,211281,365,329116,1021
9/1/20,NJ,A+,15952,14170,5,1782,22667,22667,463,40,,84,2666758,800,,,,,33,192290,192290,330,0,,,,,,33949,,0,2859048,1130,,,,,,0,2857918,0
9/1/20,NM,B,787,,8,,3151,3151,72,17,,,739939,4417,,,,,,25460,25460,108,0,,,,,,13073,,0,765399,4525,,,,,,0,765399,4525
9/1/20,NV,A+,1313,,8,,,,643,0,,193,530716,2023,,,,,119,69633,69633,405,0,,,,,,,838627,7765,838627,7765,,,,,599812,2304,859175,4390
9/1/20,NY,A,25331,,3,,89995,89995,432,0,,109,7904520,76243,,,,,54,435510,435510,754,0,,,,,,75142,8340030,76997,8340030,76997,,,,,,0,,0
9/1/20,OH,A+,4165,3879,27,286,13479,13479,777,103,2975,241,2145059,24112,,,,,127,124610,118048,1453,0,,,,,,104024,,0,2269669,25565,,,,,,0,2263107,25494
9/1/20,OK,A+,809,,9,,4903,4903,535,82,,207,827513,20968,,,827513,,,59399,59399,666,0,3006,,,,69077,49989,,0,886912,21634,68964,,,,,0,898288,23612
9/1/20,OR,A+,465,,6,,2162,2162,132,13,,49,534854,4339,,,821119,,25,26946,25639,233,0,,,,,49430,4938,,0,870549,10063,,,,,560493,4575,870549,10063
9/1/20,PA,A+,7691,,18,,,,528,0,,,1539969,15774,,,,,73,134795,130961,770,0,,,,,,109183,,0,1674764,16544,,,,,1670930,16524,,0
9/1/20,PR,B,435,288,1,147,,,392,0,,71,305972,0,,,395291,,51,15584,15584,108,0,17837,,,,20103,,,0,321556,108,,,,,,0,415664,0
9/1/20,RI,A+,1050,,2,,2528,2528,81,9,,8,254480,2532,,,499207,,5,22002,22002,53,0,,,,,31281,2113,530488,6074,530488,6074,,,,,276482,2585,,0
9/1/20,SC,A+,2757,2626,37,131,7870,7870,894,59,,232,834556,4000,58050,,798764,,141,119846,118116,854,0,5281,,,,153908,51431,,0,954402,4854,63331,,,,,0,952672,4783
9/1/20,SD,A+,167,,0,,1036,1036,78,7,,,133846,826,,,,,,13749,,240,0,,,,,,10832,,0,147595,1066,,,,,147595,1066,194109,1677
9/1/20,TN,A+,1781,1729,27,52,6978,6978,1037,100,,348,2061422,15356,,,2028999,,164,156329,152527,1396,0,,,,,184950,118885,,0,2217751,16752,,,,,,0,2213949,16633
9/1/20,TX,A+,12681,,145,,,,4144,0,,1525,4906882,41481,,,,,,617333,617333,4364,0,30159,12805,,,750396,514861,,0,5524215,45845,359593,105095,,,,0,5524215,45845
9/1/20,UT,A+,409,,2,,3110,3110,145,17,780,44,610647,3457,,,770355,322,,52403,52403,296,0,,1046,,981,57735,44338,,0,828090,5063,,5706,,4710,662452,3825,828090,5063
9/1/20,VA,A+,2612,2479,32,133,9621,9621,1039,52,,258,1477074,11117,,,,,130,121615,116294,1021,0,,,,,140228,15199,1593368,12077,1593368,12077,,,,,,0,,0
9/1/20,VI,C,15,15,1,,,,,0,,,15248,148,,,,,,1139,,5,0,,,,,,950,,0,16387,153,,,,,,0,16397,147
9/1/20,VT,B,58,58,0,,,,6,0,,,135582,3043,,,,,,1623,1623,6,0,,,,,,1432,,0,188535,4255,,,,,137205,3049,188535,4255
9/1/20,WA,B,1915,1915,10,,6763,6763,392,23,,,1398610,11576,,,,,49,76642,75966,162,0,,,,,,,1473245,11891,1473245,11891,,,,,,0,,0
9/1/20,WI,A+,1139,1130,9,9,5878,5878,295,61,1026,100,1183717,10863,,,,,,81604,76584,1036,0,,,,,,67902,1753134,13321,1753134,13321,,,,,1260301,11844,,0
9/1/20,WV,C,222,220,8,2,,,141,0,,49,427934,2137,,,,,25,10507,10321,257,0,,,,,,8163,,0,438441,2394,15986,,,,,0,438255,2392
9/1/20,WY,A,41,,4,,219,219,13,4,,,72701,270,,,118697,,,3866,3282,24,0,,,,,3500,3206,,0,122197,1500,,,,,75983,288,122197,1500
8/31/20,AK,A,37,37,0,,241,241,39,0,,,343344,1755,,,342703,,8,5286,,36,0,,,,,5598,2238,,0,348630,1791,,,,,,0,348630,1791
8/31/20,AL,B,2182,2083,20,99,14267,14267,1004,0,1474,,859229,3402,,,,807,,126058,117152,823,0,,,,,,48028,,0,976381,4098,,,,,976381,4098,,0
8/31/20,AR,A,797,,13,,4213,4213,420,31,,,665811,13980,,,665811,542,87,61224,61224,368,0,,1894,,,,54961,,0,727035,14348,,12508,,,,0,727035,14348
8/31/20,AS,C,0,,0,,,,,0,,,1514,0,,,,,,0,0,0,0,,,,,,,,0,1514,0,,,,,,0,1514,0
8/31/20,AZ,A+,5029,4762,-1,267,21405,21405,768,-16,,256,1002594,4814,,,,,152,201835,200104,174,0,,,,,,30682,,0,1754165,4377,267557,,,,1202698,4970,1754165,4377
8/31/20,CA,B,12933,,28,,,,4829,0,,1346,10669220,137300,,,,,,704085,704085,4176,0,,,,,,,,0,11373305,141476,,,,,,0,11373305,141476
8/31/20,CO,A+,1945,1597,1,348,7028,7028,241,18,,,657344,4671,146905,,,,,57424,53579,201,0,10932,,,,,5953,1009970,7168,1009970,7168,157837,,,,710923,4856,,0
8/31/20,CT,B,4465,3580,0,885,11180,11180,52,0,,,1120217,45206,,,,,,52879,50753,384,0,,,,,,8967,,0,1173096,45590,,,,,,0,1170970,45572
8/31/20,DC,A+,607,,1,,,,70,0,,21,276690,2560,,,,,8,13992,,33,0,,,,,,11105,290682,2593,290682,2593,,,,,179339,1256,,0
8/31/20,DE,A+,605,533,1,72,,,58,0,,16,219420,2102,,,,,,17429,16431,86,0,,,,,20772,9381,343068,2285,343068,2285,,,,,236849,2188,,0
8/31/20,FL,A+,11331,,68,,38942,38942,3736,85,,,3992068,14046,411877,403867,5492615,,,616629,608109,1876,0,34738,,34017,,800773,,6364260,33553,6364260,33553,446669,,437913,,4603050,15974,6329581,25940
8/31/20,GA,A+,5632,,28,,24604,24604,2463,32,4493,,2073163,14646,,,,,,270471,270471,1498,0,21369,,,,247592,,,0,2343634,16144,278200,,,,,0,2343634,16144
8/31/20,GU,A+,10,,0,,,,38,0,,5,36489,376,,,,,,1395,1387,48,0,2,,,,,533,,0,37884,424,158,,,,,0,37874,958
8/31/20,HI,C,63,,1,,505,505,272,8,,57,188380,2584,,,,,42,8339,,200,0,,,,,8392,2520,255699,4322,255699,4322,,,,,196719,2784,260737,4087
8/31/20,IA,A+,1116,,3,,,,299,0,,85,557544,3169,,46099,,,46,63328,63328,608,0,,,3052,1500,,46740,,0,620872,3777,,,49191,11957,622372,3775,,0
8/31/20,ID,A+,359,325,1,34,1369,1369,181,4,375,52,224146,1498,,,,,,31867,29556,190,0,,,,,,14712,,0,253702,1680,,,,,253702,1680,,0
8/31/20,IL,A,8235,8026,7,209,,,1492,0,,347,3829138,45711,,,,,157,236725,235023,1668,0,,,,,,,,0,4065863,47379,,,,,,0,4064161,47379
8/31/20,IN,A+,3296,3077,5,219,11043,11043,881,200,2217,222,982751,10708,,,,,79,94196,,883,0,,,,,98364,71591,,0,1529332,4601,,,,,1076947,11591,1529332,4601
8/31/20,KS,A+,446,,3,,2304,2304,211,26,628,55,370637,8538,,,,209,21,42612,,1564,0,,,,,,1673,,0,413249,10102,,,,,413249,10102,,0
8/31/20,KY,B,933,924,3,9,4580,4580,557,20,1385,144,772924,4842,,,,,,48396,44212,364,0,,,,,,10375,,0,817136,5547,46866,13441,,,,0,817136,5547
8/31/20,LA,A,4950,4787,19,163,,,881,0,,,1724596,3713,,,,,132,148894,148193,326,0,,,,,,127918,,0,1873490,4039,,,,,,0,1872789,4039
8/31/20,MA,A+,9060,8827,11,232,12364,12364,314,3,,56,1613984,18439,,,,,22,128533,118784,304,0,,,,,156404,103920,,0,2404426,31862,,,112727,86838,1732768,18740,2404426,31862
8/31/20,MD,A+,3755,3612,3,143,14303,14303,377,48,,107,1222604,11157,,107996,,,,108249,108249,458,0,,,9906,,129045,6124,,0,1938846,19331,,,117902,,1330853,11615,1938846,19331
8/31/20,ME,A+,132,131,0,1,420,420,6,0,,4,258409,3260,9056,,256576,,1,4526,4060,14,0,479,,,,5652,3923,,0,262935,3274,9548,,,,,0,262469,3273
8/31/20,MI,A+,6753,6480,5,273,,,629,0,,156,2651406,19138,,,2651406,,90,113025,102468,499,0,,,,,144856,76151,,0,2764431,19637,257840,,,,,0,2796262,19765
8/31/20,MN,A+,1866,1817,1,49,6480,6480,306,26,1839,131,1052159,5277,,,,,,75864,75864,675,0,,,,,,67656,1489726,11294,1489726,11294,,,,,1128023,5952,,0
8/31/20,MO,A,1530,,22,,,,906,0,,,898258,7676,,66025,1196755,,110,84697,84697,1042,0,,,2899,,95127,,,0,1294127,11071,,,68924,,982955,8718,1294127,11071
8/31/20,MP,C,2,2,0,,4,4,,0,,,13484,0,,,,,,56,56,0,0,,,,,,29,,0,13540,0,,,,,13540,0,17626,0
8/31/20,MS,A+,2473,2319,32,154,5326,5326,802,26,,207,490915,4427,,,,,121,82950,79165,274,0,95,,,,,67918,,0,573865,4701,25554,31261,,,,0,570080,5147
8/31/20,MT,B,104,,0,,436,436,134,4,,,242817,3496,,,,,,7421,7421,81,0,,,,,,5330,,0,250238,3577,,,,,,0,250238,3577
8/31/20,NC,A+,2702,2702,10,,,,923,0,,244,2088859,11713,,,,,,167313,167313,1186,0,,,,,,145884,,0,2256172,12899,,,,,,0,2256172,12899
8/31/20,ND,A,147,,2,,554,554,68,0,149,17,189945,1682,8245,,,,,11790,11790,114,0,335,,,,,9295,456190,1781,456190,1781,8580,,,,200456,734,471253,1920
8/31/20,NE,A+,392,,0,,1994,1994,172,2,,,327305,3113,,,433700,,,34046,34046,293,0,,,,,41592,25969,,0,476273,4775,,,,,361878,3410,476273,4775
8/31/20,NH,B,432,,0,,714,714,6,0,220,,203641,1600,,,,,,7275,7275,21,0,,,,,,6615,,0,328095,2520,30373,,29752,,210916,1621,328095,2520
8/31/20,NJ,A+,15947,14165,8,1782,22627,22627,484,0,,103,2665958,21235,,,,,36,191960,191960,349,0,,,,,,33912,,0,2857918,21584,,,,,,0,2857918,21584
8/31/20,NM,B,779,,9,,3134,3134,65,8,,,735522,3872,,,,,,25352,25352,69,0,,,,,,12960,,0,760874,3941,,,,,,0,760874,3941
8/31/20,NV,A+,1305,,3,,,,664,0,,196,528693,1916,,,,,106,69228,69228,320,0,,,,,,,830862,1510,830862,1510,,,,,597508,2235,854785,4250
8/31/20,NY,A,25328,,1,,89995,89995,418,0,,109,7828277,65585,,,,,51,434756,434756,656,0,,,,,,75100,8263033,66241,8263033,66241,,,,,,0,,0
8/31/20,OH,A+,4138,3854,10,284,13376,13376,774,59,2961,244,2120947,46349,,,,,140,123157,116666,895,0,,,,,,102631,,0,2244104,47244,,,,,,0,2237613,47209
8/31/20,OK,A+,800,,1,,4821,4821,570,7,,214,806545,0,,,806545,,,58733,58733,713,0,3006,,,,66512,49184,,0,865278,713,68964,,,,,0,874676,0
8/31/20,OR,A+,459,,1,,2149,2149,136,41,,43,530515,3724,,,811940,,24,26713,25403,159,0,,,,,48546,4884,,0,860486,6095,,,,,555918,13329,860486,6095
8/31/20,PA,A+,7673,,0,,,,505,0,,,1524195,8296,,,,,78,134025,130211,521,0,,,,,,109900,,0,1658220,8817,,,,,1654406,8804,,0
8/31/20,PR,B,434,287,0,147,,,383,0,,65,305972,0,,,395291,,50,15476,15476,247,0,17723,,,,20103,,,0,321448,247,,,,,,0,415664,0
8/31/20,RI,A+,1048,,1,,2519,2519,77,0,,9,251948,1835,,,493216,,5,21949,21949,46,0,,,,,31198,2108,524414,3936,524414,3936,,,,,273897,1881,,0
8/31/20,SC,A+,2720,2588,11,132,7811,7811,934,29,,247,830556,6007,57989,,795153,,136,118992,117333,668,0,5267,,,,152736,51431,,0,949548,6675,63256,,,,,0,947889,6643
8/31/20,SD,A+,167,,0,,1029,1029,76,12,,,133020,691,,,,,,13509,,187,0,,,,,,10612,,0,146529,878,,,,,146529,878,192432,1482
8/31/20,TN,A+,1754,1704,7,50,6878,6878,910,38,,313,2046066,10171,,,2014005,,155,154933,151250,1818,0,,,,,183311,116864,,0,2200999,11989,,,,,,0,2197316,11952
8/31/20,TX,A+,12536,,26,,,,4203,0,,1525,4865401,10200,,,,,,612969,612969,2615,0,30025,12533,,,746464,507499,,0,5478370,12815,358718,101788,,,,0,5478370,12815
8/31/20,UT,A+,407,,0,,3093,3093,143,13,776,45,607190,2448,,,765693,319,,52107,52107,253,0,,1008,,943,57334,43990,,0,823027,3997,,5334,,4405,658627,2673,823027,3997
8/31/20,VA,A+,2580,2447,11,133,9569,9569,1082,14,,257,1465957,12277,,,,,146,120594,115334,847,0,,,,,139056,15085,1581291,13097,1581291,13097,,,,,,0,,0
8/31/20,VI,C,14,14,0,,,,,0,,,15100,123,,,,,,1134,,5,0,,,,,,898,,0,16234,128,,,,,,0,16250,128
8/31/20,VT,B,58,58,0,,,,8,0,,,132539,2461,,,,,,1617,1617,5,0,,,,,,1425,,0,184280,3212,,,,,134156,2466,184280,3212
8/31/20,WA,B,1905,1905,0,,6740,6740,411,0,,,1387034,0,,,,,51,76480,75809,325,0,,,,,,,1461354,0,1461354,0,,,,,,0,,0
8/31/20,WI,A+,1130,1122,0,8,5817,5817,290,13,1020,96,1172854,3552,,,,,,80568,75603,268,0,,,,,,67234,1739813,11302,1739813,11302,,,,,1248457,3818,,0
8/31/20,WV,C,214,212,1,2,,,139,0,,49,425797,4785,,,,,23,10250,10066,140,0,,,,,,8017,,0,436047,4925,15982,,,,,0,435863,4923
8/31/20,WY,A,37,,0,,215,215,16,0,,,72431,958,,,117217,,,3842,3264,22,0,,,,,3480,3181,,0,120697,1703,,,,,75695,1026,120697,1703
8/30/20,AK,A,37,37,0,,241,241,41,1,,,341589,1101,,,340942,,8,5250,,43,0,,,,,5568,2233,,0,346839,1144,,,,,,0,346839,1144
8/30/20,AL,B,2162,2067,10,95,14267,14267,969,0,1467,,855827,3898,,,,804,,125235,116456,1346,0,,,,,,48028,,0,972283,5070,,,,,972283,5070,,0
8/30/20,AR,A,784,,12,,4182,4182,391,40,,,651831,5239,,,651831,541,84,60856,60856,478,0,,1085,,,,54408,,0,712687,5717,,7090,,,,0,712687,5717
8/30/20,AS,C,0,,0,,,,,0,,,1514,0,,,,,,0,0,0,0,,,,,,,,0,1514,0,,,,,,0,1514,0
8/30/20,AZ,A+,5030,4762,23,268,21421,21421,757,-12,,263,997780,6691,,,,,161,201661,199948,374,0,,,,,,30539,,0,1749788,6351,266656,,,,1197728,7060,1749788,6351
8/30/20,CA,B,12905,,71,,,,4943,0,,1396,10531920,116129,,,,,,699909,699909,6070,0,,,,,,,,0,11231829,122199,,,,,,0,11231829,122199
8/30/20,CO,A+,1944,1596,0,348,7010,7010,240,17,,,652673,4505,146590,,,,,57223,53394,182,0,10910,,,,,5946,1002802,7851,1002802,7851,157500,,,,706067,4690,,0
8/30/20,CT,B,4465,3579,0,886,11180,11180,60,0,,,1075011,0,,,,,,52495,50387,0,0,,,,,,8967,,0,1127506,0,,,,,,0,1125398,0
8/30/20,DC,A+,606,,1,,,,69,0,,24,274130,2299,,,,,10,13959,,34,0,,,,,,11087,288089,2333,288089,2333,,,,,178083,974,,0
8/30/20,DE,A+,604,533,0,71,,,55,0,,16,217318,1783,,,,,,17343,16346,-6,0,,,,,20691,9318,340783,4223,340783,4223,,,,,234661,1777,,0
8/30/20,FL,A+,11263,,14,,38857,38857,3793,96,,,3978022,21814,411877,403867,5469322,,,614753,606336,2547,0,34738,,34017,,798352,,6330707,51890,6330707,51890,446669,,437913,,4587076,24396,6303641,41324
8/30/20,GA,A+,5604,,28,,24572,24572,2489,39,4489,,2058517,14096,,,,,,268973,268973,1215,0,21177,,,,245837,,,0,2327490,15311,276958,,,,,0,2327490,15311
8/30/20,GU,A+,10,,0,,,,36,0,,4,36113,0,,,,,,1347,1339,0,0,2,,,,,488,,0,37460,0,158,,,,,0,36916,0
8/30/20,HI,C,62,,3,,497,497,272,12,,57,185796,2716,,,,,42,8139,,309,0,,,,,8197,2477,251377,5310,251377,5310,,,,,193935,3025,256650,4940
8/30/20,IA,A+,1113,,5,,,,308,0,,88,554375,3545,,46073,,,42,62720,62720,971,0,,,3044,1488,,46555,,0,617095,4516,,,49157,11962,618597,4503,,0
8/30/20,ID,A+,358,324,5,34,1365,1365,181,16,374,52,222648,2982,,,,,,31677,29374,293,0,,,,,,14490,,0,252022,3268,,,,,252022,3268,,0
8/30/20,IL,A,8228,8019,11,209,,,1472,0,,328,3783427,41701,,,,,155,235057,233355,1992,0,,,,,,,,0,4018484,43693,,,,,,0,4016782,43693
8/30/20,IN,A+,3291,3072,6,219,10843,10843,883,4,2163,267,972043,8684,,,,,79,93313,,879,0,,,,,98104,70534,,0,1524731,7068,,,,,1065356,9563,1524731,7068
8/30/20,KS,A+,443,,0,,2278,2278,328,0,616,96,362099,0,,,,206,31,41048,,0,0,,,,,,1658,,0,403147,0,,,,,403147,0,,0
8/30/20,KY,B,930,921,9,9,4560,4560,570,0,1379,149,768082,0,,,,,,48032,43901,455,0,,,,,,10328,,0,811589,0,46781,13441,,,,0,811589,0
8/30/20,LA,A,4931,4768,27,163,,,902,0,,,1720883,38648,,,,,143,148568,147867,1624,0,,,,,,127918,,0,1869451,40272,,,,,,0,1868750,40272
8/30/20,MA,A+,9049,8816,13,232,12361,12361,290,3,,62,1595545,16420,,,,,25,128229,118483,199,0,,,,,156076,103920,,0,2372564,32895,,,112603,86612,1714028,16594,2372564,32895
8/30/20,MD,A+,3752,3609,6,143,14255,14255,358,38,,107,1211447,14258,,107996,,,,107791,107791,497,0,,,9906,,128493,6124,,0,1919515,25105,,,117902,,1319238,14755,1919515,25105
8/30/20,ME,A+,132,131,0,1,420,420,7,2,,4,255149,4280,9045,,253317,,1,4512,4047,23,0,479,,,,5638,3910,,0,259661,4303,9537,,,,,0,259196,4295
8/30/20,MI,A+,6748,6473,36,275,,,669,0,,184,2632268,59530,,,2632268,,93,112526,102017,1390,0,,,,,144229,76151,,0,2744794,60920,257397,,,,,0,2776497,27091
8/30/20,MN,A+,1865,1816,2,49,6454,6454,315,43,1834,136,1046882,10002,,,,,,75189,75189,932,0,,,,,,66916,1478432,18051,1478432,18051,,,,,1122071,10934,,0
8/30/20,MO,A,1508,,12,,,,1004,0,,,890582,7446,,65935,1186910,,111,83655,83655,1465,0,,,2884,,93879,,,0,1283056,11197,,,68819,,974237,8911,1283056,11197
8/30/20,MP,C,2,2,0,,4,4,,0,,,13484,-2,,,,,,56,56,0,0,,,,,,29,,0,13540,-2,,,,,13540,0,17626,0
8/30/20,MS,A+,2441,2294,14,147,5300,5300,819,0,,215,486488,0,,,,,111,82676,78904,647,0,95,,,,,62707,,0,569164,647,25255,30859,,,,0,564933,0
8/30/20,MT,B,104,,0,,432,432,131,3,,,239321,1191,,,,,,7340,7340,89,0,,,,,,5283,,0,246661,1280,,,,,,0,246661,1280
8/30/20,NC,A+,2692,2692,9,,,,917,0,,260,2077146,24073,,,,,,166127,166127,1051,0,,,,,,136630,,0,2243273,25124,,,,,,0,2243273,25124
8/30/20,ND,A,145,,0,,554,554,68,3,147,17,188263,0,8231,,,,,11676,11676,221,0,334,,,,,9079,454409,3551,454409,3551,8565,,,,199722,1401,469333,3660
8/30/20,NE,A+,392,,0,,1992,1992,172,10,,,324192,2410,,,429254,,,33753,33753,317,0,,,,,41264,25727,,0,471498,4242,,,,,358468,2737,471498,4242
8/30/20,NH,B,432,,0,,714,714,6,0,220,,202041,1947,,,,,,7254,7254,8,0,,,,,,6600,,0,325575,3711,30318,,29702,,209295,1955,325575,3711
8/30/20,NJ,A+,15939,14157,4,1782,22627,22627,480,10,,95,2644723,28296,,,,,28,191611,191611,291,0,,,,,,33893,,0,2836334,28587,,,,,,0,2836334,28587
8/30/20,NM,B,770,,1,,3126,3126,66,10,,,731650,4306,,,,,,25283,25283,105,0,,,,,,12913,,0,756933,4411,,,,,,0,756933,4411
8/30/20,NV,A+,1302,,0,,,,675,0,,182,526777,2717,,,,,102,68908,68908,447,0,,,,,,,829352,3502,829352,3502,,,,,595273,3158,850535,6144
8/30/20,NY,A,25327,,8,,89995,89995,429,0,,112,7762692,99324,,,,,47,434100,434100,698,0,,,,,,75062,8196792,100022,8196792,100022,,,,,,0,,0
8/30/20,OH,A+,4128,3844,2,284,13317,13317,769,29,2954,254,2074598,24812,,,,,135,122262,115806,922,0,,,,,,101944,,0,2196860,25734,,,,,,0,2190404,25707
8/30/20,OK,A+,799,,2,,4814,4814,570,20,,214,806545,0,,,806545,,,58020,58020,667,0,3006,,,,66512,48933,,0,864565,667,68964,,,,,0,874676,0
8/30/20,OR,A+,458,,4,,2108,2108,166,0,,47,526791,4234,,,806187,,22,26554,24776,261,0,,,,,48204,4884,,0,854391,6757,,,,,542589,0,854391,6757
8/30/20,PA,A+,7673,,2,,,,499,0,,,1515899,11791,,,,,72,133504,129703,670,0,,,,,,109473,,0,1649403,12461,,,,,1645602,12438,,0
8/30/20,PR,B,434,287,6,147,,,365,0,,63,305972,0,,,395291,,46,15229,15229,243,0,17619,,,,20103,,,0,321201,243,,,,,,0,415664,0
8/30/20,RI,A+,1047,,0,,2519,2519,77,5,,9,250113,1759,,,489343,,5,21903,21903,46,0,,,,,31135,2108,520478,5336,520478,5336,,,,,272016,1805,,0
8/30/20,SC,A+,2709,2574,11,135,7782,7782,956,17,,250,824549,6175,57790,,789377,,143,118324,116697,1075,0,5227,,,,151869,51431,,0,942873,7250,63017,,,,,0,941246,7211
8/30/20,SD,A+,167,,0,,1017,1017,78,11,,,132329,765,,,,,,13322,,380,0,,,,,,10511,,0,145651,1145,,,,,145651,1145,190950,1591
8/30/20,TN,A+,1747,1698,22,49,6840,6840,889,89,,306,2035895,11170,,,2003929,,155,153115,149469,835,0,,,,,181435,114769,,0,2189010,12005,,,,,,0,2185364,11958
8/30/20,TX,A+,12510,,90,,,,4172,0,,1566,4855201,16519,,,,,,610354,610354,3824,0,29723,12438,,,745270,499518,,0,5465555,20343,356857,100665,,,,0,5465555,20343
8/30/20,UT,A+,407,,0,,3080,3080,134,23,776,45,604742,3729,,,761938,319,,51854,51854,448,0,,997,,932,57092,43724,,0,819030,6135,,5239,,4326,655954,4045,819030,6135
8/30/20,VA,A+,2569,2436,1,133,9555,9555,1090,43,,251,1453680,11816,,,,,132,119747,114514,938,0,,,,,137012,14999,1568194,12707,1568194,12707,,,,,,0,,0
8/30/20,VI,C,14,14,0,,,,,0,,,14977,263,,,,,,1129,,11,0,,,,,,893,,0,16106,274,,,,,,0,16122,204
8/30/20,VT,B,58,58,0,,,,13,0,,,130078,3015,,,,,,1612,1612,11,0,,,,,,1421,,0,181068,4134,,,,,131690,3026,181068,4134
8/30/20,WA,B,1905,1905,0,,6740,6740,415,61,,,1387034,36564,,,,,51,76155,75490,499,0,,,,,,,1461354,37583,1461354,37583,,,,,,0,,0
8/30/20,WI,A+,1130,1122,3,8,5804,5804,287,29,1020,104,1169302,4562,,,,,,80300,75337,570,0,,,,,,66699,1728511,13218,1728511,13218,,,,,1244639,5099,,0
8/30/20,WV,C,213,211,1,2,,,141,0,,45,421012,4722,,,,,21,10110,9928,143,0,,,,,,7983,,0,431122,4865,15943,,,,,0,430940,4866
8/30/20,WY,A,37,,0,,215,215,15,0,,,71473,0,,,115554,,,3820,3245,36,0,,,,,3440,3136,,0,118994,240,,,,,74669,0,118994,240
8/29/20,AK,A,37,37,0,,240,240,43,1,,,340488,6064,,,339808,,7,5207,,93,0,,,,,5558,2201,,0,345695,6157,,,,,,0,345695,6157
8/29/20,AL,B,2152,2059,45,93,14267,14267,986,0,1459,,851929,9251,,,,801,,123889,115284,1704,0,,,,,,48028,,0,967213,10812,,,,,967213,10812,,0
8/29/20,AR,A,772,,16,,4142,4142,407,0,,,646592,8120,,,646592,538,95,60378,60378,795,0,,1085,,,,54133,,0,706970,8915,,7090,,,,0,706970,8915
8/29/20,AS,C,0,,0,,,,,0,,,1514,0,,,,,,0,0,0,0,,,,,,,,0,1514,0,,,,,,0,1514,0
8/29/20,AZ,A+,5007,4738,29,269,21433,21433,812,5,,262,991089,7670,,,,,164,201287,199579,629,0,,,,,,30331,,0,1743437,14000,265542,,,,1190668,8271,1743437,14000
8/29/20,CA,B,12834,,144,,,,5063,0,,1411,10415791,94012,,,,,,693839,693839,4981,0,,,,,,,,0,11109630,98993,,,,,,0,11109630,98993
8/29/20,CO,A+,1944,1596,7,348,6993,6993,239,48,,,648168,5557,146238,,,,,57041,53209,268,0,10882,,,,,5933,994951,9329,994951,9329,157120,,,,701377,5808,,0
8/29/20,CT,B,4465,3579,0,886,11180,11180,60,0,,,1075011,0,,,,,,52495,50387,0,0,,,,,,8967,,0,1127506,0,,,,,,0,1125398,0
8/29/20,DC,A+,605,,0,,,,76,0,,25,271831,4133,,,,,13,13925,,74,0,,,,,,11046,285756,4207,285756,4207,,,,,177109,2003,,0
8/29/20,DE,A+,604,533,0,71,,,61,0,,14,215535,1577,,,,,,17349,16336,266,0,,,,,20620,9271,336560,4719,336560,4719,,,,,232884,1843,,0
8/29/20,FL,A+,11249,,150,,38761,38761,3799,287,,,3956208,24337,411877,403867,5431783,,,612206,603892,3132,0,34738,,34017,,794867,,6278817,62926,6278817,62926,446669,,437913,,4562680,27496,6262317,46313
8/29/20,GA,A+,5576,,105,,24533,24533,2582,198,4479,,2044421,22809,,,,,,267758,267758,2386,0,20980,,,,244513,,,0,2312179,25195,275453,,,,,0,2312179,25195
8/29/20,GU,A+,10,,0,,,,36,0,,4,36113,474,,,,,,1347,1339,60,0,2,,,,,488,,0,37460,534,158,,,,,0,36916,0
8/29/20,HI,C,59,,4,,485,485,279,23,,55,183080,2493,,,,,38,7830,,264,0,,,,,7877,2410,246067,4582,246067,4582,,,,,190910,2757,251710,4693
8/29/20,IA,A+,1108,,13,,,,315,0,,91,550830,4642,,45743,,,43,61749,61749,778,0,,,3034,1450,,46409,,0,612579,5420,,,48817,11775,614094,5419,,0
8/29/20,ID,A+,353,319,10,34,1349,1349,181,21,369,52,219666,1601,,,,,,31384,29088,262,0,,,,,,14175,,0,248754,1848,,,,,248754,1848,,0
8/29/20,IL,A,8217,8008,11,209,,,1563,0,,349,3741726,46904,,,,,134,233065,231363,1880,0,,,,,,,,0,3974791,48784,,,,,,0,3973089,48784
8/29/20,IN,A+,3285,3066,8,219,10839,10839,880,21,2167,278,963359,10623,,,,,72,92434,,1121,0,,,,,97687,70183,,0,1517663,20667,,,,,1055793,11744,1517663,20667
8/29/20,KS,A+,443,,0,,2278,2278,328,0,616,96,362099,0,,,,206,31,41048,,0,0,,,,,,1658,,0,403147,0,,,,,403147,0,,0
8/29/20,KY,B,921,913,3,8,4560,4560,570,28,1379,149,768082,10189,,,,,,47577,43507,820,0,,,,,,10328,,0,811589,10885,46781,13441,,,,0,811589,10885
8/29/20,LA,A,4904,4741,0,163,,,900,0,,,1682235,0,,,,,141,146944,146243,0,0,,,,,,127918,,0,1829179,0,,,,,,0,1828478,0
8/29/20,MA,A+,9036,8803,13,232,12358,12358,305,24,,62,1579125,23461,,,,,26,128030,118309,446,0,,,,,155842,103920,,0,2339669,48917,,,112464,85450,1697434,23882,2339669,48917
8/29/20,MD,A+,3746,3603,10,143,14217,14217,387,33,,106,1197189,12583,,107996,,,,107294,107294,630,0,,,9906,,127872,6124,,0,1894410,25483,,,117902,,1304483,13213,1894410,25483
8/29/20,ME,A+,132,131,0,1,418,418,8,1,,2,250869,4132,9016,,249049,,1,4489,4032,53,0,478,,,,5613,3899,,0,255358,4185,9507,,,,,0,254901,4183
8/29/20,MI,A+,6712,6446,0,266,,,669,0,,184,2572738,0,,,2572738,,93,111136,100699,0,0,,,,,142390,76151,,0,2683874,0,256585,,,,,0,2749406,34278
8/29/20,MN,A+,1863,1814,4,49,6411,6411,313,54,1822,134,1036880,8410,,,,,,74257,74257,1017,0,,,,,,66107,1460381,17037,1460381,17037,,,,,1111137,9427,,0
8/29/20,MO,A,1496,,32,,,,976,0,,,883136,9495,,65674,1177080,,113,82190,82190,1198,0,,,2851,,92544,,,0,1271859,13274,,,68525,,965326,10693,1271859,13274
8/29/20,MP,C,2,2,0,,4,4,,0,,,13486,0,,,,,,56,56,2,0,,,,,,29,,0,13542,2,,,,,13540,0,17626,0
8/29/20,MS,A+,2427,2281,14,146,5300,5300,819,21,,215,486488,4900,,,,,111,82029,78445,735,0,95,,,,,62707,,0,568517,5635,25255,30859,,,,0,564933,5523
8/29/20,MT,B,104,,4,,429,429,128,12,,,238130,2318,,,,,,7251,7251,188,0,,,,,,5278,,0,245381,2506,,,,,,0,245381,2506
8/29/20,NC,A+,2683,2683,31,,,,965,0,,264,2053073,32673,,,,,,165076,165076,2585,0,,,,,,136630,,0,2218149,35258,,,,,,0,2218149,35258
8/29/20,ND,A,145,,2,,551,551,65,1,147,17,188263,1377,8231,,,,,11455,11455,372,0,334,,,,,9018,450858,7678,450858,7678,8565,,,,198321,1932,465673,7901
8/29/20,NE,A+,392,,1,,1982,1982,168,14,,,321782,2464,,,425399,,,33436,33436,335,0,,,,,40879,25282,,0,467256,4332,,,,,355731,2809,467256,4332
8/29/20,NH,B,432,,0,,714,714,7,1,220,,200094,1153,,,,,,7246,7246,30,0,,,,,,6571,,0,321864,2793,30253,,29641,,207340,1183,321864,2793
8/29/20,NJ,A+,15935,14153,3,1782,22617,22617,437,31,,88,2616427,58204,,,,,26,191320,191320,349,0,,,,,,33827,,0,2807747,58553,,,,,,0,2807747,58911
8/29/20,NM,B,769,,2,,3116,3116,67,10,,,727344,5109,,,,,,25178,25178,136,0,,,,,,12820,,0,752522,5245,,,,,,0,752522,5245
8/29/20,NV,A+,1302,,15,,,,675,0,,182,524060,3361,,,,,102,68461,68461,609,0,,,,,,,825850,5691,825850,5691,,,,,592115,3814,844391,7334
8/29/20,NY,A,25319,,7,,89995,89995,458,0,,116,7663368,93238,,,,,48,433402,433402,635,0,,,,,,74990,8096770,93873,8096770,93873,,,,,,0,,0
8/29/20,OH,A+,4126,3842,21,284,13288,13288,791,67,2952,260,2049786,28855,,,,,143,121340,114911,1216,0,,,,,,101185,,0,2171126,30071,,,,,,0,2164697,30041
8/29/20,OK,A+,797,,11,,4794,4794,570,75,,214,806545,7025,,,806545,,,57353,57353,1093,0,3006,,,,66512,48607,,0,863898,8118,68964,,,,,0,874676,8491
8/29/20,OR,A+,454,,7,,2108,2108,166,0,,47,522557,4744,,,799829,,22,26293,24776,239,0,,,,,47805,4884,,0,847634,8844,,,,,542589,0,847634,8844
8/29/20,PA,A+,7671,,16,,,,509,0,,,1504108,15273,,,,,78,132834,129056,843,0,,,,,,108923,,0,1636942,16116,,,,,1633164,16079,,0
8/29/20,PR,B,428,283,4,145,,,365,0,,65,305972,0,,,395291,,44,14986,14986,260,0,17564,,,,20103,,,0,320958,260,,,,,,0,415664,0
8/29/20,RI,A+,1047,,1,,2514,2514,80,18,,8,248354,3246,,,484071,,6,21857,21857,174,0,,,,,31071,2101,515142,10238,515142,10238,,,,,270211,3420,,0
8/29/20,SC,A+,2698,2563,43,135,7765,7765,945,167,,245,818374,7816,57544,,783450,,145,117249,115661,1298,0,5173,,,,150585,51431,,0,935623,9114,62717,,,,,0,934035,9077
8/29/20,SD,A+,167,,2,,1006,1006,79,11,,,131564,1141,,,,,,12942,,425,0,,,,,,10347,,0,144506,1566,,,,,144506,1566,189359,2917
8/29/20,TN,A+,1725,1677,24,48,6751,6751,1002,0,,338,2024725,20036,,,1992863,,166,152280,148681,1465,0,,,,,180543,114099,,0,2177005,21501,,,,,,0,2173406,21391
8/29/20,TX,A+,12420,,154,,,,4273,0,,1648,4838682,36311,,,,,,606530,606530,4762,0,29635,12353,,,743372,492921,,0,5445212,41073,356229,99677,,,,0,5445212,41073
8/29/20,UT,A+,407,,0,,3057,3057,139,16,774,48,601013,4378,,,756154,319,,51406,51406,458,0,,980,,916,56741,43342,,0,812895,7188,,5080,,4198,651909,4812,812895,7188
8/29/20,VA,A+,2568,2435,18,133,9512,9512,1101,52,,245,1441864,15020,,,,,131,118809,113623,1217,0,,,,,137012,14957,1555487,16197,1555487,16197,,,,,,0,,0
8/29/20,VI,C,14,14,0,,,,,0,,,14714,410,,,,,,1118,,43,0,,,,,,891,,0,15832,453,,,,,,0,15918,449
8/29/20,VT,B,58,58,0,,,,10,0,,,127063,3333,,,,,,1601,1601,12,0,,,,,,1413,,0,176934,4918,,,,,128664,3345,176934,4918
8/29/20,WA,B,1905,1905,15,,6679,6679,425,5,,,1350470,15009,,,,,46,75656,75042,533,0,,,,,,,1423771,15607,1423771,15607,,,,,,0,,0
8/29/20,WI,A+,1127,1119,6,8,5775,5775,268,39,1017,90,1164740,7933,,,,,,79730,74800,862,0,,,,,,66075,1715293,15862,1715293,15862,,,,,1239540,8752,,0
8/29/20,WV,C,212,210,10,2,,,151,0,,49,416290,6533,,,,,23,9967,9784,143,0,,,,,,7935,,0,426257,6676,15901,,,,,0,426074,6673
8/29/20,WY,A,37,,0,,215,215,15,0,,,71473,0,,,115321,,,3784,3210,21,0,,,,,3433,3116,,0,118754,267,,,,,74669,0,118754,267
8/28/20,AK,A,37,37,0,,239,239,37,3,,,334424,3202,,,333850,,8,5114,,116,0,,,,,5359,2183,,0,339538,3318,,,,,,0,339538,3318
8/28/20,AL,B,2107,2017,31,90,14267,14267,1002,262,1450,,842678,6892,,,,794,,122185,113723,1162,0,,,,,,48028,,0,956401,7821,,,,,956401,7821,,0
8/28/20,AR,A,756,,17,,4142,4142,407,38,,,638472,7189,,,638472,538,95,59583,59583,838,0,,1085,,,,53331,,0,698055,8027,,7090,,,,0,698055,8027
8/28/20,AS,C,0,,0,,,,,0,,,1514,0,,,,,,0,0,0,0,,,,,,,,0,1514,0,,,,,,0,1514,0
8/28/20,AZ,A+,4978,4709,49,269,21428,21428,809,2,,272,983419,8630,,,,,160,200658,198978,519,0,,,,,,30123,,0,1729437,14666,264598,,,,1182397,9104,1729437,14666
8/28/20,CA,B,12690,,140,,,,5267,0,,1477,10321779,86893,,,,,,688858,688858,5329,0,,,,,,,,0,11010637,92222,,,,,,0,11010637,92222
8/28/20,CO,A+,1937,1591,6,346,6945,6945,225,17,,,642611,7643,145665,,,,,56773,52958,430,0,10834,,,,,5921,985622,12632,985622,12632,156499,,,,695569,8039,,0
8/28/20,CT,B,4465,3579,0,886,11180,11180,60,0,,,1075011,13865,,,,,,52495,50387,145,0,,,,,,8967,,0,1127506,14010,,,,,,0,1125398,13997
8/28/20,DC,A+,605,,0,,,,83,0,,22,267698,4788,,,,,10,13851,,57,0,,,,,,11010,281549,4845,281549,4845,,,,,175106,2208,,0
8/28/20,DE,A+,604,533,0,71,,,57,0,,12,213958,2875,,,,,,17083,16092,107,0,,,,,20517,9156,331841,3135,331841,3135,,,,,231041,2982,,0
8/28/20,FL,A,11099,,88,,38474,38474,4001,311,,,3931871,26498,411877,403867,5390000,,,609074,600982,3732,0,34738,,34017,,790677,,6215891,65264,6215891,65264,446669,,437913,,4535184,30273,6216004,48961
8/28/20,GA,A,5471,,78,,24335,24335,2648,208,4433,,2021612,15849,,,,,,265372,265372,2298,0,20781,,,,242320,,,0,2286984,18147,273911,,,,,0,2286984,18147
8/28/20,GU,A,10,,0,,,,36,0,,4,35639,515,,,,,,1287,1279,55,0,2,,,,,488,,0,36926,570,158,,,,,0,36916,570
8/28/20,HI,C,55,,4,,462,462,286,18,,56,180587,2172,,,,,39,7566,,306,0,,,,,7591,2371,241485,3682,241485,3682,,,,,188153,2478,247017,3863
8/28/20,IA,A+,1095,,12,,,,299,0,,91,546188,4331,,45261,,,41,60971,60971,1185,0,,,3020,1382,,45977,,0,607159,5516,,,48321,11155,608675,-7835,,0
8/28/20,ID,A,343,309,6,34,1328,1328,176,24,366,53,218065,2174,,,,,,31122,28841,342,0,,,,,,13928,,0,246906,2459,,,,,246906,2459,,0
8/28/20,IL,A,8206,7997,20,209,,,1546,0,,352,3694822,46234,,,,,132,231185,229483,2434,0,,,,,,,,0,3926007,48668,,,,,,0,3924305,48383
8/28/20,IN,A+,3277,3058,11,219,10818,10818,867,71,2158,281,952736,8494,,,,,67,91313,,809,0,,,,,96767,69723,,0,1496996,21724,,,,,1044049,9303,1496996,21724
8/28/20,KS,A+,443,,6,,2278,2278,328,52,616,96,362099,6939,,,,206,31,41048,,1111,0,,,,,,1658,,0,403147,8050,,,,,403147,8050,,0
8/28/20,KY,B,918,910,8,8,4532,4532,572,31,1375,158,757893,10986,,,,,,46757,42811,779,0,,,,,,10266,,0,800704,11628,46635,13399,,,,0,800704,11628
8/28/20,LA,A,4904,4741,30,163,,,900,0,,,1682235,9669,,,,,141,146944,146243,606,0,,,,,,127918,,0,1829179,10275,,,,,,0,1828478,10275
8/28/20,MA,A+,9023,8791,16,232,12334,12334,312,16,,60,1555664,23278,,,,,26,127584,117888,460,0,,,,,155347,103920,,0,2290752,44126,,,111578,83972,1673552,23716,2290752,44126
8/28/20,MD,A,3736,3593,14,143,14184,14184,412,43,,106,1184606,15587,,107996,,,,106664,106664,601,0,,,9906,,125830,6124,,0,1868927,27502,,,117902,,1291270,16188,1868927,27502
8/28/20,ME,A+,132,131,0,1,417,417,10,2,,6,246737,5224,9001,,244911,,1,4436,3981,22,0,477,,,,5568,3887,,0,251173,5246,9491,,,,,0,250718,5244
8/28/20,MI,A+,6712,6446,6,266,,,669,0,,184,2572738,32250,,,2572738,,93,111136,100699,793,0,,,,,142390,72580,,0,2683874,33043,253766,,,,,0,2715128,33342
8/28/20,MN,A,1859,1810,4,49,6357,6357,301,31,1813,137,1028470,7370,,,,,,73240,73240,850,0,,,,,,65204,1443344,15997,1443344,15997,,,,,1101710,8220,,0
8/28/20,MO,A,1464,,14,,,,1007,0,,,873641,10192,,65284,1165164,,118,80992,80992,1418,0,,,2829,,91202,,,0,1258585,15535,,,68113,,954633,11610,1258585,15535
8/28/20,MP,D,2,2,0,,4,4,,0,,,13486,0,,,,,,54,54,0,0,,,,,,29,,0,13540,0,,,,,13540,0,17626,0
8/28/20,MS,A+,2413,2269,14,144,5279,5279,825,12,,203,481588,5645,,,,,108,81294,77822,599,0,95,,,,,62707,,0,562882,6244,25000,28733,,,,0,559410,6144
8/28/20,MT,C,100,,2,,417,417,121,5,,,235812,2082,,,,,,7063,7063,134,0,,,,,,5172,,0,242875,2216,,,,,,0,242875,2216
8/28/20,NC,A+,2652,2652,22,,,,970,0,,278,2020400,28751,,,,,,162491,162491,1415,0,,,,,,136630,,0,2182891,30166,,,,,,0,2182891,30166
8/28/20,ND,A,143,,0,,550,550,70,16,144,17,186886,1127,8011,,,,,11083,11083,307,0,318,,,,,8808,443180,7514,443180,7514,8329,,,,196389,1730,457772,7878
8/28/20,NE,A,391,,5,,1968,1968,174,14,,,319318,3470,,,421468,,,33101,33101,374,0,,,,,40483,25009,,0,462924,5973,,,,,352922,3867,462924,5973
8/28/20,NH,B,432,,1,,713,713,8,0,220,,198941,2118,,,,,,7216,7216,22,0,,,,,,6554,,0,319071,3959,30184,,29578,,206157,2140,319071,3959
8/28/20,NJ,A+,15932,14150,10,1782,22586,22586,436,26,,83,2558223,0,,,,,30,190971,190971,358,0,,,,,,33778,,0,2749194,358,,,,,,0,2748836,0
8/28/20,NM,B,767,,3,,3106,3106,72,15,,,722235,6789,,,,,,25042,25042,122,0,,,,,,12679,,0,747277,6911,,,,,,0,747277,6911
8/28/20,NV,A+,1287,,16,,,,707,0,,197,520699,3687,,,,,108,67852,67852,632,0,,,,,,,820159,6269,820159,6269,,,,,588301,4294,837057,8126
8/28/20,NY,A,25312,,3,,89995,89995,478,0,,122,7570130,97190,,,,,51,432767,432767,636,0,,,,,,74923,8002897,97826,8002897,97826,,,,,,0,,0
8/28/20,OH,A+,4105,3819,29,286,13221,13221,800,71,2946,271,2020931,23470,,,,,151,120124,113725,1296,0,,,,,,100127,,0,2141055,24766,,,,,,0,2134656,24706
8/28/20,OK,A+,786,,8,,4719,4719,559,46,,229,799520,9221,,,799520,,,56260,56260,710,0,2856,,,,65073,47762,,0,855780,9931,67322,,,,,0,866185,10361
8/28/20,OR,A+,447,,9,,2108,2108,166,15,,47,517813,4858,,,791757,,22,26054,24776,293,0,,,,,47033,4859,,0,838790,8315,,,,,542589,5152,838790,8315
8/28/20,PA,A+,7655,,20,,,,526,0,,,1488835,17070,,,,,80,131991,128250,835,0,,,,,,106912,,0,1620826,17905,,,,,1617085,17890,,0
8/28/20,PR,B,424,280,12,144,,,409,0,,72,305972,0,,,395291,,51,14726,14726,257,0,17262,,,,20103,,,0,320698,257,,,,,,0,415664,105118
8/28/20,RI,A+,1046,,2,,2496,2496,81,11,,8,245108,3284,,,473951,,4,21683,21683,94,0,,,,,30953,2084,504904,9329,504904,9329,,,,,266791,3378,,0
8/28/20,SC,A+,2655,2521,27,134,7598,7598,979,0,,246,810558,7137,57308,,775952,,146,115951,114400,1353,0,5104,,,,149006,51431,,0,926509,8490,62412,,,,,0,924958,8430
8/28/20,SD,A,165,,3,,995,995,80,12,,,130423,1334,,,,,,12517,,323,0,,,,,,10170,,0,142940,1657,,,,,142940,1657,186442,2524
8/28/20,TN,A+,1701,1654,28,47,6751,6751,1012,74,,324,2004689,25639,,,1973284,,169,150815,147326,1636,0,,,,,178731,113313,,0,2155504,27275,,,,,,0,2152015,27222
8/28/20,TX,A,12266,,196,,,,4422,0,,1636,4802371,30887,,,,,,601768,601768,4031,0,29287,12226,,,739427,484880,,0,5404139,34918,353966,97302,,,,0,5404139,34918
8/28/20,UT,A+,407,,4,,3041,3041,127,26,773,44,596635,3309,,,749468,318,,50948,50948,391,0,,948,,885,56239,42959,,0,805707,5636,,4825,,4008,647097,3699,805707,5636
8/28/20,VA,A+,2550,2417,35,133,9460,9460,1101,69,,261,1426844,34760,,,,,136,117592,112446,2134,0,,,,,135726,14866,1539290,36769,1539290,36769,,,,,,0,,0
8/28/20,VI,C,14,14,0,,,,,0,,,14304,160,,,,,,1075,,23,0,,,,,,864,,0,15379,183,,,,,,0,15469,200
8/28/20,VT,B,58,58,0,,,,11,0,,,123730,1861,,,,,,1589,1589,4,0,,,,,,1400,,0,172016,2973,,,,,125319,1865,172016,2973
8/28/20,WA,B,1890,1890,10,,6674,6674,443,34,,,1335461,16313,,,,,45,75123,74555,598,0,,,,,,,1408164,16855,1408164,16855,,,,,,0,,0
8/28/20,WI,A+,1121,1113,2,8,5736,5736,309,52,1010,103,1156807,8313,,,,,,78868,73981,864,0,,,,,,65265,1699431,24357,1699431,24357,,,,,1230788,9156,,0
8/28/20,WV,C,202,201,3,1,,,133,0,,50,409757,5581,,,,,23,9824,9644,191,0,,,,,,7859,,0,419581,5772,15793,,,,,0,419401,5767
8/28/20,WY,B,37,,0,,215,215,15,0,,,71473,663,,,115058,,,3763,3196,41,0,,,,,3429,3086,,0,118487,1377,,,,,74669,693,118487,1377
8/27/20,AK,A,37,37,0,,236,236,43,1,,,331222,1332,,,330567,,9,4998,,84,0,,,,,5324,2109,,0,336220,1416,,,,,,0,336220,1416
8/27/20,AL,B,2076,1990,31,86,14005,14005,1052,0,1430,,835786,11355,,,,782,,121023,112794,1769,0,,,,,,48028,,0,948580,12023,,,,,948580,12023,,0
8/27/20,AR,A,739,,7,,4104,4104,433,43,,,631283,6033,,,631283,533,99,58745,58745,722,0,,1085,,,,52665,,0,690028,6755,,7090,,,,0,690028,6755
8/27/20,AS,C,0,,0,,,,,0,,,1514,0,,,,,,0,0,0,0,,,,,,,,0,1514,0,,,,,,0,1514,0
8/27/20,AZ,A+,4929,4673,33,256,21426,21426,895,50,,311,974789,7338,,,,,176,200139,198504,680,0,,,,,,29939,,0,1714771,20913,262982,,,,1173293,7998,1714771,20913
8/27/20,CA,B,12550,,143,,,,5397,0,,1492,10234886,81228,,,,,,683529,683529,4430,0,,,,,,,,0,10918415,85658,,,,,,0,10918415,85658
8/27/20,CO,A,1931,1585,4,346,6928,6928,213,26,,,634968,4858,144760,,,,,56343,52562,350,0,10757,,,,,5907,972990,10236,972990,10236,155517,,,,687530,5191,,0
8/27/20,CT,B,4465,3579,2,886,11180,11180,56,93,,,1061146,15331,,,,,,52350,50255,130,0,,,,,,8967,,0,1113496,15461,,,,,,0,1111401,15452
8/27/20,DC,A+,605,,0,,,,83,0,,24,262910,2884,,,,,10,13794,,72,0,,,,,,10986,276704,2956,276704,2956,,,,,172898,1285,,0
8/27/20,DE,A+,604,533,0,71,,,57,0,,15,211083,974,,,,,,16976,15987,-10,0,,,,,20434,9101,328706,3285,328706,3285,,,,,228059,964,,0
8/27/20,FL,A,11011,,139,,38163,38163,4252,316,,,3905373,21277,411877,403867,5346674,,,605342,597508,3229,0,34738,,34017,,785463,,6150627,50652,6150627,50652,446669,,437913,,4504911,24480,6167043,41344
8/27/20,GA,A,5393,,82,,24127,24127,2129,188,4397,,2005763,17452,,,,,,263074,263074,2484,0,20571,,,,240686,,,0,2268837,19936,272383,,,,,0,2268837,19936
8/27/20,GU,A,10,,1,,,,30,0,,3,35124,890,,,,,,1232,1224,112,0,2,,,,,456,,0,36356,1002,158,,,,,0,36346,1002
8/27/20,HI,C,51,,2,,444,444,291,25,,54,178415,2242,,,,,35,7260,,276,0,,,,,7276,2288,237803,4064,237803,4064,,,,,185675,2518,243154,3885
8/27/20,IA,A+,1083,,16,,,,305,0,,99,541857,6284,,44654,,,44,59786,59786,1551,0,,,3011,,,45447,,0,601643,7835,,,47705,,616510,8177,,0
8/27/20,ID,A,337,304,11,33,1304,1304,176,19,363,53,215891,1504,,,,,,30780,28556,305,0,,,,,,13657,,0,244447,1728,,,,,244447,1728,,0
8/27/20,IL,A,8186,7977,23,209,,,1631,0,,390,3648588,42803,,,,,151,228751,227334,1707,0,,,,,,,,0,3877339,44510,,,,,,0,3875922,44510
8/27/20,IN,A+,3266,3047,7,219,10747,10747,882,142,2156,279,944242,11064,,,,,71,90504,,1145,0,,,,,95734,68675,,0,1475272,22014,,,,,1034746,12209,1475272,22014
8/27/20,KS,A+,437,,0,,2226,2226,262,0,603,76,355160,0,,,,206,25,39937,,0,0,,,,,,1624,,0,395097,0,,,,,395097,0,,0
8/27/20,KY,B,910,904,8,6,4501,4501,573,55,1368,154,746907,8748,,,,,,45978,42169,748,0,,,,,,9731,,0,789076,9350,46538,13323,,,,0,789076,9350
8/27/20,LA,A,4874,4711,23,163,,,876,0,,,1672566,9359,,,,,145,146338,145637,677,0,,,,,,127918,,0,1818904,10036,,,,,,0,1818203,10036
8/27/20,MA,A+,9007,8775,20,232,12318,12318,333,19,,61,1532386,24975,,,,,29,127124,117450,368,0,,,,,154839,103920,,0,2246626,52284,,,111148,82573,1649836,25340,2246626,52284
8/27/20,MD,A,3722,3580,5,142,14141,14141,412,51,,107,1169019,11334,,107996,,,,106063,106063,577,0,,,9906,,125056,6080,,0,1841425,21475,,,117902,,1275082,11911,1841425,21475
8/27/20,ME,A+,132,131,0,1,415,415,9,3,,4,241513,3906,8982,,239707,,1,4414,3961,25,0,474,,,,5529,3847,,0,245927,3931,9469,,,,,0,245474,3925
8/27/20,MI,A+,6706,6440,16,266,,,669,0,,184,2540488,29616,,,2540488,,85,110343,99958,863,0,,,,,141298,72580,,0,2650831,30479,252101,,,,,0,2681786,30717
8/27/20,MN,A,1855,1806,13,49,6326,6326,305,52,1805,139,1021100,13289,,,,,,72390,72390,1154,0,,,,,,64876,1427347,21340,1427347,21340,,,,,1093490,14443,,0
8/27/20,MO,A,1450,,1,,,,902,0,,,863449,9371,,64803,1150970,,110,79574,79574,1512,0,,,2778,,89878,,,0,1243050,13011,,,67581,,943023,10883,1243050,13011
8/27/20,MP,D,2,2,0,,4,4,,0,,,13486,619,,,,,,54,54,0,0,,,,,,29,,0,13540,619,,,,,13540,620,17626,1173
8/27/20,MS,A+,2399,2256,26,143,5267,5267,827,33,,230,475943,4263,,,,,125,80695,77323,585,0,95,,,,,62707,,0,556638,4848,24653,25042,,,,0,553266,4669
8/27/20,MT,C,98,,0,,412,412,119,10,,,233730,2255,,,,,,6929,6929,144,0,,,,,,5024,,0,240659,2399,,,,,,0,240659,2399
8/27/20,NC,A+,2630,2630,24,,,,958,0,,272,1991649,29633,,,,,,161076,161076,2091,0,,,,,,136630,,0,2152725,31724,,,,,,0,2152725,31724
8/27/20,ND,A,143,,1,,534,534,61,9,142,17,185759,1108,8011,,,,,10776,10776,332,0,318,,,,,8666,435666,6614,435666,6614,8329,,,,194659,1559,449894,6965
8/27/20,NE,A,386,,3,,1954,1954,166,8,,,315848,3436,,,415962,,,32727,32727,379,0,,,,,40019,24689,,0,456951,5718,,,,,349055,3812,456951,5718
8/27/20,NH,B,431,,1,,713,713,9,0,220,,196823,2147,,,,,,7194,7194,35,0,,,,,,6542,,0,315112,4243,30081,,29478,,204017,2182,315112,4243
8/27/20,NJ,A+,15922,14141,7,1781,22560,22560,455,51,,77,2558223,26945,,,,,29,190613,190613,307,0,,,,,,33744,,0,2748836,27252,,,,,,0,2748836,27252
8/27/20,NM,B,764,,9,,3091,3091,68,17,,,715446,5958,,,,,,24920,24920,188,0,,,,,,12446,,0,740366,6146,,,,,,0,740366,6146
8/27/20,NV,A+,1271,,21,,,,727,0,,207,517012,2523,,,,,110,67220,67220,554,0,,,,,,,813890,6499,813890,6499,,,,,584007,3011,828931,5742
8/27/20,NY,A,25309,,4,,89995,89995,490,0,,126,7472940,82646,,,,,52,432131,432131,791,0,,,,,,74850,7905071,83437,7905071,83437,,,,,,0,,0
8/27/20,OH,A+,4076,3791,32,285,13150,13150,787,107,2929,257,1997461,67139,,,,,150,118828,112489,1244,0,,,,,,99035,,0,2116289,68383,,,,,,0,2109950,68297
8/27/20,OK,A+,778,,15,,4673,4673,552,64,,211,790299,7753,,,790299,,,55550,55550,712,0,2856,,,,63967,47186,,0,845849,8465,67322,,,,,0,855824,8764
8/27/20,OR,A+,438,,5,,2093,2093,171,30,,53,512955,5788,,,783987,,23,25761,24482,190,0,,,,,46488,4789,,0,830475,12443,,,,,537437,5981,830475,12443
8/27/20,PA,A+,7635,,11,,,,542,0,,,1471765,14123,,,,,82,131156,127430,620,0,,,,,,106236,,0,1602921,14743,,,,,1599195,14718,,0
8/27/20,PR,B,412,270,8,142,,,403,0,,74,305972,0,,,303412,,41,14469,14469,459,0,16914,,,,7002,,,0,320441,459,,,,,,0,310546,0
8/27/20,RI,A+,1044,,3,,2485,2485,82,7,,10,241824,3648,,,464703,,3,21589,21589,135,0,,,,,30872,2073,495575,10549,495575,10549,,,,,263413,3783,,0
8/27/20,SC,A+,2628,2494,55,134,7598,7598,1006,0,,262,803421,7435,57006,,768770,,144,114598,113107,505,0,5026,,,,147758,51431,,0,918019,7940,62032,,,,,0,916528,7899
8/27/20,SD,A,162,,0,,983,983,75,2,,,129089,2895,,,,,,12194,,343,0,,,,,,10032,,0,141283,3238,,,,,141283,3238,183918,2651
8/27/20,TN,A+,1673,1627,25,46,6677,6677,1047,74,,324,1979050,24282,,,1947993,,166,149179,145743,1826,0,,,,,176800,111416,,0,2128229,26108,,,,,,0,2124793,25965
8/27/20,TX,A,12070,,265,,,,4489,0,,1704,4771484,37590,,,,,,597737,597737,5600,0,28870,12111,,,736142,478752,,0,5369221,43190,351564,95481,,,,0,5369221,43190
8/27/20,UT,A+,403,,2,,3015,3015,134,19,764,41,593326,4072,,,744253,310,,50557,50557,383,0,,921,,861,55818,42512,,0,800071,6769,,4576,,3797,643398,4481,800071,6769
8/27/20,VA,A+,2515,2382,0,133,9391,9391,1174,65,,264,1392084,0,,,,,148,115458,110437,0,0,,,,,134326,14764,1502521,0,1502521,0,,,,,,0,,0
8/27/20,VI,C,14,14,0,,,,,0,,,14144,209,,,,,,1052,,22,0,,,,,,824,,0,15196,231,,,,,,0,15269,237
8/27/20,VT,B,58,58,0,,,,12,0,,,121869,1898,,,,,,1585,1585,11,0,,,,,,1396,,0,169043,3472,,,,,123454,1909,169043,3472
8/27/20,WA,B,1880,1880,4,,6640,6640,459,45,,,1319148,10749,,,,,37,74525,73989,609,0,,,,,,,1391309,11205,1391309,11205,,,,,,0,,0
8/27/20,WI,A+,1119,1111,11,8,5684,5684,291,33,1004,96,1148494,9913,,,,,,78004,73138,912,0,,,,,,64480,1675074,17578,1675074,17578,,,,,1221632,10791,,0
8/27/20,WV,C,199,198,9,1,,,146,0,,47,404176,4111,,,,,25,9633,9458,93,0,,,,,,7773,,0,413809,4204,15718,,,,,0,413634,4205
8/27/20,WY,B,37,,0,,215,215,13,2,,,70810,3916,,,113706,,,3722,3166,38,0,,,,,3404,3060,,0,117110,1262,,,,,73976,3993,117110,1262
8/26/20,AK,A,37,37,1,,235,235,44,2,,,329890,921,,,329171,,6,4914,,52,0,,,,,5305,2088,,0,334804,973,,,,,,0,334804,973
8/26/20,AL,B,2045,1965,8,80,14005,14005,1077,212,1412,,824431,14396,,,,770,,119254,112126,2012,0,,,,,,48028,,0,936557,15568,,,,,936557,15568,,0
8/26/20,AR,A,732,,21,,4061,4061,435,48,,,625250,8440,,,625250,525,108,58023,58023,649,0,,1085,,,,51901,,0,683273,9569,,7090,,,,0,683273,9569
8/26/20,AS,C,0,,0,,,,,0,,,1514,0,,,,,,0,0,0,0,,,,,,,,0,1514,0,,,,,,0,1514,0
8/26/20,AZ,A+,4896,4640,104,256,21376,21376,967,11,,305,967451,4520,,,,,180,199459,197844,186,0,,,,,,29734,,0,1693858,17290,261865,,,,1165295,4693,1693858,17290
8/26/20,CA,B,12407,,150,,,,5537,0,,1507,10153658,64247,,,,,,679099,679099,6004,0,,,,,,,,0,10832757,70251,,,,,,0,10832757,70251
8/26/20,CO,A,1927,1581,1,346,6902,6902,253,8,,,630110,3849,144206,,,,,55993,52228,193,0,10697,,,,,5881,962754,7113,962754,7113,154903,,,,682339,4004,,0
8/26/20,CT,B,4463,3579,0,884,11087,11087,57,0,,,1045815,15149,,,,,,52220,50134,180,0,,,,,,8893,,0,1098035,15329,,,,,,0,1095949,15312
8/26/20,DC,A+,605,,1,,,,77,0,,25,260026,2088,,,,,13,13722,,38,0,,,,,,10923,273748,2126,273748,2126,,,,,171613,991,,0
8/26/20,DE,A+,604,533,1,71,,,50,0,,13,210109,1743,,,,,,16986,15991,24,0,,,,,20327,9050,325421,2495,325421,2495,,,,,227095,1767,,0
8/26/20,FL,A,10872,,155,,37847,37847,4405,370,,,3884096,23074,411877,403867,5310027,,,602113,594604,2937,0,34738,,34017,,781065,,6099975,56520,6099975,56520,446669,,437913,,4480431,25946,6125699,44445
8/26/20,GA,A,5311,,49,,23939,23939,2227,222,4360,,1988311,15815,,,,,,260590,260590,2236,0,20483,,,,239055,,,0,2248901,18051,271737,,,,,0,2248901,18051
8/26/20,GU,A,9,,2,,,,26,0,,4,34234,816,,,,,,1120,1112,136,0,2,,,,,435,,0,35354,952,158,,,,,0,35344,952
8/26/20,HI,C,49,,0,,419,419,270,0,,50,176173,2307,,,,,19,6984,,0,0,,,,,6987,2236,233739,3364,233739,3364,,,,,183157,2307,239269,0
8/26/20,IA,A+,1067,,15,,,,313,0,,102,535573,5124,,44558,,,40,58235,58235,941,0,,,2999,,,44903,,0,593808,6065,,,47597,,608333,6296,,0
8/26/20,ID,A,326,293,12,33,1285,1285,160,16,359,47,214387,4362,,,,,,30475,28332,405,0,,,,,,13353,,0,242719,4705,,,,,242719,4705,,0
8/26/20,IL,A,8163,7954,37,209,,,1573,0,,350,3605785,48205,,,,,132,227044,225627,2157,0,,,,,,,,0,3832829,50362,,,,,,0,3831412,50362
8/26/20,IN,A+,3259,3041,18,218,10605,10605,948,188,2121,283,933178,10618,,,,,75,89359,,938,0,,,,,94581,67673,,0,1453258,21687,,,,,1022537,11556,1453258,21687
8/26/20,KS,A+,437,,11,,2226,2226,262,43,603,76,355160,6604,,,,206,25,39937,,1536,0,,,,,,1624,,0,395097,8140,,,,,395097,8140,,0
8/26/20,KY,B,902,896,7,6,4446,4446,593,0,1357,151,738159,7259,,,,,,45230,41567,662,0,,,,,,9594,,0,779726,7772,46515,13213,,,,0,779726,7772
8/26/20,LA,A,4851,4688,54,163,,,914,0,,,1663207,13261,,,,,148,145661,144960,1545,0,,,,,,127918,,0,1808868,14806,,,,,,0,1808167,14105
8/26/20,MA,A+,8987,8755,27,232,12299,12299,356,20,,68,1507411,19429,,,,,29,126756,117085,336,0,,,,,154356,103920,,0,2194342,36478,,,110379,82123,1624496,19744,2194342,36478
8/26/20,MD,A,3717,3574,10,143,14090,14090,432,39,,106,1157685,7166,,107996,,,,105486,105486,440,0,,,9906,,124368,6061,,0,1819950,12377,,,117902,,1263171,7606,1819950,12377
8/26/20,ME,A+,132,131,1,1,412,412,8,2,,5,237607,4601,8944,,235811,,1,4389,3942,21,0,474,,,,5502,3818,,0,241996,4622,9431,,,,,0,241549,4624
8/26/20,MI,A+,6690,6424,6,266,,,637,0,,186,2510872,40334,,,2510872,,93,109480,99200,843,0,,,,,140197,72580,,0,2620352,41177,250244,,,,,0,2651069,41345
8/26/20,MN,A,1842,1793,17,49,6274,6274,304,36,1796,134,1007811,5992,,,,,,71236,71236,529,0,,,,,,64374,1406007,11021,1406007,11021,,,,,1079047,6521,,0
8/26/20,MO,A,1449,,9,,,,882,0,,,854078,6636,,64402,1139402,,116,78062,78062,1426,0,,,2737,,88500,,,0,1230039,6568,,,67139,,932140,8062,1230039,6568
8/26/20,MP,D,2,2,0,,4,4,,0,,,12867,0,,,,,,54,54,0,0,,,,,,29,,0,12921,0,,,,,12920,0,16453,0
8/26/20,MS,A+,2373,2234,58,139,5234,5234,878,26,,232,471680,3625,,,,,119,80110,76917,904,0,95,,,,,62707,,0,551790,4529,24384,24363,,,,0,548597,4314
8/26/20,MT,C,98,,1,,402,402,125,8,,,231475,1592,,,,,,6785,6785,161,0,,,,,,4983,,0,238260,1753,,,,,,0,238260,1753
8/26/20,NC,A+,2606,2606,36,,,,1004,0,,281,1962016,17398,,,,,,158985,158985,1244,0,,,,,,136630,,0,2121001,18642,,,,,,0,2121001,18642
8/26/20,ND,A,142,,0,,525,525,53,6,142,17,184651,1281,8011,,,,,10444,10444,233,0,318,,,,,8545,429052,4260,429052,4260,8329,,,,193100,1642,442929,4443
8/26/20,NE,A,383,,0,,1946,1946,168,16,,,312412,3978,,,410704,,,32348,32348,301,0,,,,,39559,24524,,0,451233,1934,,,,,345243,4285,451233,1934
8/26/20,NH,B,430,,1,,713,713,8,0,220,,194676,1955,,,,,,7159,7159,9,0,,,,,,6510,,0,310869,3576,30010,,29414,,201835,1964,310869,3576
8/26/20,NJ,A+,15915,14134,10,1781,22509,22509,425,41,,72,2531278,23404,,,,,29,190306,190306,285,0,,,,,,33692,,0,2721584,23689,,,,,,0,2721584,23689
8/26/20,NM,B,755,,5,,3074,3074,71,24,,,709488,5396,,,,,,24732,24732,197,0,,,,,,12193,,0,734220,5593,,,,,,0,734220,5593
8/26/20,NV,A+,1250,,20,,,,761,0,,211,514489,1620,,,,,118,66666,66666,253,0,,,,,,,807391,7626,807391,7626,,,,,580996,1820,823189,3407
8/26/20,NY,A,25305,,8,,89995,89995,492,0,,136,7390294,70623,,,,,54,431340,431340,566,0,,,,,,74791,7821634,71189,7821634,71189,,,,,,0,,0
8/26/20,OH,A+,4044,3761,48,283,13043,13043,771,87,2920,259,1930322,18943,,,,,144,117584,111331,1089,0,,,,,,97823,,0,2047906,20032,,,,,,0,2041653,19931
8/26/20,OK,A+,763,,19,,4609,4609,533,82,,211,782546,5887,,,782546,,,54838,54838,666,0,2856,,,,62969,46414,,0,837384,6553,67322,,,,,0,847060,6383
8/26/20,OR,A+,433,,5,,2063,2063,140,25,,48,507167,4549,,,772165,,26,25571,24289,180,0,,,,,45867,4747,,0,818032,7918,,,,,531456,4753,818032,7918
8/26/20,PA,A+,7624,,19,,,,537,0,,,1457642,12472,,,,,80,130536,126835,501,0,,,,,,105734,,0,1588178,12973,,,,,1584477,12957,,0
8/26/20,PR,B,404,263,9,141,,,397,0,,62,305972,0,,,303412,,44,14010,14010,18,0,16734,,,,7002,,,0,319982,18,,,,,,0,310546,0
8/26/20,RI,A+,1041,,2,,2478,2478,80,4,,11,238176,1759,,,454329,,4,21454,21454,82,0,,,,,30697,2069,485026,5643,485026,5643,,,,,259630,1841,,0
8/26/20,SC,A+,2573,2451,44,122,7598,7598,1058,0,,268,795986,3367,56702,,762013,,156,114093,112643,605,0,4949,,,,146616,51431,,0,910079,3972,61651,,,,,0,908629,3922
8/26/20,SD,A,162,,1,,981,981,58,7,,,126194,20,,,,,,11851,,292,0,,,,,,9896,,0,138045,312,,,,,138045,312,181267,2228
8/26/20,TN,A+,1648,1604,20,44,6603,6603,1070,88,,340,1954768,25573,,,1924142,,169,147353,144060,1936,0,,,,,174686,109765,,0,2102121,27509,,,,,,0,2098828,27382
8/26/20,TX,A,11805,,229,,,,4806,0,,1723,4733894,41696,,,,,,592137,592137,5407,0,28439,11958,,,732329,472421,,0,5326031,47103,348384,93184,,,,0,5326031,47103
8/26/20,UT,A+,401,,4,,2996,2996,130,27,760,40,589254,3888,,,737933,308,,50174,50174,407,0,,893,,833,55369,41937,,0,793302,5973,,4330,,3588,638917,4244,793302,5973
8/26/20,VA,A+,2515,2382,21,133,9326,9326,1170,67,,265,1392084,6749,,,,,145,115458,110437,823,0,,,,,133061,14682,1502521,7507,1502521,7507,,,,,,0,,0
8/26/20,VI,C,14,14,2,,,,,0,,,13935,322,,,,,,1030,,32,0,,,,,,801,,0,14965,354,,,,,,0,15032,365
8/26/20,VT,B,58,58,0,,,,14,0,,,119971,623,,,,,,1574,1574,4,0,,,,,,1388,,0,165571,1537,,,,,121545,627,165571,1537
8/26/20,WA,B,1876,1876,9,,6595,6595,441,53,,,1308399,30,,,,,47,73916,73414,632,0,,,,,,,1380104,54,1380104,54,,,,,,0,,0
8/26/20,WI,A+,1108,1100,6,8,5651,5651,344,41,996,107,1138581,9610,,,,,,77092,72260,786,0,,,,,,63730,1657496,17840,1657496,17840,,,,,1210841,10378,,0
8/26/20,WV,C,190,189,3,1,,,143,0,,42,400065,5890,,,,,22,9540,9364,145,0,,,,,,7601,,0,409605,6035,15654,,,,,0,409429,6035
8/26/20,WY,B,37,,0,,213,213,17,0,,,66894,0,,,112466,,,3684,3135,50,0,,,,,3382,3028,,0,115848,1280,,,,,69983,0,115848,1280
8/25/20,AK,A,36,36,4,,233,233,46,5,,,328969,3295,,,328233,,6,4862,,33,0,,,,,5270,1967,,0,333831,3328,,,,,,0,333831,3328
8/25/20,AL,B,2037,1959,13,78,13793,13793,1097,0,1399,,810035,3426,,,,764,,117242,110954,532,0,,,,,,44684,,0,920989,4625,,,,,920989,4625,,0
8/25/20,AR,A,711,,15,,4013,4013,442,51,,,616810,0,,,616810,514,108,57374,57374,480,0,,1085,,,,51351,,0,673704,0,,7090,,,,0,673704,0
8/25/20,AS,C,0,,0,,,,,0,,,1514,0,,,,,,0,0,0,0,,,,,,,,0,1514,0,,,,,,0,1514,0
8/25/20,AZ,A+,4792,4535,21,257,21365,21365,999,146,,319,962931,4123,,,,,168,199273,197671,859,0,,,,,,29526,,0,1676568,18055,261217,,,,1160602,4973,1676568,18055
8/25/20,CA,B,12257,,105,,,,5561,0,,1540,10089411,105539,,,,,,673095,673095,4480,0,,,,,,,,0,10762506,110019,,,,,,0,10762506,110019
8/25/20,CO,A,1926,1580,7,346,6894,6894,243,49,,,626261,31404,143826,,,,,55800,52074,459,0,10671,,,,,5867,955641,7996,955641,7996,154497,,,,678335,4422,,0
8/25/20,CT,B,4463,3580,3,883,11087,11087,59,0,,,1030666,4961,,,,,,52040,49971,29,0,,,,,,8893,,0,1082706,4990,,,,,,0,1080637,4992
8/25/20,DC,A+,604,,0,,,,87,0,,28,257938,2176,,,,,12,13684,,45,0,,,,,,10885,271622,2221,271622,2221,,,,,170622,1276,,0
8/25/20,DE,A+,603,531,-1,72,,,40,0,,12,208366,1807,,,,,,16962,15960,20,0,,,,,20258,9010,322926,1274,322926,1274,,,,,225328,1827,,0
8/25/20,FL,A,10717,,183,,37477,37477,4544,445,,,3861022,16695,411877,403867,5270516,,,599176,591989,2665,0,34738,,34017,,776457,,6043455,36233,6043455,36233,446669,,437913,,4454485,19400,6081254,33890
8/25/20,GA,A,5262,,106,,23717,23717,2260,292,4322,,1972496,23568,,,,,,258354,258354,2101,0,20242,,,,237435,,,0,2230850,25669,270000,,,,,0,2230850,25669
8/25/20,GU,A,7,,0,,,,27,0,,6,33418,854,,,,,,984,976,77,0,2,,,,,429,,0,34402,931,158,,,,,0,34392,931
8/25/20,HI,C,49,,2,,419,419,250,23,,35,173866,1642,,,,,19,6984,,384,0,,,,,6775,2236,230375,3087,230375,3087,,,,,180850,2026,239269,6935
8/25/20,IA,A+,1052,,8,,,,295,0,,82,530449,2984,,44147,,,37,57294,57294,661,0,,,2993,,,44396,,0,587743,3645,,,47180,,602037,3822,,0
8/25/20,ID,A,314,285,7,29,1269,1269,160,13,350,47,210025,1293,,,,,,30070,27989,217,0,,,,,,13081,,0,238014,1467,,,,,238014,1467,,0
8/25/20,IL,A,8126,7917,29,209,,,1549,0,,345,3557580,39179,,,,,135,224887,223470,1680,0,,,,,,,,0,3782467,40859,,,,,,0,3781050,40859
8/25/20,IN,A+,3241,3023,16,218,10417,10417,987,74,2099,276,922560,8114,,,,,77,88421,,829,0,,,,,93508,66703,,0,1431571,21702,,,,,1010981,8943,1431571,21702
8/25/20,KS,A+,426,,0,,2183,2183,189,0,590,64,348556,0,,,,205,22,38401,,0,0,,,,,,1535,,0,386957,0,,,,,386957,0,,0
8/25/20,KY,B,895,889,10,6,4446,4446,593,47,1357,151,730900,7335,,,,,,44568,41054,669,0,,,,,,9594,,0,771954,7896,46484,12864,,,,0,771954,7896
8/25/20,LA,A,4797,4656,33,141,,,930,0,,,1649946,21031,,,,,141,144116,144116,550,0,,,,,,118120,,0,1794062,21581,,,,,,0,1794062,21581
8/25/20,MA,A+,8960,8729,12,231,12279,12279,327,11,,61,1487982,22425,,,,,28,126420,116770,398,0,,,,,153951,102205,,0,2157864,34873,,,109535,79979,1604752,22774,2157864,34873
8/25/20,MD,A,3707,3564,13,143,14051,14051,411,44,,97,1150519,7595,,103726,,,,105046,105046,377,0,,,9431,,123831,6056,,0,1807573,12870,,,113157,,1255565,7972,1807573,12870
8/25/20,ME,A+,131,130,0,1,410,410,8,1,,5,233006,2506,8926,,231219,,1,4368,3919,12,0,472,,,,5472,3784,,0,237374,2518,9411,,,,,0,236925,2515
8/25/20,MI,A+,6684,6417,21,267,,,637,0,,186,2470538,23330,,,2470538,,86,108637,98439,951,0,,,,,139186,72580,,0,2579175,24281,249056,,,,,0,2609724,24298
8/25/20,MN,A,1825,1779,8,46,6238,6238,312,43,1791,137,1001819,4307,,,,,,70707,70707,409,0,,,,,,63725,1394986,8473,1394986,8473,,,,,1072526,4716,,0
8/25/20,MO,A,1440,,14,,,,925,0,,,847442,3674,,64186,1134314,,119,76636,76636,692,0,,,2705,,87041,,,0,1223471,9015,,,66891,,924078,4366,1223471,9015
8/25/20,MP,D,2,2,0,,4,4,,0,,,12867,0,,,,,,54,54,0,0,,,,,,29,,0,12921,0,,,,,12920,0,16453,0
8/25/20,MS,A+,2315,2201,67,114,5208,5208,920,29,,234,468055,3798,,,,,124,79206,76228,801,0,95,,,,,62707,,0,547261,4599,24188,23678,,,,0,544283,4455
8/25/20,MT,C,97,,6,,394,394,119,11,,,229883,2699,,,,,,6624,6624,135,0,,,,,,4891,,0,236507,2834,,,,,,0,236507,2834
8/25/20,NC,A+,2570,2570,35,,,,1000,0,,270,1944618,13319,,,,,,157741,157741,1345,0,,,,,,136630,,0,2102359,14664,,,,,,0,2102359,14664
8/25/20,ND,B,142,,2,,519,519,50,14,140,16,183370,1352,7976,,,,,10211,10211,233,0,314,,,,,8410,424792,3087,424792,3087,8290,,,,191458,1643,438486,3178
8/25/20,NE,A,383,,5,,1930,1930,154,20,,,308434,723,,,408963,,,32047,32047,158,0,,,,,39369,24326,,0,449299,5774,,,,,340958,882,449299,5774
8/25/20,NH,B,429,,0,,713,713,8,1,220,,192721,1626,,,,,,7150,7150,16,0,,,,,,6484,,0,307293,2794,29911,,29322,,199871,1642,307293,2794
8/25/20,NJ,A+,15905,14124,4,1781,22468,22468,432,16,,78,2507874,20781,,,,,30,190021,190021,302,0,,,,,,33646,,0,2697895,21083,,,,,,0,2697895,21083
8/25/20,NM,B,750,,3,,3050,3050,64,9,,,704092,4760,,,,,,24535,24535,66,0,,,,,,11909,,0,728627,4826,,,,,,0,728627,4826
8/25/20,NV,A+,1230,,30,,,,772,0,,216,512869,2202,,,,,122,66413,66413,403,0,,,,,,,799765,5618,799765,5618,,,,,579176,2555,819782,4989
8/25/20,NY,A,25297,,2,,89995,89995,488,0,,133,7319671,66626,,,,,52,430774,430774,629,0,,,,,,74731,7750445,67255,7750445,67255,,,,,,0,,0
8/25/20,OH,A+,3996,3716,10,280,12956,12956,783,97,2903,250,1911379,22830,,,,,150,116495,110343,844,0,,,,,,96728,,0,2027874,23674,,,,,,0,2021722,23607
8/25/20,OK,A+,744,,14,,4527,4527,553,96,,226,776659,17324,,,776659,,,54172,54172,650,0,2856,,,,62455,45516,,0,830831,17974,67322,,,,,0,840677,19388
8/25/20,OR,A+,428,,8,,2038,2038,154,10,,53,502618,4436,,,764982,,27,25391,24085,236,0,,,,,45132,4747,,0,810114,7674,,,,,526703,4662,810114,7674
8/25/20,PA,A+,7605,,26,,,,543,0,,,1445170,11806,,,,,82,130035,126350,561,0,,,,,,105328,,0,1575205,12367,,,,,1571520,12334,,0
8/25/20,PR,B,395,256,5,139,,,391,0,,67,305972,0,,,303412,,43,13992,13992,70,0,16728,,,,7002,,,0,319964,70,,,,,,0,310546,0
8/25/20,RI,A+,1039,,4,,2474,2474,87,14,,11,236417,3045,,,448943,,2,21372,21372,70,0,,,,,30440,2059,479383,5713,479383,5713,,,,,257789,3115,,0
8/25/20,SC,A+,2529,2408,18,121,7598,7598,1025,159,,261,792619,8693,56604,,758909,,144,113488,112088,937,0,4920,,,,145798,51431,,0,906107,9630,61524,,,,,0,904707,9579
8/25/20,SD,A,161,,0,,974,974,53,9,,,126174,136,,,,,,11559,,134,0,,,,,,9814,,0,137733,270,,,,,137733,270,179039,505
8/25/20,TN,A+,1628,1587,40,41,6515,6515,1099,94,,359,1929195,14445,,,1898955,,226,145417,142251,813,0,,,,,172491,108035,,0,2074612,15258,,,,,,0,2071446,15105
8/25/20,TX,A,11576,,181,,,,4907,0,,1799,4692198,40837,,,,,,586730,586730,6346,0,28100,11785,,,728523,466550,,0,5278928,47183,346519,90830,,,,0,5278928,47183
8/25/20,UT,A+,397,,7,,2969,2969,143,28,753,47,585366,3433,,,732363,306,,49767,49767,403,0,,881,,822,54966,41529,,0,787329,5145,,4135,,3424,634673,3852,787329,5145
8/25/20,VA,A+,2494,2370,23,124,9259,9259,1174,52,,273,1385335,14985,,,,,144,114635,109679,1005,0,,,,,132419,14581,1495014,15897,1495014,15897,,,,,,0,,0
8/25/20,VI,C,12,12,1,,,,,0,,,13613,155,,,,,,998,,14,0,,,,,,754,,0,14611,169,,,,,,0,14667,130
8/25/20,VT,B,58,58,0,,,,13,0,,,119348,933,,,,,,1570,1570,6,0,,,,,,1386,,0,164034,1711,,,,,120918,939,164034,1711
8/25/20,WA,B,1867,1867,4,,6542,6542,421,12,,,1308369,0,,,,,37,73284,72794,217,0,,,,,,,1380050,0,1380050,0,,,,,,0,,0
8/25/20,WI,A+,1102,1094,13,8,5610,5610,354,37,996,133,1128971,9349,,,,,,76306,71492,687,0,,,,,,62995,1639656,9892,1639656,9892,,,,,1200463,9987,,0
8/25/20,WV,C,187,186,8,1,,,139,0,,46,394175,4833,,,,,21,9395,9219,83,0,,,,,,7486,,0,403570,4916,15584,,,,,0,403394,4915
8/25/20,WY,B,37,,0,,213,213,18,2,,,66894,4475,,,111229,,,3634,3089,31,0,,,,,3339,2965,,0,114568,1479,,,,,69983,4496,114568,1479
8/24/20,AK,A,32,32,0,,228,228,43,3,,,325674,2992,,,324954,,8,4829,,71,0,,,,,5221,1861,,0,330503,3063,,,,,,0,330503,3063
8/24/20,AL,B,2024,1950,11,74,13793,13793,1149,291,1391,,806609,0,,,,754,,116710,110769,1650,0,,,,,,44684,,0,916364,-339,,,,,916364,-339,,0
8/24/20,AR,A,696,,9,,3962,3962,466,42,,,616810,7684,,,616810,507,108,56894,56894,320,0,,1085,,,,50689,,0,673704,2878,,7090,,,,0,673704,2878
8/24/20,AS,C,0,,0,,,,,0,,,1514,0,,,,,,0,0,0,0,,,,,,,,0,1514,0,,,,,,0,1514,0
8/24/20,AZ,A+,4771,4514,0,257,21219,21219,908,-22,,345,958808,6042,,,,,176,198414,196821,311,0,,,,,,29341,,0,1658513,6234,260739,,,,1155629,6342,1658513,6234
8/24/20,CA,B,12152,,18,,,,5618,0,,1549,9983872,106510,,,,,,668615,668615,4946,0,,,,,,,,0,10652487,111456,,,,,,0,10652487,111456
8/24/20,CO,A,1919,1574,1,345,6845,6845,243,4,,,594857,0,143436,,,,,55341,51676,198,0,10639,,,,,5841,947645,9049,947645,9049,154075,,,,673913,4919,,0
8/24/20,CT,B,4460,3574,0,886,11087,11087,57,0,,,1025705,54854,,,,,,52011,49940,492,0,,,,,,8893,,0,1077716,55346,,,,,,0,1075645,55317
8/24/20,DC,A+,604,,0,,,,85,0,,26,255762,3306,,,,,13,13639,,49,0,,,,,,10835,269401,3355,269401,3355,,,,,169346,1538,,0
8/24/20,DE,A+,604,532,4,72,,,38,0,,7,206559,1609,,,,,,16942,15930,47,0,,,,,20227,8972,321652,4194,321652,4194,,,,,223501,1656,,0
8/24/20,FL,A,10534,,72,,37032,37032,4646,129,,,3844327,16265,411877,403867,5240838,,,596511,589591,2224,0,34738,,34017,,772578,,6007222,39163,6007222,39163,446669,,437913,,4435085,18482,6047364,31321
8/24/20,GA,A,5156,,24,,23425,23425,2350,56,4272,,1948928,30993,,,,,,256253,256253,2304,0,20127,,,,235432,,,0,2205181,33297,269215,,,,,0,2205181,33297
8/24/20,GU,A,7,,0,,,,17,0,,4,32564,793,,,,,,907,899,87,0,2,,,,,428,,0,33471,880,158,,,,,0,33461,1955
8/24/20,HI,C,47,,0,,396,396,192,19,,35,172224,2396,,,,,19,6600,,244,0,,,,,6615,2143,227288,3841,227288,3841,,,,,178824,2640,232334,3953
8/24/20,IA,A+,1044,,8,,,,275,0,,86,527465,1764,,43897,,,37,56633,56633,358,0,,,2986,,,43738,,0,584098,2122,,,46923,,598215,2450,,0
8/24/20,ID,A,307,278,1,29,1256,1256,192,10,347,52,208732,1114,,,,,,29853,27815,191,0,,,,,,12867,,0,236547,1292,,,,,236547,1292,,0
8/24/20,IL,A,8097,7888,8,209,,,1529,0,,334,3518401,34543,,,,,141,223207,221790,1612,0,,,,,,,,0,3741608,36155,,,,,,0,3740191,36155
8/24/20,IN,A+,3225,3008,5,217,10343,10343,912,62,2085,248,914446,22576,,,,,75,87592,,1660,0,,,,,92192,64131,,0,1409869,6737,,,,,1002038,24236,1409869,6737
8/24/20,KS,A+,426,,7,,2183,2183,189,24,590,64,348556,19097,,,,205,22,38401,,1545,0,,,,,,1535,,0,386957,20642,,,,,386957,20642,,0
8/24/20,KY,B,885,879,4,6,4399,4399,564,37,1348,149,723565,17363,,,,,,43899,40493,370,0,,,,,,9544,,0,764058,18788,46390,12456,,,,0,764058,18788
8/24/20,LA,A,4764,4623,18,141,,,939,0,,,1628915,8020,,,,,152,143566,143566,623,0,,,,,,118120,,0,1772481,8643,,,,,,0,1772481,8643
8/24/20,MA,A+,8948,8717,27,231,12268,12268,308,12,,62,1465557,37244,,,,,26,126022,116421,662,0,,,,,153528,102205,,0,2122991,58462,,,109138,77748,1581978,37815,2122991,58462
8/24/20,MD,A,3694,3554,3,140,14007,14007,407,51,,103,1142924,14130,,103726,,,,104669,104669,567,0,,,9431,,123344,6047,,0,1794703,22047,,,113157,,1247593,14697,1794703,22047
8/24/20,ME,A+,131,130,0,1,409,409,6,1,,5,230500,3134,8926,,228718,,1,4356,3910,21,0,470,,,,5458,3762,,0,234856,3155,9409,,,,,0,234410,3154
8/24/20,MI,A+,6663,6397,4,266,,,637,0,,186,2447208,20544,,,2447208,,86,107686,97660,878,0,,,,,138218,72580,,0,2554894,21422,248310,,,,,0,2585426,21092
8/24/20,MN,A,1817,1771,4,46,6195,6195,310,44,1770,135,997512,6776,,,,,,70298,70298,714,0,,,,,,63059,1386513,11977,1386513,11977,,,,,1067810,7490,,0
8/24/20,MO,A,1426,,0,,,,957,0,,,843768,4010,,64124,1125404,,118,75944,75944,869,0,,,2714,,86924,,,0,1214456,-3641,,,66838,,919712,4879,1214456,-3641
8/24/20,MP,D,2,2,0,,4,4,,0,,,12867,0,,,,,,54,54,0,0,,,,,,29,,0,12921,0,,,,,12920,0,16453,0
8/24/20,MS,A+,2248,2147,8,101,5179,5179,903,30,,237,464257,7903,,,,,127,78405,75571,511,0,95,,,,,56577,,0,542662,8414,23899,22904,,,,0,539828,8854
8/24/20,MT,C,91,,1,,383,383,114,4,,,227184,22864,,,,,,6489,6489,60,0,,,,,,4842,,0,233673,22924,,,,,,0,233673,22924
8/24/20,NC,A+,2535,2535,4,,,,948,0,,274,1931299,7940,,,,,,156396,156396,1283,0,,,,,,136630,,0,2087695,9223,,,,,,0,2087695,9223
8/24/20,ND,B,140,,0,,505,505,51,4,141,16,182018,1009,7910,,,,,9978,9978,126,0,308,,,,,8206,421705,2396,421705,2396,8218,,,,189815,1198,435308,2586
8/24/20,NE,A,378,,2,,1910,1910,146,3,,,307711,1130,,,403533,,,31889,31889,109,0,,,,,39027,24155,,0,443525,1939,,,,,340076,1240,443525,1939
8/24/20,NH,B,429,,0,,712,712,11,1,220,,191095,2138,,,,,,7134,7134,27,0,,,,,,6450,,0,304499,3183,29844,,29258,,198229,2165,304499,3183
8/24/20,NJ,A+,15901,14120,3,1781,22452,22452,446,4,,66,2487093,27589,,,,,27,189719,189719,225,0,,,,,,33626,,0,2676812,27814,,,,,,0,2676812,28072
8/24/20,NM,B,747,,2,,3041,3041,68,10,,,699332,4428,,,,,,24469,24469,73,0,,,,,,11668,,0,723801,4501,,,,,,0,723801,4501
8/24/20,NV,A+,1200,,3,,,,771,0,,229,510667,2039,,,,,126,66010,66010,409,0,,,,,,,794147,1569,794147,1569,,,,,576621,2502,814793,5110
8/24/20,NY,A,25295,,7,,89995,89995,482,0,,120,7253045,61623,,,,,54,430145,430145,408,0,,,,,,74684,7683190,62031,7683190,62031,,,,,,0,,0
8/24/20,OH,A+,3986,3705,8,281,12859,12859,802,59,2888,276,1888549,19462,,,,,146,115651,109566,849,0,,,,,,95554,,0,2004200,20311,,,,,,0,1998115,20293
8/24/20,OK,A+,730,,4,,4431,4431,578,9,,237,759335,0,,,759335,,,53522,53522,357,0,2856,,,,60433,44660,,0,812857,357,67322,,,,,0,821289,0
8/24/20,OR,A+,420,,3,,2028,2028,143,44,,44,498182,3299,,,757637,,25,25155,23859,218,0,,,,,44803,4634,,0,802440,5554,,,,,522041,11985,802440,5554
8/24/20,PA,A+,7579,,1,,,,518,0,,,1433364,9392,,,,,71,129474,125822,426,0,,,,,,104873,,0,1562838,9818,,,,,1559186,9807,,0
8/24/20,PR,B,390,251,0,139,,,363,0,,71,305972,0,,,303412,,42,13922,13922,445,0,16696,,,,7002,,,0,319894,445,,,,,,0,310546,0
8/24/20,RI,A+,1035,,0,,2460,2460,80,0,,11,233372,2064,,,443325,,4,21302,21302,39,0,,,,,30345,2052,473670,3508,473670,3508,,,,,254674,2103,,0
8/24/20,SC,A+,2511,2387,7,124,7439,7439,979,0,,248,783926,3578,56477,,751000,,148,112551,111202,563,0,4861,,,,144128,46118,,0,896477,4141,61338,,,,,0,895128,4122
8/24/20,SD,A,161,,0,,965,965,65,6,,,126038,554,,,,,,11425,,149,0,,,,,,9694,,0,137463,703,,,,,137463,703,178534,1691
8/24/20,TN,A+,1588,1547,21,41,6421,6421,1018,43,,342,1914750,13494,,,1884801,,173,144604,141591,667,0,,,,,171540,106041,,0,2059354,14161,,,,,,0,2056341,14085
8/24/20,TX,A,11395,,25,,,,5019,0,,1809,4651361,11823,,,,,,580384,580384,2847,0,27726,11635,,,724009,457182,,0,5231745,14670,344218,88467,,,,0,5231745,14670
8/24/20,UT,A+,390,,5,,2941,2941,144,15,744,57,581933,2575,,,727682,298,,49364,49364,249,0,,853,,797,54502,41164,,0,782184,4197,,3895,,3224,630821,2860,782184,4197
8/24/20,VA,A+,2471,2352,4,119,9207,9207,1127,31,,256,1370350,12429,,,,,134,113630,108767,664,0,,,,,131291,14482,1479117,13084,1479117,13084,,,,,,0,,0
8/24/20,VI,C,11,11,1,,,,,0,,,13458,100,,,,,,984,,24,0,,,,,,712,,0,14442,124,,,,,,0,14537,118
8/24/20,VT,B,58,58,0,,,,11,0,,,118415,1340,,,,,,1564,1564,8,0,,,,,,1380,,0,162323,2557,,,,,119979,1348,162323,2557
8/24/20,WA,B,1863,1863,6,,6530,6530,454,30,,,1308369,992,,,,,36,73067,72579,274,0,,,,,,,1380050,1014,1380050,1014,,,,,,0,,0
8/24/20,WI,A+,1089,1081,0,8,5573,5573,337,15,991,121,1119622,4473,,,,,,75619,70854,414,0,,,,,,62310,1629764,13463,1629764,13463,,,,,1190476,4865,,0
8/24/20,WV,C,179,178,1,1,,,141,0,,47,389342,2421,,,,,23,9312,9137,40,0,,,,,,7385,,0,398654,2461,15521,,,,,0,398479,2461
8/24/20,WY,B,37,,0,,211,211,20,4,,,62419,1106,,,109780,,,3603,3068,24,0,,,,,3309,2927,,0,113089,1651,,,,,65487,1180,113089,1651
8/23/20,AK,A,32,32,1,,225,225,48,2,,,322682,1087,,,321943,,7,4758,,66,0,,,,,5170,1745,,0,327440,1153,,,,,,0,327440,1153
8/23/20,AL,B,2013,1944,2,69,13502,13502,1093,0,1348,,806609,4859,,,,734,,115060,110094,528,0,,,,,,44684,,0,916703,5387,,,,,916703,5387,,0
8/23/20,AR,A,687,,13,,3920,3920,500,12,,,609126,6187,,,609126,502,110,56574,56574,375,0,,1085,,,,50251,,0,670826,12235,,7090,,,,0,670826,12235
8/23/20,AS,C,0,,0,,,,,0,,,1514,0,,,,,,0,0,0,0,,,,,,,,0,1514,0,,,,,,0,1514,0
8/23/20,AZ,A+,4771,4515,15,256,21241,21241,969,-30,,329,952766,6527,,,,,191,198103,196521,208,0,,,,,,29147,,0,1652279,7824,259529,,,,1149287,6730,1652279,7824
8/23/20,CA,B,12134,,146,,,,5665,0,,1582,9877362,97902,,,,,,663669,663669,6777,0,,,,,,,,0,10541031,104679,,,,,,0,10541031,104679
8/23/20,CO,A,1918,1573,0,345,6841,6841,225,10,,,594857,0,143047,,,,,55143,51505,260,0,10612,,,,,5823,938596,8444,938596,8444,153659,,,,668994,5213,,0
8/23/20,CT,B,4460,3574,0,886,11087,11087,54,0,,,970851,0,,,,,,51519,49477,0,0,,,,,,8893,,0,1022370,0,,,,,,0,1020328,0
8/23/20,DC,A+,604,,0,,,,80,0,,27,252456,3550,,,,,12,13590,,56,0,,,,,,10812,266046,3606,266046,3606,,,,,167808,3299,,0
8/23/20,DE,A+,600,531,0,69,,,44,0,,8,204950,1902,,,,,,16895,15881,67,0,,,,,20119,8936,317458,3293,317458,3293,,,,,221845,1969,,0
8/23/20,FL,A,10462,,51,,36903,36903,4580,139,,,3828062,23812,411877,403867,5212677,,,594287,587629,3004,0,34738,,34017,,769714,,5968059,52380,5968059,52380,446669,,437913,,4416603,26835,6016043,45356
8/23/20,GA,A,5132,,40,,23369,23369,2360,44,4265,,1917935,20987,,,,,,253949,253949,1727,0,19716,,,,230533,,,0,2171884,22714,267561,,,,,0,2171884,22714
8/23/20,GU,A,7,,0,,,,16,0,,3,31771,1022,,,,,,820,812,53,0,2,,,,,394,,0,32591,1075,155,,,,,0,31506,0
8/23/20,HI,C,47,,1,,377,377,192,40,,35,169828,2350,,,,,19,6356,,284,0,,,,,6369,2107,223447,4390,223447,4390,,,,,176184,2634,228381,4396
8/23/20,IA,A+,1036,,5,,,,260,0,,82,525701,3081,,43842,,,39,56275,56275,540,0,,,2980,,,43493,,0,581976,3621,,,46862,,595765,3802,,0
8/23/20,ID,A,306,277,2,29,1246,1246,192,13,346,52,207618,1134,,,,,,29662,27637,293,0,,,,,,12606,,0,235255,1400,,,,,235255,1400,,0
8/23/20,IL,A,8089,7880,6,209,,,1449,0,,339,3483858,52458,,,,,117,221595,220178,1893,0,,,,,,,,0,3705453,54351,,,,,,0,3704036,54351
8/23/20,IN,A+,3220,3003,2,217,10281,10281,894,62,2076,252,891870,7541,,,,,70,85932,,615,0,,,,,91844,64131,,0,1403132,9088,,,,,977802,8156,1403132,9088
8/23/20,KS,A+,419,,0,,2159,2159,296,0,584,89,329459,0,,,,203,24,36856,,0,0,,,,,,1520,,0,366315,0,,,,,366315,0,,0
8/23/20,KY,B,881,875,17,6,4362,4362,590,0,1340,166,706202,0,,,,,,43529,40181,1264,0,,,,,,9448,,0,745270,0,45988,11940,,,,0,745270,0
8/23/20,LA,A,4746,4605,59,141,,,941,0,,,1620895,23808,,,,,152,142943,142943,1223,0,,,,,,118120,,0,1763838,25031,,,,,,0,1763838,25031
8/23/20,MA,A+,8921,8690,0,231,12256,12256,315,0,,50,1428313,0,,,,,20,125360,115850,0,0,,,,,152852,102205,,0,2064529,0,,,108343,74606,1544163,0,2064529,0
8/23/20,MD,A,3691,3552,6,139,13956,13956,407,92,,99,1128794,11876,,103726,,,,104102,104102,579,0,,,9431,,122660,6047,,0,1772656,21141,,,113157,,1232896,12455,1772656,21141
8/23/20,ME,A+,131,130,1,1,408,408,4,1,,2,227366,3932,8917,,225587,,1,4335,3890,18,0,470,,,,5436,3734,,0,231701,3950,9400,,,,,0,231256,3950
8/23/20,MI,A+,6659,6393,4,266,,,646,0,,173,2426664,73669,,,2426664,,95,106808,96792,764,0,,,,,137670,72580,,0,2533472,74433,247944,,,,,0,2564334,76129
8/23/20,MN,A,1813,1767,6,46,6151,6151,301,38,1766,137,990736,8347,,,,,,69584,69584,717,0,,,,,,62373,1374536,16941,1374536,16941,,,,,1060320,9064,,0
8/23/20,MO,A,1426,,1,,,,957,0,,,839758,9321,,64109,1128457,,118,75075,75075,818,0,,,2710,,87456,,,0,1218097,21555,,,66819,,914833,10139,1218097,21555
8/23/20,MP,D,2,2,0,,4,4,,0,,,12867,0,,,,,,54,54,0,0,,,,,,29,,0,12921,0,,,,,12920,0,16453,0
8/23/20,MS,A+,2240,2139,3,101,5149,5149,982,0,,259,456354,0,,,,,148,77894,75176,626,0,95,,,,,56577,,0,534248,626,22862,,,,,0,530974,0
8/23/20,MT,C,90,,0,,379,379,111,1,,,204320,980,,,,,,6429,6429,53,0,,,,,,4816,,0,210749,1033,,,,,,0,210749,1033
8/23/20,NC,A+,2531,2531,10,,,,898,0,,268,1923359,24882,,,,,,155113,155113,1472,0,,,,,,127749,,0,2078472,26354,,,,,,0,2078472,26354
8/23/20,ND,B,140,,4,,501,501,52,2,141,17,181009,1707,7895,,,,,9852,9852,138,0,308,,,,,8064,419309,4402,419309,4402,8203,,,,188617,1802,432722,4494
8/23/20,NE,A,376,,0,,1907,1907,139,16,,,306581,1625,,,401732,,,31780,31780,154,0,,,,,38889,23878,,0,441586,2688,,,,,338836,1778,441586,2688
8/23/20,NH,B,429,,0,,711,711,12,1,220,,188957,1374,,,,,,7107,7107,15,0,,,,,,6428,,0,301316,2466,29819,,29236,,196064,1389,301316,2466
8/23/20,NJ,A+,15898,14117,3,1781,22448,22448,411,3,,72,2459504,0,,,,,27,189494,189494,258,0,,,,,,33615,,0,2648998,258,,,,,,0,2648740,0
8/23/20,NM,B,745,,2,,3031,3031,64,1,,,694904,6885,,,,,,24396,24396,94,0,,,,,,11539,,0,719300,6979,,,,,,0,719300,6979
8/23/20,NV,A+,1197,,0,,,,825,0,,247,508628,3571,,,,,138,65601,65601,532,0,,,,,,,792578,3779,792578,3779,,,,,574119,4159,809683,7664
8/23/20,NY,A,25288,,6,,89995,89995,472,0,,110,7191422,73471,,,,,50,429737,429737,572,0,,,,,,74640,7621159,74043,7621159,74043,,,,,,0,,0
8/23/20,OH,A+,3978,3697,3,281,12800,12800,777,22,2878,271,1869087,22624,,,,,150,114802,108735,637,0,,,,,,94825,,0,1983889,23261,,,,,,0,1977822,23226
8/23/20,OK,A+,726,,1,,4422,4422,578,54,,237,759335,0,,,759335,,,53165,53165,566,0,2856,,,,60433,44409,,0,812500,566,67322,,,,,0,821289,0
8/23/20,OR,A+,417,,0,,1984,1984,173,0,,47,494883,3129,,,752378,,19,24937,23156,227,0,,,,,44508,4589,,0,796886,5241,,,,,510056,0,796886,5241
8/23/20,PA,A+,7578,,2,,,,501,0,,,1423972,11848,,,,,75,129048,125407,619,0,,,,,,103238,,0,1553020,12467,,,,,1549379,12453,,0
8/23/20,PR,B,390,251,9,139,,,370,0,,66,305972,0,,,303412,,36,13477,13477,195,0,16419,,,,7002,,,0,319449,195,,,,,,0,310546,0
8/23/20,RI,A+,1035,,0,,2460,2460,80,5,,11,231308,2357,,,439862,,4,21263,21263,88,0,,,,,30300,2052,470162,5490,470162,5490,,,,,252571,2445,,0
8/23/20,SC,A+,2504,2380,11,124,7439,7439,1026,0,,250,780348,-20489,56344,,747491,,150,111988,110658,693,0,4846,,,,143515,46118,,0,892336,-19796,61190,,,,,0,891006,-19793
8/23/20,SD,A,161,,1,,959,959,62,8,,,125484,989,,,,,,11276,,141,0,,,,,,9564,,0,136760,1130,,,,,136760,1130,176843,1717
8/23/20,TN,A+,1567,1527,4,40,6378,6378,1009,50,,330,1901256,35579,,,1871468,,164,143937,141000,1854,0,,,,,170788,104054,,0,2045193,37433,,,,,,0,2042256,37395
8/23/20,TX,A,11370,,104,,,,5186,0,,1878,4639538,13590,,,,,,577537,577537,4398,0,27726,11553,,,722613,451776,,0,5217075,17988,344218,87509,,,,0,5217075,17988
8/23/20,UT,A+,385,,0,,2926,2926,156,27,743,58,579358,3182,,,723803,298,,49115,49115,301,0,,844,,789,54184,40831,,0,777987,4928,,3828,,3169,627961,3419,777987,4928
8/23/20,VA,A+,2467,2348,24,119,9176,9176,1155,37,,251,1357921,11518,,,,,130,112966,108112,894,0,,,,,130505,14443,1466033,12362,1466033,12362,,,,,,0,,0
8/23/20,VI,C,10,10,0,,,,,0,,,13358,0,,,,,,960,,0,0,,,,,,655,,0,14318,0,,,,,,0,14419,0
8/23/20,VT,B,58,58,0,,,,13,0,,,117075,1336,,,,,,1556,1556,5,0,,,,,,1371,,0,159766,2148,,,,,118631,1341,159766,2148
8/23/20,WA,B,1857,1857,7,,6500,6500,455,31,,,1307377,2442,,,,,42,72793,72306,551,0,,,,,,,1379036,2503,1379036,2503,,,,,,0,,0
8/23/20,WI,A+,1089,1081,0,8,5558,5558,321,13,990,106,1115149,4361,,,,,,75205,70462,479,0,,,,,,61720,1616301,10977,1616301,10977,,,,,1185611,4814,,0
8/23/20,WV,C,178,177,2,1,,,139,0,,46,386921,4248,,,,,23,9272,9097,87,0,,,,,,7358,,0,396193,4335,15514,,,,,0,396018,4335
8/23/20,WY,B,37,,0,,207,207,19,4,,,61313,0,,,108194,,,3579,3046,36,0,,,,,3244,2896,,0,111438,258,,,,,64307,0,111438,258
8/22/20,AK,A,31,31,1,,223,223,46,3,,,321595,4664,,,320811,,6,4692,,88,0,,,,,5151,1686,,0,326287,4752,,,,,,0,326287,4752
8/22/20,AL,B,2011,1942,21,69,13502,13502,1067,172,1348,,801750,17420,,,,734,,114532,109566,1762,0,,,,,,44684,,0,911316,19503,,,,,911316,19503,,0
8/22/20,AR,A,674,,11,,3908,3908,492,52,,,602939,0,,,602939,502,108,56199,56199,547,0,,1085,,,,49764,,0,658591,0,,7090,,,,0,658591,0
8/22/20,AS,C,0,,0,,,,,0,,,1514,0,,,,,,0,0,0,0,,,,,,,,0,1514,0,,,,,,0,1514,0
8/22/20,AZ,A+,4756,4500,68,256,21271,21271,1046,61,,363,946239,15150,,,,,209,197895,196318,996,0,,,,,,28932,,0,1644455,15936,258197,,,,1142557,16137,1644455,15936
8/22/20,CA,B,11988,,167,,,,5873,0,,1675,9779460,100424,,,,,,656892,656892,6556,0,,,,,,,,0,10436352,106980,,,,,,0,10436352,106980
8/22/20,CO,A,1918,1573,8,345,6831,6831,258,23,,,594857,0,142573,,,,,54883,51258,297,0,10575,,,,,5804,930152,11226,930152,11226,153148,,,,663781,5929,,0
8/22/20,CT,B,4460,3574,0,886,11087,11087,54,0,,,970851,0,,,,,,51519,49477,0,0,,,,,,8893,,0,1022370,0,,,,,,0,1020328,0
8/22/20,DC,A+,604,,2,,,,81,0,,26,248906,3317,,,,,10,13534,,65,0,,,,,,10800,262440,3382,262440,3382,,,,,164509,0,,0
8/22/20,DE,A+,600,531,0,69,,,44,0,,11,203048,1810,,,,,,16828,15820,58,0,,,,,20048,8923,314165,3394,314165,3394,,,,,219876,1868,,0
8/22/20,FL,A,10411,,107,,36764,36764,4745,339,,,3804250,30324,411877,403867,5171972,,,591283,584680,4260,0,34738,,34017,,765446,,5915679,85096,5915679,85096,446669,,437913,,4389768,34620,5970687,60865
8/22/20,GA,A,5092,,94,,23325,23325,2361,200,4251,,1896948,26476,,,,,,252222,252222,2592,0,19488,,,,228623,,,0,2149170,29068,265893,,,,,0,2149170,29068
8/22/20,GU,A,7,,0,,,,14,0,,3,30749,0,,,,,,767,759,0,0,2,,,,,394,,0,31516,0,155,,,,,0,31506,0
8/22/20,HI,C,46,,1,,337,337,227,20,,44,167478,4650,,,,,23,6072,,228,0,,,,,6050,2072,219057,3806,219057,3806,,,,,173550,2366,223985,3999
8/22/20,IA,A+,1031,,10,,,,268,0,,79,522620,4487,,43561,,,34,55735,55735,729,0,,,2975,,,43383,,0,578355,5216,,,46576,,591963,5341,,0
8/22/20,ID,A,304,274,6,30,1233,1233,192,7,344,52,206484,1824,,,,,,29369,27371,249,0,,,,,,12359,,0,233855,2056,,,,,233855,2056,,0
8/22/20,IL,A,8083,7874,17,209,,,1488,0,,322,3431400,54410,,,,,127,219702,218285,2356,0,,,,,,,,0,3651102,56766,,,,,,0,3649685,56766
8/22/20,IN,A+,3218,3001,10,217,10219,10219,883,87,2067,235,884329,10214,,,,,76,85317,,1000,0,,,,,91434,64131,,0,1394044,23790,,,,,969646,11214,1394044,23790
8/22/20,KS,A+,419,,0,,2159,2159,296,0,584,89,329459,0,,,,203,24,36856,,0,0,,,,,,1520,,0,366315,0,,,,,366315,0,,0
8/22/20,KY,B,864,858,0,6,4362,4362,590,0,1340,166,706202,0,,,,,,42265,39068,0,0,,,,,,9448,,0,745270,0,45988,11940,,,,0,745270,0
8/22/20,LA,A,4687,4546,0,141,,,1051,0,,,1597087,0,,,,,172,141720,141720,0,0,,,,,,118120,,0,1738807,0,,,,,,0,1738807,0
8/22/20,MA,A+,8921,8690,20,231,12256,12256,315,11,,50,1428313,8192,,,,,20,125360,115850,144,0,,,,,152852,102205,,0,2064529,13658,,,108343,74606,1544163,8301,2064529,13658
8/22/20,MD,A,3685,3546,11,139,13864,13864,441,41,,98,1116918,15550,,103726,,,,103523,103523,624,0,,,9431,,122025,6047,,0,1751515,28558,,,113157,,1220441,16174,1751515,28558
8/22/20,ME,A+,130,129,1,1,407,407,4,0,,1,223434,3854,8885,,221664,,1,4317,3872,32,0,467,,,,5409,3718,,0,227751,3886,9365,,,,,0,227306,3879
8/22/20,MI,A+,6655,6389,21,266,,,646,0,,173,2352995,31911,,,2352995,,95,106044,96024,1426,0,,,,,135210,72580,,0,2459039,33337,244940,,,,,0,2488205,33018
8/22/20,MN,A,1807,1761,8,46,6113,6113,316,49,1761,148,982389,8985,,,,,,68867,68867,734,0,,,,,,61698,1357595,16745,1357595,16745,,,,,1051256,9719,,0
8/22/20,MO,A,1425,,6,,,,913,0,,,830437,7295,,63752,1109461,,104,74257,74257,1293,0,,,2649,,84986,,,0,1196542,11007,,,66401,,904694,8588,1196542,11007
8/22/20,MP,D,2,2,0,,4,4,,0,,,12867,0,,,,,,54,54,0,0,,,,,,29,,0,12921,0,,,,,12920,0,16453,0
8/22/20,MS,A+,2237,2136,23,101,5149,5149,982,22,,259,456354,2875,,,,,148,77268,74620,945,0,95,,,,,56577,,0,533622,3820,22862,,,,,0,530974,3669
8/22/20,MT,C,90,,1,,378,378,110,15,,,203340,929,,,,,,6376,6376,160,0,,,,,,4815,,0,209716,1089,,,,,,0,209716,1089
8/22/20,NC,A+,2521,2521,27,,,,996,0,,279,1898477,19504,,,,,,153641,153641,1729,0,,,,,,127749,,0,2052118,21233,,,,,,0,2052118,21233
8/22/20,ND,B,136,,0,,499,499,53,8,140,16,179302,1764,7870,,,,,9714,9714,256,0,305,,,,,7968,414907,6623,414907,6623,8175,,,,186815,2177,428228,6870
8/22/20,NE,A,376,,3,,1891,1891,140,14,,,304956,2537,,,399222,,,31626,31626,278,0,,,,,38712,23608,,0,438898,3931,,,,,337058,2817,438898,3931
8/22/20,NH,B,429,,1,,710,710,14,0,220,,187583,4951,,,,,,7092,7092,42,0,,,,,,6405,,0,298850,8840,29743,,29166,,194675,4993,298850,8840
8/22/20,NJ,A+,15895,14114,2,1781,22445,22445,376,52,,66,2459504,32629,,,,,32,189236,189236,419,0,,,,,,33555,,0,2648740,33048,,,,,,0,2648740,33048
8/22/20,NM,B,743,,4,,3030,3030,68,12,,,688019,7159,,,,,,24302,24302,207,0,,,,,,11458,,0,712321,7366,,,,,,0,712321,7366
8/22/20,NV,A+,1197,,12,,,,825,0,,247,505057,3179,,,,,138,65069,65069,636,0,,,,,,,788799,6632,788799,6632,,,,,569960,3724,802019,6755
8/22/20,NY,A,25282,,4,,89995,89995,483,0,,116,7117951,94196,,,,,56,429165,429165,653,0,,,,,,74553,7547116,94849,7547116,94849,,,,,,0,,0
8/22/20,OH,A+,3975,3694,20,281,12778,12778,792,59,2876,281,1846463,22614,,,,,155,114165,108133,1119,0,,,,,,93914,,0,1960628,23733,,,,,,0,1954596,23683
8/22/20,OK,A+,725,,10,,4368,4368,578,52,,237,759335,10179,,,759335,,,52599,52599,853,0,2856,,,,60433,44035,,0,811934,11032,67322,,,,,0,821289,11169
8/22/20,OR,A+,417,,3,,1984,1984,173,0,,47,491754,4854,,,747453,,19,24710,23156,289,0,,,,,44192,4589,,0,791645,8955,,,,,510056,0,791645,8955
8/22/20,PA,A+,7576,,18,,,,487,0,,,1412124,12615,,,,,84,128429,124802,796,0,,,,,,102743,,0,1540553,13411,,,,,1536926,13386,,0
8/22/20,PR,B,381,246,7,135,,,401,0,,67,305972,0,,,303412,,41,13282,13282,268,0,16295,,,,7002,,,0,319254,268,,,,,,0,310546,0
8/22/20,RI,A+,1035,,5,,2455,2455,87,17,,9,228951,4119,,,434461,,4,21175,21175,153,0,,,,,30211,2040,464672,9695,464672,9695,,,,,250126,4272,,0
8/22/20,SC,A+,2493,2372,34,121,7439,7439,1025,0,,258,800837,8034,57763,,763753,,155,111295,109962,917,0,4970,,,,147046,46118,,0,912132,8951,62733,,,,,0,910799,8861
8/22/20,SD,A,160,,1,,951,951,66,3,,,124495,1604,,,,,,11135,,251,0,,,,,,9435,,0,135630,1855,,,,,135630,1855,175126,2667
8/22/20,TN,A+,1563,1523,14,40,6328,6328,1100,73,,358,1865677,25283,,,1836205,,170,142083,139184,1239,0,,,,,168656,103426,,0,2007760,26522,,,,,,0,2004861,26452
8/22/20,TX,A,11266,,215,,,,5274,0,,1963,4625948,38458,,,,,,573139,573139,5559,0,27414,11487,,,720818,446030,,0,5199087,44017,342277,86627,,,,0,5199087,44017
8/22/20,UT,A+,385,,2,,2899,2899,148,29,740,56,576176,4910,,,719134,297,,48814,48814,369,0,,832,,778,53925,40352,,0,773059,7148,,3741,,3097,624542,5327,773059,7148
8/22/20,VA,A+,2443,2324,7,119,9139,9139,1154,68,,254,1346403,15302,,,,,125,112072,107268,1212,0,,,,,129523,14353,1453671,16393,1453671,16393,,,,,,0,,0
8/22/20,VI,C,10,10,0,,,,,0,,,13358,463,,,,,,960,,28,0,,,,,,655,,0,14318,491,,,,,,0,14419,504
8/22/20,VT,B,58,58,0,,,,15,0,,,115739,1518,,,,,,1551,1551,11,0,,,,,,1366,,0,157618,2744,,,,,117290,1529,157618,2744
8/22/20,WA,B,1850,1850,13,,6469,6469,469,69,,,1304935,7085,,,,,45,72242,71780,509,0,,,,,,,1376533,7269,1376533,7269,,,,,,0,,0
8/22/20,WI,A+,1089,1081,14,8,5545,5545,333,40,986,108,1110788,7750,,,,,,74726,70009,975,0,,,,,,60933,1605324,16237,1605324,16237,,,,,1180797,8700,,0
8/22/20,WV,C,176,175,6,1,,,138,0,,51,382673,7420,,,,,23,9185,9010,119,0,,,,,,7307,,0,391858,7539,15501,,,,,0,391683,7540
8/22/20,WY,B,37,,0,,203,203,19,0,,,61313,0,,,107944,,,3543,3009,19,0,,,,,3236,2879,,0,111180,250,,,,,64307,0,111180,250
8/21/20,AK,A,30,30,1,,220,220,46,2,,,316931,8819,,,316141,,6,4604,,69,0,,,,,5073,1601,,0,321535,8888,,,,,,0,321535,8888
8/21/20,AL,B,1990,1921,16,69,13330,13330,1168,0,1348,,784330,0,,,,734,,112770,107804,321,0,,,,,,44684,,0,891813,0,,,,,891813,0,,0
8/21/20,AR,A,663,,22,,3856,3856,509,66,,,602939,9195,,,602939,499,120,55652,55652,887,0,,1085,,,,49135,,0,658591,10082,,7090,,,,0,658591,10082
8/21/20,AS,C,0,,0,,,,,0,,,1514,0,,,,,,0,0,0,0,,,,,,,,0,1514,0,,,,,,0,1514,0
8/21/20,AZ,A+,4688,4433,4,255,21210,21210,1068,67,,365,931089,8926,,,,,234,196899,195331,619,0,,,,,,28731,,0,1628519,14610,257196,,,,1126420,9523,1628519,14610
8/21/20,CA,B,11821,,135,,,,6039,0,,1706,9679036,95821,,,,,,650336,650336,5585,0,,,,,,,,0,10329372,101406,,,,,,0,10329372,101406
8/21/20,CO,A,1910,1566,7,344,6808,6808,236,11,,,594857,0,141899,,,,,54586,50967,356,0,10514,,,,,5791,918926,12233,918926,12233,152413,,,,657852,6602,,0
8/21/20,CT,B,4460,3574,2,886,11087,11087,54,0,,,970851,7443,,,,,,51519,49477,87,0,,,,,,8893,,0,1022370,7530,,,,,,0,1020328,7518
8/21/20,DC,A+,602,,1,,,,78,0,,27,245589,5013,,,,,12,13469,,60,0,,,,,,10772,259058,5073,259058,5073,,,,,164509,2351,,0
8/21/20,DE,A+,600,531,5,69,,,37,0,,10,201238,1000,,,,,,16770,15766,52,0,,,,,19966,8839,310771,1776,310771,1776,,,,,218008,1052,,0
8/21/20,FL,A,10304,,118,,36425,36425,4902,355,,,3773926,26776,411877,403867,5117438,,,587023,580588,4616,0,34738,,34017,,759737,,5830583,67384,5830583,67384,446669,,437913,,4355148,31460,5909822,53686
8/21/20,GA,A,4998,,94,,23125,23125,2408,245,4218,,1870472,20378,,,,,,249630,249630,2889,0,19106,,,,225938,,,0,2120102,23267,263245,,,,,0,2120102,23267
8/21/20,GU,A,7,,1,,,,14,0,,3,30749,761,,,,,,767,759,63,0,2,,,,,394,,0,31516,824,155,,,,,0,31506,804
8/21/20,HI,C,45,,0,,317,317,165,0,,29,162828,0,,,,,19,5844,,0,0,,,,,5825,2031,215251,3520,215251,3520,,,,,171184,2512,219986,0
8/21/20,IA,A+,1021,,7,,,,293,0,,81,518133,3957,,43113,,,32,55006,55006,991,0,,,2964,,,42912,,0,573139,4948,,,46117,,586622,5100,,0
8/21/20,ID,A,298,269,7,29,1226,1226,205,26,340,51,204660,2209,,,,,,29120,27139,424,0,,,,,,12007,,0,231799,2594,,,,,231799,2594,,0
8/21/20,IL,A,8066,7857,22,209,,,1526,0,,351,3376990,49528,,,,,121,217346,215929,2293,0,,,,,,,,0,3594336,51821,,,,,,0,3592919,51736
8/21/20,IN,A+,3208,2992,17,216,10132,10132,860,-13,2051,252,874115,11921,,,,,81,84317,,1040,0,,,,,90442,64131,,0,1370254,25173,,,,,958432,12961,1370254,25173
8/21/20,KS,A+,419,,8,,2159,2159,296,69,584,89,329459,5509,,,,203,24,36856,,966,0,,,,,,1520,,0,366315,6475,,,,,366315,6475,,0
8/21/20,KY,B,864,858,8,6,4362,4362,590,13,1340,166,706202,8110,,,,,,42265,39068,639,0,,,,,,9448,,0,745270,8703,45988,11940,,,,0,745270,8703
8/21/20,LA,A,4687,4546,50,141,,,1051,0,,,1597087,18874,,,,,172,141720,141720,899,0,,,,,,118120,,0,1738807,19773,,,,,,0,1738807,19773
8/21/20,MA,A+,8901,8670,13,231,12245,12245,322,20,,66,1420121,26327,,,,,15,125216,115741,488,0,,,,,152702,102205,,0,2050871,41809,,,108011,74485,1535862,26758,2050871,41809
8/21/20,MD,A,3674,3536,5,138,13823,13823,455,38,,102,1101368,15921,,103726,,,,102899,102899,670,0,,,9431,,121174,6047,,0,1722957,29386,,,113157,,1204267,16591,1722957,29386
8/21/20,ME,A+,129,128,1,1,407,407,7,2,,1,219580,3648,8862,,217820,,1,4285,3847,32,0,467,,,,5375,3698,,0,223865,3680,9342,,,,,0,223427,3683
8/21/20,MI,A+,6634,6368,0,266,,,646,0,,173,2321084,0,,,2321084,,95,104618,94697,0,0,,,,,134103,67778,,0,2425702,0,243222,,,,,0,2455187,0
8/21/20,MN,A,1799,1753,8,46,6064,6064,296,45,1740,136,973404,10619,,,,,,68133,68133,825,0,,,,,,60920,1340850,18630,1340850,18630,,,,,1041537,11444,,0
8/21/20,MO,A,1419,,2,,,,875,0,,,823142,9001,,63428,1099769,,114,72964,72964,1231,0,,,2633,,83699,,,0,1185535,12876,,,66061,,896106,10232,1185535,12876
8/21/20,MP,D,2,2,0,,4,4,,0,,,12867,0,,,,,,54,54,0,0,,,,,,29,,0,12921,0,,,,,12920,0,16453,0
8/21/20,MS,A+,2214,2119,24,95,5127,5127,997,30,,264,453479,1302,,,,,152,76323,73826,874,0,95,,,,,56577,,0,529802,2176,22662,,,,,0,527305,4567
8/21/20,MT,C,89,,0,,363,363,97,6,,,202411,923,,,,,,6216,6216,144,0,,,,,,4798,,0,208627,1067,,,,,,0,208627,1067
8/21/20,NC,A+,2494,2494,29,,,,1015,0,,284,1878973,25570,,,,,,151912,151912,2008,0,,,,,,127749,,0,2030885,27578,,,,,,0,2030885,27578
8/21/20,ND,B,136,,2,,491,491,54,13,139,15,177538,1993,7870,,,,,9458,9458,231,0,305,,,,,7841,408284,6527,408284,6527,8175,,,,184638,1994,421358,6855
8/21/20,NE,A,373,,2,,1877,1877,146,26,,,302419,3051,,,395632,,,31348,31348,308,0,,,,,38378,23292,,0,434967,4421,,,,,334241,3537,434967,4421
8/21/20,NH,B,428,,0,,710,710,11,0,220,,182632,0,,,,,,7050,7050,0,0,,,,,,6367,,0,290010,0,29490,,28924,,189682,0,290010,0
8/21/20,NJ,A+,15893,14112,9,1781,22393,22393,414,34,,61,2426875,30195,,,,,30,188817,188817,290,0,,,,,,33533,,0,2615692,30485,,,,,,0,2615692,30485
8/21/20,NM,B,739,,5,,3018,3018,65,9,,,680860,9987,,,,,,24095,24095,144,0,,,,,,11312,,0,704955,10131,,,,,,0,704955,10131
8/21/20,NV,A+,1185,,13,,,,807,0,,246,501878,4499,,,,,140,64433,64433,849,0,,,,,,,782167,6447,782167,6447,,,,,566236,5255,795264,8920
8/21/20,NY,A,25278,,3,,89995,89995,490,0,,119,7023755,98171,,,,,58,428512,428512,709,0,,,,,,74485,7452267,98880,7452267,98880,,,,,,0,,0
8/21/20,OH,A+,3955,3675,26,280,12719,12719,849,104,2864,283,1823849,24493,,,,,156,113046,107064,1043,0,,,,,,92736,,0,1936895,25536,,,,,,0,1930913,25494
8/21/20,OK,A+,715,,6,,4316,4316,562,48,,246,749156,8931,,,749156,,,51746,51746,1077,0,2649,,,,59448,43417,,0,800902,10008,65475,,,,,0,810120,9904
8/21/20,OR,A+,414,,2,,1984,1984,173,5,,47,486900,4698,,,738974,,19,24421,23156,256,0,,,,,43716,4566,,0,782690,10346,,,,,510056,4937,782690,10346
8/21/20,PA,A+,7558,,20,,,,510,0,,,1399509,13438,,,,,93,127633,124031,693,0,,,,,,102106,,0,1527142,14131,,,,,1523540,14105,,0
8/21/20,PR,B,374,240,7,134,,,392,0,,65,305972,0,,,303412,,42,13014,13014,438,0,15832,,,,7002,,,0,318986,438,,,,,,0,310546,0
8/21/20,RI,A+,1030,,2,,2438,2438,81,7,,9,224832,5940,,,424955,,5,21022,21022,151,0,,,,,30022,2031,454977,10403,454977,10403,,,,,245854,6091,,0
8/21/20,SC,A+,2459,2339,58,120,7439,7439,1079,293,,278,792803,9323,57478,,756128,,160,110378,109135,1058,0,4894,,,,145810,46118,,0,903181,10381,62372,,,,,0,901938,10312
8/21/20,SD,A,159,,2,,948,948,50,8,,,122891,1474,,,,,,10884,,193,0,,,,,,9349,,0,133775,1667,,,,,133775,1667,172459,2692
8/21/20,TN,A+,1549,1508,61,41,6255,6255,1149,99,,359,1840394,27466,,,1811300,,171,140844,138015,1669,0,,,,,167109,102686,,0,1981238,29135,,,,,,0,1978409,29005
8/21/20,TX,A,11051,,258,,,,5566,0,,1979,4587490,43563,,,,,,567580,567580,5021,0,26824,11394,,,716756,438825,,0,5155070,48584,338016,85045,,,,0,5155070,48584
8/21/20,UT,A+,383,,2,,2870,2870,155,17,737,58,571266,3629,,,712436,294,,48445,48445,463,0,,809,,756,53475,39867,,0,765911,5455,,3564,,2949,619215,4005,765911,5455
8/21/20,VA,A+,2436,2319,9,117,9071,9071,1233,73,,263,1331101,18055,,,,,142,110860,106177,978,0,,,,,128248,14249,1437278,18943,1437278,18943,,,,,,0,,0
8/21/20,VI,C,10,10,0,,,,,0,,,12895,222,,,,,,932,,63,0,,,,,,649,,0,13827,285,,,,,,0,13915,352
8/21/20,VT,B,58,58,0,,,,10,0,,,114221,1339,,,,,,1540,1540,4,0,,,,,,1358,,0,154874,2115,,,,,115761,1343,154874,2115
8/21/20,WA,B,1837,1837,15,,6400,6400,481,12,,,1297850,11955,,,,,48,71733,71302,628,0,,,,,,,1369264,12396,1369264,12396,,,,,,0,,0
8/21/20,WI,A+,1075,1068,1,7,5505,5505,350,36,982,119,1103038,9744,,,,,,73751,69059,848,0,,,,,,60055,1589087,17733,1589087,17733,,,,,1172097,10570,,0
8/21/20,WV,C,170,169,4,1,,,146,0,,54,375253,6522,,,,,24,9066,8890,84,0,,,,,,7140,,0,384319,6606,15442,,,,,0,384143,6606
8/21/20,WY,B,37,,3,,203,203,19,1,,,61313,607,,,107703,,,3524,2994,56,0,,,,,3227,2864,,0,110930,849,,,,,64307,661,110930,849
8/20/20,AK,A,29,29,0,,218,218,51,4,,,308112,1715,,,307360,,6,4535,,83,0,,,,,4970,1513,,0,312647,1798,,,,,,0,312647,1798
8/20/20,AL,B,1974,1905,30,69,13330,13330,1105,250,1348,,784330,10462,,,,734,,112449,107483,971,0,,,,,,44684,,0,891813,11161,,,,,891813,11161,,0
8/20/20,AR,A,641,,10,,3790,3790,499,47,,,593744,6680,,,593744,488,108,54765,54765,549,0,,1085,,,,48458,,0,648509,7229,,7090,,,,0,648509,7229
8/20/20,AS,C,0,,0,,,,,0,,,1514,0,,,,,,0,0,0,0,,,,,,,,0,1514,0,,,,,,0,1514,0
8/20/20,AZ,A+,4684,4429,50,255,21143,21143,1070,123,,388,922163,6481,,,,,233,196280,194734,723,0,,,,,,28471,,0,1613909,17491,255456,,,,1116897,7173,1613909,17491
8/20/20,CA,B,11686,,163,,,,6212,0,,1707,9583215,81363,,,,,,644751,644751,5920,0,,,,,,,,0,10227966,87283,,,,,,0,10227966,87283
8/20/20,CO,A,1903,1559,3,344,6797,6797,238,13,,,594857,0,141188,,,,,54230,50627,329,0,10454,,,,,5759,906693,11486,906693,11486,151642,,,,651250,6080,,0
8/20/20,CT,B,4458,3572,1,886,11087,11087,47,72,,,963408,12302,,,,,,51432,49402,118,0,,,,,,8893,,0,1014840,12420,,,,,,0,1012810,12415
8/20/20,DC,A+,601,,1,,,,78,0,,26,240576,2271,,,,,12,13409,,55,0,,,,,,10720,253985,2326,253985,2326,,,,,162158,1613,,0
8/20/20,DE,A+,595,526,0,69,,,40,0,,10,200238,2012,,,,,,16718,15714,75,0,,,,,19902,8809,308995,2077,308995,2077,,,,,216956,2087,,0
8/20/20,FL,A,10186,,119,,36070,36070,5067,450,,,3747150,24958,381574,375046,5070645,,,582407,576315,4516,0,27323,,26788,,753364,,5763199,66232,5763199,66232,408950,,401862,,4323688,29471,5856136,50464
8/20/20,GA,A,4904,,55,,22880,22880,2506,216,4185,,1850094,18379,,,,,,246741,246741,2759,0,18832,,,,223540,,,0,2096835,21138,261409,,,,,0,2096835,21138
8/20/20,GU,A,6,,1,,,,13,0,,5,29988,837,,,,,,704,696,105,0,2,,,,,381,,0,30692,942,155,,,,,0,30702,962
8/20/20,HI,C,45,,3,,317,317,187,14,,33,162828,2324,,,,,20,5844,,235,0,,,,,5596,2031,211731,3741,211731,3741,,,,,168672,2559,219986,3866
8/20/20,IA,A+,1014,,8,,,,300,0,,89,514176,5142,,42632,,,31,54015,54015,727,0,,,2955,,,42372,,0,568191,5869,,,45627,,581522,10114,,0
8/20/20,ID,A,291,264,9,27,1200,1200,205,30,337,43,202451,1654,,,,,,28696,26754,370,0,,,,,,11733,,0,229205,1977,,,,,229205,1977,,0
8/20/20,IL,A,8044,7833,27,211,,,1519,0,,357,3327462,49780,,,,,124,215053,213721,1832,0,,,,,,,,0,3542515,51612,,,,,,0,3541183,51612
8/20/20,IN,A+,3191,2979,11,212,10145,10145,921,55,2069,257,862194,10497,,,,,78,83277,,941,0,,,,,89402,63262,,0,1345081,26649,,,,,945471,11438,1345081,26649
8/20/20,KS,A+,411,,0,,2090,2090,300,0,567,88,323950,0,,,,202,26,35890,,0,0,,,,,,1472,,0,359840,0,,,,,359840,0,,0
8/20/20,KY,B,856,850,14,6,4349,4349,638,48,1337,155,698092,8198,,,,,,41626,38475,700,0,,,,,,9388,,0,736567,8825,45909,11806,,,,0,736567,8825
8/20/20,LA,A,4637,4496,28,141,,,1087,0,,,1578213,13142,,,,,178,140821,140821,918,0,,,,,,118120,,0,1719034,14060,,,,,,0,1719034,14060
8/20/20,MA,A+,8888,8657,12,231,12225,12225,379,12,,62,1393794,21569,,,,,23,124728,115310,313,0,,,,,152204,102205,,0,2009062,34144,,,107203,72890,1509104,21831,2009062,34144
8/20/20,MD,A,3669,3531,8,138,13785,13785,455,41,,107,1085447,11328,,103726,,,,102229,102229,580,0,,,9431,,120372,6040,,0,1693571,18041,,,113157,,1187676,11908,1693571,18041
8/20/20,ME,A+,128,127,1,1,405,405,7,2,,1,215932,2924,8838,,214185,,1,4253,3812,19,0,460,,,,5330,3679,,0,220185,2943,9311,,,,,0,219744,2937
8/20/20,MI,A+,6634,6368,16,266,,,646,0,,173,2321084,29987,,,2321084,,81,104618,94697,527,0,,,,,134103,67778,,0,2425702,30514,243222,,,,,0,2455187,31183
8/20/20,MN,A,1791,1745,7,46,6019,6019,309,31,1734,148,962785,8477,,,,,,67308,67308,690,0,,,,,,60605,1322220,13956,1322220,13956,,,,,1030093,9167,,0
8/20/20,MO,A,1417,,3,,,,875,0,,,814141,10021,,63096,1088054,,114,71733,71733,1058,0,,,2606,,82566,,,0,1172659,14215,,,65702,,885874,11079,1172659,14215
8/20/20,MP,D,2,2,0,,4,4,,0,,,12867,1,,,,,,54,54,0,0,,,,,,29,,0,12921,1,,,,,12920,0,16453,0
8/20/20,MS,A+,2190,2100,27,90,5097,5097,1025,34,,276,452177,0,,,,,176,75449,73085,894,0,95,,,,,56577,,0,527626,894,18516,,,,,0,522738,0
8/20/20,MT,C,89,,5,,357,357,101,9,,,201488,911,,,,,,6072,6072,116,0,,,,,,4434,,0,207560,1027,,,,,,0,207560,1027
8/20/20,NC,A+,2465,2465,34,,,,1023,0,,280,1853403,23241,,,,,,149904,149904,1972,0,,,,,,127749,,0,2003307,25213,,,,,,0,2003307,25213
8/20/20,ND,B,134,,0,,478,478,45,0,136,15,175545,1987,7836,,,,,9227,9227,274,0,300,,,,,7718,401757,7454,401757,7454,8136,,,,182644,2264,414503,7729
8/20/20,NE,A,371,,3,,1851,1851,156,16,,,299368,1815,,,391534,,,31040,31040,215,0,,,,,38056,22941,,0,430546,4157,,,,,330704,2031,430546,4157
8/20/20,NH,B,428,,1,,710,710,11,-2,220,,182632,1659,,,,,,7050,7050,14,0,,,,,,6367,,0,290010,2936,29490,,28924,,189682,1673,290010,2936
8/20/20,NJ,A+,15884,14103,6,1781,22359,22359,433,48,,79,2396680,27395,,,,,28,188527,188527,100,0,,,,,,33490,,0,2585207,27495,,,,,,0,2585207,27495
8/20/20,NM,B,734,,5,,3009,3009,74,7,,,670873,6127,,,,,,23951,23951,202,0,,,,,,11145,,0,694824,6329,,,,,,0,694824,6329
8/20/20,NV,A+,1172,,38,,,,874,0,,263,497379,3881,,,,,152,63584,63584,556,0,,,,,,,775720,7724,775720,7724,,,,,560981,4545,786344,17046
8/20/20,NY,A,25275,,5,,89995,89995,518,0,,120,6925584,80383,,,,,62,427803,427803,601,0,,,,,,74406,7353387,80984,7353387,80984,,,,,,0,,0
8/20/20,OH,A+,3929,3650,22,279,12615,12615,860,86,2844,294,1799356,21767,,,,,169,112003,106063,1122,0,,,,,,91656,,0,1911359,22889,,,,,,0,1905419,22831
8/20/20,OK,A+,709,,10,,4268,4268,564,76,,248,740225,7408,,,740225,,,50669,50669,746,0,2649,,,,58523,42695,,0,790894,8154,65475,,,,,0,800216,8272
8/20/20,OR,A+,412,,4,,1979,1979,175,21,,48,482202,4916,,,729344,,21,24165,22917,295,0,,,,,43000,4566,,0,772344,8390,,,,,505119,5204,772344,8390
8/20/20,PA,A+,7538,,15,,,,548,0,,,1386071,17753,,,,,94,126940,123364,791,0,,,,,,101552,,0,1513011,18544,,,,,1509435,18512,,0
8/20/20,PR,B,367,236,11,131,,,390,0,,57,305972,0,,,303412,,37,12576,12576,124,0,15567,,,,7002,,,0,318548,124,,,,,,0,310546,0
8/20/20,RI,A+,1028,,1,,2431,2431,84,12,,8,218892,-18627,,,414743,,4,20871,20871,76,0,,,,,29831,2021,444574,4447,444574,4447,,,,,239763,-18551,,0
8/20/20,SC,A+,2401,2289,41,112,7146,7146,1108,0,,272,783480,7763,57120,,747254,,170,109320,108146,909,0,4812,,,,144372,45205,,0,892800,8672,61932,,,,,0,891626,8635
8/20/20,SD,A,157,,2,,940,940,53,5,,,121417,936,,,,,,10691,,125,0,,,,,,9265,,0,132108,1061,,,,,132108,1061,169767,1687
8/20/20,TN,A+,1488,1447,36,41,6156,6156,1194,87,,385,1812928,21774,,,1784417,,177,139175,136476,1375,0,,,,,164987,100967,,0,1952103,23149,,,,,,0,1949404,23047
8/20/20,TX,A,10793,,234,,,,5635,0,,1979,4543927,40597,,,,,,562559,562559,5303,0,26337,11309,,,712183,431960,,0,5106486,45900,335184,83528,,,,0,5106486,45900
8/20/20,UT,A+,381,,4,,2853,2853,157,21,732,62,567637,4326,,,707399,292,,47982,47982,461,0,,788,,737,53057,39364,,0,760456,6881,,3368,,2784,615210,4807,760456,6881
8/20/20,VA,A+,2427,2310,17,117,8998,8998,1266,73,,276,1313046,15050,,,,,148,109882,105289,863,0,,,,,126909,14091,1418335,15864,1418335,15864,,,,,,0,,0
8/20/20,VI,C,10,10,1,,,,,0,,,12673,156,,,,,,869,,41,0,,,,,,623,,0,13542,197,,,,,,0,13563,203
8/20/20,VT,B,58,58,0,,,,10,0,,,112882,1638,,,,,,1536,1536,4,0,,,,,,1356,,0,152759,2615,,,,,114418,1642,152759,2615
8/20/20,WA,B,1822,1822,13,,6388,6388,498,30,,,1285895,12382,,,,,44,71105,70699,624,0,,,,,,,1356868,12825,1356868,12825,,,,,,0,,0
8/20/20,WI,A+,1074,1067,7,7,5469,5469,367,39,978,120,1093294,9131,,,,,,72903,68233,769,0,,,,,,59076,1571354,20737,1571354,20737,,,,,1161527,9871,,0
8/20/20,WV,C,166,165,0,1,,,140,0,,52,368731,7808,,,,,18,8982,8806,181,0,,,,,,7010,,0,377713,7989,15352,,,,,0,377537,7991
8/20/20,WY,B,34,,0,,202,202,18,5,,,60706,1042,,,106883,,,3468,2940,38,0,,,,,3198,2832,,0,110081,1276,,,,,63646,1073,110081,1276
8/19/20,AK,A,29,29,0,,214,214,56,6,,,306397,767,,,305582,,6,4452,,73,0,,,,,4950,1501,,0,310849,840,,,,,,0,310849,840
8/19/20,AL,B,1944,1876,8,68,13080,13080,1198,122,1336,,773868,15970,,,,731,,111478,106784,1117,0,,,,,,41523,,0,880652,16939,,,,,880652,16939,,0
8/19/20,AR,A,631,,12,,3743,3743,499,48,,,587064,7489,,,587064,483,114,54216,54216,729,0,,1085,,,,47666,,0,641280,8628,,7090,,,,0,641280,8628
8/19/20,AS,C,0,,0,,,,,0,,,1514,0,,,,,,0,0,0,0,,,,,,,,0,1514,0,,,,,,0,1514,0
8/19/20,AZ,A+,4634,4378,105,256,21020,21020,1160,142,,414,915682,6605,,,,,250,195557,194042,637,0,,,,,,28233,,0,1596418,17636,254062,,,,1109724,7231,1596418,17636
8/19/20,CA,B,11523,,181,,,,6479,0,,1761,9501852,85480,,,,,,638831,638831,6164,0,,,,,,,,0,10140683,91644,,,,,,0,10140683,91644
8/19/20,CO,A,1900,1556,1,344,6784,6784,238,3,,,594857,4657,140525,,,,,53901,50313,270,0,10406,,,,,5759,895207,7348,895207,7348,150931,,,,645170,4920,,0
8/19/20,CT,B,4457,3572,1,885,11015,11015,49,0,,,951106,9630,,,,,,51314,49289,59,0,,,,,,8809,,0,1002420,9689,,,,,,0,1000395,9683
8/19/20,DC,A+,600,,1,,,,84,0,,30,238305,2152,,,,,14,13354,,29,0,,,,,,10596,251659,2181,251659,2181,,,,,160545,602,,0
8/19/20,DE,A+,595,526,2,69,,,32,0,,7,198226,974,,,,,,16643,15639,50,0,,,,,19858,8780,306918,2936,306918,2936,,,,,214869,1024,,0
8/19/20,FL,A,10067,,174,,35620,35620,5298,508,,,3722192,23084,381574,375046,5027142,,,577891,572079,4080,0,27323,,26788,,746905,,5696967,57826,5696967,57826,408950,,401862,,4294217,27352,5805672,48598
8/19/20,GA,A,4849,,55,,22664,22664,2573,235,4143,,1831715,13073,,,,,,243982,243982,2305,0,18600,,,,221593,,,0,2075697,15378,259422,,,,,0,2075697,15378
8/19/20,GU,A,5,,0,,,,14,0,,4,29151,502,,,,,,599,591,22,0,2,,,,,363,,0,29750,524,155,,,,,0,29740,524
8/19/20,HI,C,42,,2,,303,303,205,15,,39,160504,1520,,,,,22,5609,,394,0,,,,,5341,1977,207990,2719,207990,2719,,,,,166113,1914,216120,6591
8/19/20,IA,A+,1006,,17,,,,299,0,,90,509034,4887,,42108,,,33,53288,53288,337,0,,,2942,,,41837,,0,562322,5224,,,45090,,571408,6269,,0
8/19/20,ID,A,282,255,9,27,1170,1170,167,41,328,37,200797,1870,,,,,,28326,26431,384,0,,,,,,11397,,0,227228,2210,,,,,227228,2210,,0
8/19/20,IL,A,8017,7806,24,211,,,1519,0,,334,3277682,48004,,,,,144,213221,211889,2295,0,,,,,,,,0,3490903,50299,,,,,,0,3489571,50299
8/19/20,IN,A+,3180,2968,15,212,10090,10090,842,53,2059,249,851697,4930,,,,,88,82336,,489,0,,,,,88272,62483,,0,1318432,27130,,,,,934033,5419,1318432,27130
8/19/20,KS,A+,411,,6,,2090,2090,300,56,567,88,323950,4855,,,,202,26,35890,,723,0,,,,,,1472,,0,359840,5578,,,,,359840,5578,,0
8/19/20,KY,B,842,836,12,6,4301,4301,640,49,1332,155,689894,3293,,,,,,40926,37848,627,0,,,,,,9331,,0,727742,3837,45847,11549,,,,0,727742,3837
8/19/20,LA,A,4609,4468,55,141,,,1160,0,,,1565071,14205,,,,,175,139903,139903,778,0,,,,,,118120,,0,1704974,14983,,,,,,0,1704974,14983
8/19/20,MA,A+,8876,8645,37,231,12213,12213,365,21,,66,1372225,19246,,,,,27,124415,115048,827,0,,,,,151869,102205,,0,1974918,28401,,,106540,72330,1487273,19508,1974918,28401
8/19/20,MD,A,3661,3522,11,139,13744,13744,475,46,,107,1074119,8049,,103726,,,,101649,101649,414,0,,,9431,,119743,6030,,0,1675530,13829,,,113157,,1175768,8463,1675530,13829
8/19/20,ME,A+,127,126,0,1,403,403,9,2,,2,213008,2895,8813,,211267,,1,4234,3799,21,0,459,,,,5311,3662,,0,217242,2916,9285,,,,,0,216807,2913
8/19/20,MI,A+,6618,6349,10,269,,,653,0,,169,2291097,31975,,,2291097,,82,104091,94278,688,0,,,,,132907,67778,,0,2395188,32663,240643,,,,,0,2424004,32955
8/19/20,MN,A,1784,1738,17,46,5988,5988,321,56,1727,152,954308,17063,,,,,,66618,66618,557,0,,,,,,60242,1308264,34867,1308264,34867,,,,,1020926,17620,,0
8/19/20,MO,A,1414,,12,,,,875,0,,,804120,6056,,62737,1075226,,114,70675,70675,1258,0,,,2576,,81200,,,0,1158444,7807,,,65313,,874795,7314,1158444,7807
8/19/20,MP,D,2,2,0,,4,4,,0,,,12866,0,,,,,,54,54,0,0,,,,,,29,,0,12920,0,,,,,12920,0,16453,0
8/19/20,MS,A+,2163,2077,35,86,5063,5063,1073,38,,286,452177,0,,,,,160,74555,72418,1348,0,95,,,,,56577,,0,526732,1348,18516,,,,,0,522738,0
8/19/20,MT,C,84,,0,,348,348,102,9,,,200577,911,,,,,,5956,5956,110,0,,,,,,4357,,0,206533,1021,,,,,,0,206533,1021
8/19/20,NC,A+,2431,2431,35,,,,1001,0,,306,1830162,25821,,,,,,147932,147932,1153,0,,,,,,127749,,0,1978094,26974,,,,,,0,1978094,26974
8/19/20,ND,C,134,,2,,478,478,49,9,136,15,173558,1412,7805,,,,,8953,8953,188,0,300,,,,,7629,394303,4685,394303,4685,8105,,,,180380,1549,406774,4865
8/19/20,NE,A,368,,6,,1835,1835,160,-48,,,297553,2629,,,387702,,,30825,30825,262,0,,,,,37738,22798,,0,426389,4159,,,,,328673,2891,426389,4159
8/19/20,NH,B,427,,3,,712,712,12,0,220,,180973,1083,,,,,,7036,7036,19,0,,,,,,6347,,0,287074,2317,29398,,28837,,188009,1102,287074,2317
8/19/20,NJ,A+,15878,14097,11,1781,22311,22311,471,52,,92,2369285,24638,,,,,32,188427,188427,329,0,,,,,,33451,,0,2557712,24967,,,,,,0,2557712,24967
8/19/20,NM,B,729,,6,,3002,3002,94,4,,,664746,5272,,,,,,23749,23749,170,0,,,,,,10976,,0,688495,5442,,,,,,0,688495,5442
8/19/20,NV,A+,1134,,32,,,,867,0,,262,493498,2209,,,,,160,63028,63028,389,0,,,,,,,767996,9745,767996,9745,,,,,556436,2528,769298,6584
8/19/20,NY,A,25270,,6,,89995,89995,548,0,,131,6845201,79794,,,,,60,427202,427202,631,0,,,,,,74328,7272403,80425,7272403,80425,,,,,,0,,0
8/19/20,OH,A+,3907,3627,36,280,12529,12529,894,93,2827,296,1777589,18514,,,,,164,110881,104999,958,0,,,,,,90436,,0,1888470,19472,,,,,,0,1882588,19408
8/19/20,OK,A+,699,,17,,4192,4192,566,77,,250,732817,7143,,,732817,,,49923,49923,597,0,2649,,,,57679,42047,,0,782740,7740,65475,,,,,0,791944,7726
8/19/20,OR,A+,408,,11,,1958,1958,203,29,,51,477286,4624,,,721317,,16,23870,22629,194,0,,,,,42637,4468,,0,763954,8767,,,,,499915,4801,763954,8767
8/19/20,PA,A+,7523,,24,,,,548,0,,,1368318,14331,,,,,94,126149,122605,570,0,,,,,,99657,,0,1494467,14901,,,,,1490923,14886,,0
8/19/20,PR,B,356,225,10,131,,,361,0,,58,305972,0,,,303412,,39,12452,12452,81,0,15482,,,,7002,,,0,318424,81,,,,,,0,310546,0
8/19/20,RI,A+,1027,,3,,2419,2419,82,14,,8,237519,22048,,,410389,,5,20795,20795,103,0,,,,,29738,2013,440127,3936,440127,3936,,,,,258314,22151,,0
8/19/20,SC,A+,2360,2248,17,112,7146,7146,1168,0,,293,775717,4908,56762,,740152,,164,108411,107274,739,0,4795,,,,142839,45205,,0,884128,5647,61557,,,,,0,882991,5608
8/19/20,SD,A,155,,1,,935,935,55,8,,,120481,911,,,,,,10566,,123,0,,,,,,9189,,0,131047,1034,,,,,131047,1034,168080,1776
8/19/20,TN,A+,1452,1412,26,40,6069,6069,1230,88,,375,1791154,32560,,,1763069,,171,137800,135203,2022,0,,,,,163288,99085,,0,1928954,34582,,,,,,0,1926357,34482
8/19/20,TX,A,10559,,309,,,,5974,0,,2107,4503330,40269,,,,,,557256,557256,7024,0,25995,11208,,,707914,424685,,0,5060586,47293,333355,81646,,,,0,5060586,47293
8/19/20,UT,A+,377,,8,,2832,2832,158,28,727,63,563311,4284,,,701034,289,,47521,47521,364,0,,774,,723,52541,38883,,0,753575,6595,,3158,,2614,610403,4657,753575,6595
8/19/20,VA,A+,2410,2293,14,117,8925,8925,1243,76,,280,1297996,15973,,,,,145,109019,104475,737,0,,,,,125862,13989,1402471,16639,1402471,16639,,,,,,0,,0
8/19/20,VI,C,9,9,0,,,,,0,,,12517,649,,,,,,828,,32,0,,,,,,584,,0,13345,681,,,,,,0,13360,664
8/19/20,VT,B,58,58,0,,,,12,0,,,111244,777,,,,,,1532,1532,2,0,,,,,,1354,,0,150144,1298,,,,,112776,779,150144,1298
8/19/20,WA,B,1809,1809,24,,6358,6358,481,62,,,1273513,14264,,,,,43,70481,70088,670,0,,,,,,,1344043,14827,1344043,14827,,,,,,0,,0
8/19/20,WI,A+,1067,1060,8,7,5430,5430,388,50,975,121,1084163,8766,,,,,,72134,67493,710,0,,,,,,58244,1550617,16846,1550617,16846,,,,,1151656,9429,,0
8/19/20,WV,C,166,165,2,1,,,133,0,,46,360923,3929,,,,,22,8801,8623,70,0,,,,,,6909,,0,369724,3999,15246,,,,,0,369546,3995
8/19/20,WY,B,34,,0,,197,197,12,4,,,59664,586,,,105633,,,3430,2909,67,0,,,,,3172,2786,,0,108805,1408,,,,,62573,645,108805,1408
8/18/20,AK,A,29,29,1,,208,208,47,2,,,305630,4295,,,304767,,7,4379,,66,0,,,,,4925,1468,,0,310009,4361,,,,,,0,310009,4361
8/18/20,AL,B,1936,1867,11,69,12958,12958,1280,0,1329,,757898,13979,,,,729,,110361,105815,1357,0,,,,,,41523,,0,863713,15199,,,,,863713,15199,,0
8/18/20,AR,A,619,,16,,3695,3695,492,74,,,579575,10190,,,579575,478,122,53487,53487,410,0,,1085,,,,46970,,0,632652,10602,,7090,,,,0,632652,10602
8/18/20,AS,C,0,,0,,,,,0,,,1514,0,,,,,,0,0,0,0,,,,,,,,0,1514,0,,,,,,0,1514,0
8/18/20,AZ,A+,4529,4273,23,256,20878,20878,1167,122,,427,909077,4694,,,,,260,194920,193416,915,0,,,,,,28027,,0,1578782,17732,253264,,,,1102493,5596,1578782,17732
8/18/20,CA,B,11342,,100,,,,6360,0,,1801,9416372,110623,,,,,,632667,632667,4636,0,,,,,,,,0,10049039,115259,,,,,,0,10049039,115259
8/18/20,CO,A,1899,1555,3,344,6781,6781,262,42,,,590200,3920,140148,,,,,53631,50050,261,0,10372,,,,,5729,887859,6607,887859,6607,150520,,,,640250,4169,,0
8/18/20,CT,B,4456,3571,0,885,11015,11015,47,0,,,941476,10775,,,,,,51255,49236,-12,0,,,,,,8809,,0,992731,10763,,,,,,0,990712,10760
8/18/20,DC,A+,599,,2,,,,79,0,,27,236153,3771,,,,,14,13325,,52,0,,,,,,10595,249478,3823,249478,3823,,,,,159943,1624,,0
8/18/20,DE,A+,593,524,0,69,,,32,0,,7,197252,1150,,,,,,16593,15589,57,0,,,,,19772,8749,303982,3260,303982,3260,,,,,213845,1207,,0
8/18/20,FL,B,9893,,219,,35112,35112,5484,505,,,3699108,22326,381574,375046,4984524,,,573811,568161,3787,0,27323,,26788,,741276,,5639141,48228,5639141,48228,408950,,401862,,4266865,26095,5757074,43671
8/18/20,GA,A,4794,,67,,22429,22429,2596,296,4117,,1818642,30086,,,,,,241677,241677,2816,0,18507,,,,219987,,,0,2060319,30617,258672,,,,,0,2060319,30617
8/18/20,GU,A,5,,0,,,,14,0,,4,28649,434,,,,,,577,569,19,0,2,,,,,353,,0,29226,453,155,,,,,0,29216,453
8/18/20,HI,C,40,,0,,288,288,175,5,,35,158984,2078,,,,,25,5215,,173,0,,,,,5193,1868,205271,3246,205271,3246,,,,,164199,2251,209529,2992
8/18/20,IA,A+,989,,8,,,,287,0,,86,504147,2885,,41721,,,35,52951,52951,229,0,,,2928,,,41565,,0,557098,3114,,,44689,,565139,3377,,0
8/18/20,ID,A,273,245,4,28,1129,1129,167,19,316,37,198927,2100,,,,,,27942,26091,282,0,,,,,,11093,,0,225018,2350,,,,,225018,2350,,0
8/18/20,IL,A,7993,7782,26,211,,,1510,0,,335,3229678,32435,,,,,128,210926,209594,1740,0,,,,,,,,0,3440604,34175,,,,,,0,3439272,34175
8/18/20,IN,A+,3165,2954,30,211,10037,10037,849,64,2052,251,846767,13140,,,,,94,81847,,841,0,,,,,87119,61518,,0,1291302,26269,,,,,928614,13981,1291302,26269
8/18/20,KS,A+,405,,0,,2034,2034,229,0,560,62,319095,0,,,,200,24,35167,,0,0,,,,,,1409,,0,354262,0,,,,,354262,0,,0
8/18/20,KY,B,830,825,12,5,4252,4252,622,37,1320,147,686601,9476,,,,,,40299,37304,608,0,,,,,,9233,,0,723905,9956,45757,720,,,,0,723905,9956
8/18/20,LA,A,4554,4431,28,123,,,1204,0,,,1550866,15062,,,,,187,139125,139125,640,0,,,,,,103512,,0,1689991,15702,,,,,,0,1689991,15702
8/18/20,MA,A+,8839,8617,6,222,12192,12192,374,14,,66,1352979,11478,,,,,23,123588,114786,175,0,,,,,151543,100486,,0,1946517,16626,,,105874,70597,1467765,11653,1946517,16626
8/18/20,MD,A,3650,3511,9,139,13698,13698,453,40,,102,1066070,9173,,100282,,,,101235,101235,520,0,,,9051,,119238,6008,,0,1661701,16059,,,109333,,1167305,9693,1661701,16059
8/18/20,ME,A+,127,126,0,1,401,401,10,2,,5,210113,1756,8799,,208383,,1,4213,3781,16,0,456,,,,5283,3649,,0,214326,1772,9268,,,,,0,213894,1770
8/18/20,MI,A+,6608,6340,16,268,,,653,0,,169,2259122,21664,,,2259122,,89,103403,93662,654,0,,,,,131927,67778,,0,2362525,22318,239798,,,,,0,2391049,22267
8/18/20,MN,A,1767,1721,9,46,5932,5932,304,46,1722,154,937245,2938,,,,,,66061,66061,345,0,,,,,,59568,1273397,6836,1273397,6836,,,,,1003306,3283,,0
8/18/20,MO,A,1402,,6,,,,891,0,,,798064,8070,,62504,1068096,,116,69417,69417,794,0,,,2564,,80526,,,0,1150637,11747,,,65068,,867481,8864,1150637,11747
8/18/20,MP,D,2,,0,,4,4,,0,,,12866,-1,,,,,,54,54,1,0,,,,,,29,,0,12920,0,,,,,12920,0,16453,0
8/18/20,MS,A+,2128,2046,33,82,5025,5025,1090,36,,284,452177,0,,,,,163,73207,71254,795,0,95,,,,,56577,,0,525384,795,18516,,,,,0,522738,0
8/18/20,MT,C,84,,2,,339,339,97,9,,,199666,733,,,,,,5846,5846,54,0,,,,,,4206,,0,205512,787,,,,,,0,205512,787
8/18/20,NC,A+,2396,2396,48,,,,1026,0,,313,1804341,14385,,,,,,146779,146779,1263,0,,,,,,127749,,0,1951120,15648,,,,,,0,1951120,15648
8/18/20,ND,C,132,,2,,469,469,47,8,,,172146,374,7767,,,,,8765,8765,133,0,298,,,,,7485,389618,1784,389618,1784,8065,,,,178831,818,401909,1874
8/18/20,NE,A,362,,1,,1883,1883,158,0,,,294924,2305,,,383848,,,30563,30563,191,0,,,,,37435,22647,,0,422230,2184,,,,,325782,2495,422230,2184
8/18/20,NH,B,424,,1,,712,712,12,3,220,,179890,923,,,,,,7017,7017,13,0,,,,,,6333,,0,284757,1624,29339,,28782,,186907,936,284757,1624
8/18/20,NJ,A+,15867,14086,10,1781,22259,22259,468,41,,106,2344647,21344,,,,,41,188098,188098,331,0,,,,,,33403,,0,2532745,21675,,,,,,0,2532745,21675
8/18/20,NM,B,723,,5,,2998,2998,111,14,,,659474,5824,,,,,,23579,23579,79,0,,,,,,10802,,0,683053,5903,,,,,,0,683053,5903
8/18/20,NV,A+,1102,,25,,,,903,0,,267,491289,1833,,,,,165,62639,62639,672,0,,,,,,,758251,8280,758251,8280,,,,,553908,2138,762714,3602
8/18/20,NY,A,25264,,8,,89995,89995,537,0,,126,6765407,66236,,,,,60,426571,426571,655,0,,,,,,74258,7191978,66891,7191978,66891,,,,,,0,,0
8/18/20,OH,A+,3871,3592,39,279,12436,12436,934,117,2805,314,1759075,19121,,,,,172,109923,104105,861,0,,,,,,89068,,0,1868998,19982,,,,,,0,1863180,19906
8/18/20,OK,A+,682,,17,,4115,4115,568,94,,240,725674,19055,,,725674,,,49326,49326,615,0,2649,,,,57102,41370,,0,775000,19670,65475,,,,,0,784218,21319
8/18/20,OR,A+,397,,9,,1929,1929,214,16,,54,472662,4896,,,712957,,20,23676,22452,225,0,,,,,42230,4468,,0,755187,8247,,,,,495114,5114,755187,8247
8/18/20,PA,A+,7499,,31,,,,548,0,,,1353987,11512,,,,,94,125579,122050,735,0,,,,,,99207,,0,1479566,12247,,,,,1476037,12208,,0
8/18/20,PR,B,346,216,11,130,,,392,0,,62,305972,0,,,303412,,45,12371,12371,648,0,15342,,,,7002,,,0,318343,648,,,,,,0,310546,0
8/18/20,RI,A+,1024,,1,,2405,2405,78,25,,8,215471,2221,,,406669,,4,20692,20692,120,0,,,,,29522,2004,436191,5186,436191,5186,,,,,236163,2341,,0
8/18/20,SC,A+,2343,2230,55,113,7146,7146,1116,294,,294,770809,4215,56573,,735556,,173,107672,106574,719,0,4738,,,,141827,45205,,0,878481,4934,61311,,,,,0,877383,4884
8/18/20,SD,A,154,,1,,927,927,68,6,,,119570,637,,,,,,10443,,83,0,,,,,,9126,,0,130013,720,,,,,130013,720,166304,1239
8/18/20,TN,A+,1426,1386,39,40,5981,5981,1231,100,,384,1758594,22230,,,1731083,,183,135778,133281,1034,0,,,,,160792,96896,,0,1894372,23264,,,,,,0,1891875,23114
8/18/20,TX,A,10250,,216,,,,6210,0,,2179,4463061,42132,,,,,,550232,550232,7282,0,24732,11113,,,703631,415903,,0,5013293,49414,326216,79761,,,,0,5013293,49414
8/18/20,UT,A+,369,,5,,2804,2804,183,22,718,61,559027,3718,,,694836,288,,47157,47157,263,0,,765,,714,52144,38555,,0,746980,5507,,3000,,2491,605746,4037,746980,5507
8/18/20,VA,A+,2396,2278,11,118,8849,8849,1253,82,,300,1282023,16002,,,,,163,108282,103809,861,0,,,,,125049,13910,1385832,16795,1385832,16795,,,,,,0,,0
8/18/20,VI,C,9,9,0,,,,,0,,,11868,210,,,,,,796,,36,0,,,,,,533,,0,12664,246,,,,,,0,12696,267
8/18/20,VT,B,58,58,0,,,,17,0,,,110467,755,,,,,,1530,1530,3,0,,,,,,1347,,0,148846,1186,,,,,111997,758,148846,1186
8/18/20,WA,B,1785,1785,4,,6296,6296,475,41,,,1259249,14503,,,,,39,69811,69429,164,0,,,,,,,1329216,15101,1329216,15101,,,,,,0,,0
8/18/20,WI,A+,1059,1052,13,7,5380,5380,380,53,964,109,1075397,9357,,,,,,71424,66830,709,0,,,,,,57382,1533771,9880,1533771,9880,,,,,1142227,9991,,0
8/18/20,WV,B,164,163,4,1,,,132,0,,50,356994,4787,,,,,21,8731,8557,99,0,,,,,,6737,,0,365725,4886,15215,,,,,0,365551,4882
8/18/20,WY,B,34,,1,,193,193,12,-2,,,59078,1511,,,104256,,,3363,2850,32,0,,,,,3141,2759,,0,107397,1578,,,,,61928,1532,107397,1578
8/17/20,AK,A,28,28,0,,206,206,33,3,,,301335,4083,,,300493,,4,4313,,50,0,,,,,4838,1432,,0,305648,4133,,,,,,0,305648,4133
8/17/20,AL,B,1925,1855,27,70,12958,12958,1301,351,1319,,743919,5928,,,,720,,109004,104595,571,0,,,,,,41523,,0,848514,6444,,,,,848514,6444,,0
8/17/20,AR,A,603,,4,,3621,3621,486,51,,,569385,0,,,569385,472,120,53077,53077,412,0,,1085,,,,46133,,0,622050,0,,7090,,,,0,622050,0
8/17/20,AS,C,0,,0,,,,,0,,,1514,0,,,,,,0,0,0,0,,,,,,,,0,1514,0,,,,,,0,1514,0
8/17/20,AZ,A+,4506,4252,0,254,20756,20756,1182,1,,430,904383,5946,,,,,266,194005,192514,468,0,,,,,,27800,,0,1561050,7165,252860,,,,1096897,6398,1561050,7165
8/17/20,CA,B,11242,,18,,,,6332,0,,1811,9305749,129176,,,,,,628031,628031,6469,0,,,,,,,,0,9933780,135645,,,,,,0,9933780,135645
8/17/20,CO,A,1896,1552,0,344,6739,6739,245,4,,,586280,4883,139731,,,,,53370,49801,194,0,10349,,,,,5712,881252,8201,881252,8201,150080,,,,636081,5073,,0
8/17/20,CT,B,4456,3572,3,884,11015,11015,42,0,,,930701,43908,,,,,,51267,49251,370,0,,,,,,8809,,0,981968,44278,,,,,,0,979952,44272
8/17/20,DC,A+,597,,0,,,,82,0,,30,232382,2750,,,,,15,13273,,53,0,,,,,,10521,245655,2803,245655,2803,,,,,158319,1727,,0
8/17/20,DE,A+,593,524,0,69,,,29,0,,7,196102,2168,,,,,,16536,15532,85,0,,,,,19701,8713,300722,2769,300722,2769,,,,,212638,2253,,0
8/17/20,FL,B,9674,,87,,34607,34607,5631,266,,,3676782,17570,381574,375046,4946578,,,570024,564528,2649,0,27323,,26788,,735900,,5590913,32572,5590913,32572,408950,,401862,,4240770,20238,5713403,33497
8/17/20,GA,A,4727,,25,,22133,22133,2626,46,4061,,1788556,20313,,,,,,238861,238861,1831,0,18393,,,,217481,,,0,2029702,24429,257747,,,,,0,2029702,24429
8/17/20,GU,A,5,,0,,,,13,0,,4,28215,958,,,,,,558,550,42,0,2,,,,,352,,0,28773,1000,155,,,,,0,28763,1677
8/17/20,HI,C,40,,0,,283,283,143,4,,35,156906,2432,,,,,25,5042,,217,0,,,,,5017,1841,202025,3840,202025,3840,,,,,161948,2649,206537,3784
8/17/20,IA,A+,981,,6,,,,283,0,,85,501262,2497,,41418,,,33,52722,52722,294,0,,,2919,,,40788,,0,553984,2791,,,44376,,561762,2809,,0
8/17/20,ID,A,269,241,0,28,1110,1110,206,7,313,38,196827,1082,,,,,,27660,25841,183,0,,,,,,10883,,0,222668,1262,,,,,222668,1262,,0
8/17/20,IL,A,7967,7756,12,211,,,1544,0,,340,3197243,36473,,,,,126,209186,207854,1773,0,,,,,,,,0,3406429,38246,,,,,,0,3405097,38246
8/17/20,IN,A+,3135,2926,2,209,9973,9973,900,38,2033,262,833627,7191,,,,,95,81006,,591,0,,,,,85778,60677,,0,1265033,7721,,,,,914633,7782,1265033,7721
8/17/20,KS,A+,405,,3,,2034,2034,229,14,560,62,319095,9937,,,,200,24,35167,,1282,0,,,,,,1409,,0,354262,11219,,,,,354262,11219,,0
8/17/20,KY,B,818,813,5,5,4215,4215,563,22,1310,136,677125,4079,,,,,,39691,36824,376,0,,,,,,9158,,0,713949,4786,45353,720,,,,0,713949,4786
8/17/20,LA,A,4526,4403,19,123,,,1226,0,,,1535804,15635,,,,,184,138485,138485,567,0,,,,,,103512,,0,1674289,16202,,,,,,0,1674289,16202
8/17/20,MA,A+,8833,8611,4,222,12178,12178,367,5,,59,1341501,14733,,,,,22,123413,114611,213,0,,,,,151327,100486,,0,1929891,21416,,,105540,69018,1456112,14946,1929891,21416
8/17/20,MD,A,3641,3504,2,137,13658,13658,435,44,,106,1056897,14699,,100282,,,,100715,100715,503,0,,,9051,,118601,6008,,0,1645642,34401,,,109333,,1157612,15202,1645642,34401
8/17/20,ME,A+,127,126,0,1,399,399,10,-1,,3,208357,2302,8791,,206635,,1,4197,3767,29,0,456,,,,5261,3638,,0,212554,2331,9260,,,,,0,212124,2322
8/17/20,MI,A+,6592,6325,0,267,,,653,0,,169,2237458,18667,,,2237458,,89,102749,93185,490,0,,,,,131324,67778,,0,2340207,19157,238946,,,,,0,2368782,19351
8/17/20,MN,A,1758,1712,6,46,5886,5886,286,35,1716,155,934307,5405,,,,,,65716,65716,564,0,,,,,,58859,1266561,12353,1266561,12353,,,,,1000023,5969,,0
8/17/20,MO,A,1396,,29,,,,853,0,,,789994,11851,,62419,1057293,,119,68623,68623,1148,0,,,2549,,79618,,,0,1138890,19763,,,64968,,858617,12999,1138890,19763
8/17/20,MP,D,2,,0,,4,4,,0,,,12867,615,,,,,,53,53,3,0,,,,,,29,,0,12920,618,,,,,12920,619,16453,2034
8/17/20,MS,A+,2095,2015,11,80,4989,4989,1081,73,,289,452177,4167,,,,,168,72412,70561,276,0,95,,,,,56577,,0,524589,4443,18516,,,,,0,522738,4681
8/17/20,MT,C,82,,0,,330,330,94,4,,,198933,2759,,,,,,5792,5792,42,0,,,,,,4162,,0,204725,2801,,,,,,0,204725,2801
8/17/20,NC,A+,2348,2348,1,,,,980,0,,290,1789956,10262,,,,,,145516,145516,564,0,,,,,,127749,,0,1935472,10826,,,,,,0,1935472,10826
8/17/20,ND,C,130,,1,,461,461,55,2,,,171772,559,7734,,,,,8632,8632,59,0,293,,,,,7343,387834,2603,387834,2603,8027,,,,178013,787,400035,2700
8/17/20,NE,A,361,,0,,1883,1883,146,0,,,292619,1984,,,381854,,,30372,30372,131,0,,,,,37249,22483,,0,420046,4436,,,,,323287,2115,420046,4436
8/17/20,NH,B,423,,0,,709,709,15,1,218,,178967,1026,,,,,,7004,7004,16,0,,,,,,6302,,0,283133,2123,29241,,28699,,185971,1042,283133,2123
8/17/20,NJ,A+,15857,14077,4,1780,22218,22218,472,12,,91,2323303,20572,,,,,38,187767,187767,312,0,,,,,,33381,,0,2511070,20884,,,,,,0,2511070,20884
8/17/20,NM,B,718,,4,,2984,2984,119,19,,,653650,6485,,,,,,23500,23500,92,0,,,,,,10602,,0,677150,6577,,,,,,0,677150,6577
8/17/20,NV,A+,1077,,5,,,,869,0,,256,489456,3298,,,,,150,61967,61967,662,0,,,,,,,749971,2593,749971,2593,,,,,551770,4024,759112,7047
8/17/20,NY,A,25256,,6,,89995,89995,534,0,,133,6699171,56483,,,,,64,425916,425916,408,0,,,,,,74207,7125087,56891,7125087,56891,,,,,,0,,0
8/17/20,OH,A+,3832,3554,6,278,12319,12319,933,83,2786,316,1739954,18596,,,,,175,109062,103320,775,0,,,,,,87764,,0,1849016,19371,,,,,,0,1843274,19339
8/17/20,OK,A+,665,,4,,4021,4021,506,8,,236,706619,0,,,706619,,,48711,48711,369,0,2649,,,,54870,40531,,0,755330,369,65475,,,,,0,762899,0
8/17/20,OR,A+,388,,0,,1913,1913,206,50,,47,467766,2231,,,705105,,19,23451,22234,189,0,,,,,41835,4419,,0,746940,3680,,,,,490000,18065,746940,3680
8/17/20,PA,A+,7468,,0,,,,560,0,,,1342475,10072,,,,,95,124844,121354,384,0,,,,,,98626,,0,1467319,10456,,,,,1463829,10440,,0
8/17/20,PR,B,335,206,0,129,,,400,0,,55,305972,0,,,303412,,44,11723,11723,472,0,15037,,,,7002,,,0,317695,472,,,,,,0,310546,0
8/17/20,RI,A+,1023,,1,,2380,2380,80,0,,11,213250,686,,,401688,,3,20572,20572,58,0,,,,,29317,1982,431005,2028,431005,2028,,,,,233822,744,,0
8/17/20,SC,A+,2288,2185,19,103,6852,6852,1101,0,,282,766594,5490,56505,,731687,,175,106953,105905,456,0,4722,,,,140812,42730,,0,873547,5946,61227,,,,,0,872499,5929
8/17/20,SD,A,153,,0,,921,921,60,5,,,118933,433,,,,,,10360,,86,0,,,,,,9013,,0,129293,519,,,,,129293,519,165065,962
8/17/20,TN,A+,1387,1345,21,42,5881,5881,1139,34,,374,1736364,12732,,,1709179,,173,134744,132397,1036,0,,,,,159582,94812,,0,1871108,13768,,,,,,0,1868761,13746
8/17/20,TX,A,10034,,51,,,,6200,0,,2240,4420929,8414,,,,,,542950,542950,7908,0,23797,10973,,,698502,405817,,0,4963879,16322,322433,77664,,,,0,4963879,16322
8/17/20,UT,A+,364,,1,,2782,2782,156,11,708,64,555309,3104,,,689685,286,,46894,46894,242,0,,747,,696,51788,38132,,0,741473,4892,,2777,,2300,601709,3380,741473,4892
8/17/20,VA,A+,2385,2268,4,117,8767,8767,1173,30,,281,1266021,18860,,,,,158,107421,103016,734,0,,,,,124287,13827,1369037,19577,1369037,19577,,,,,,0,,0
8/17/20,VI,C,9,9,0,,,,,0,,,11658,228,,,,,,760,,19,0,,,,,,525,,0,12418,247,,,,,,0,12429,240
8/17/20,VT,B,58,58,0,,,,18,0,,,109712,1886,,,,,,1527,1527,12,0,,,,,,1343,,0,147660,2953,,,,,111239,1898,147660,2953
8/17/20,WA,B,1781,1781,15,,6255,6255,487,25,,,1244746,15547,,,,,43,69647,69266,359,0,,,,,,,1314115,16187,1314115,16187,,,,,,0,,0
8/17/20,WI,A+,1046,1039,0,7,5327,5327,365,23,961,124,1066040,5507,,,,,,70715,66196,469,0,,,,,,56602,1523891,10852,1523891,10852,,,,,1132236,5962,,0
8/17/20,WV,B,160,159,0,1,,,134,0,,50,352207,5432,,,,,19,8632,8462,68,0,,,,,,6531,,0,360839,5500,15208,,,,,0,360669,5501
8/17/20,WY,B,33,,3,,195,195,13,4,,,57567,758,,,102723,,,3331,2829,45,0,,,,,3096,2699,,0,105819,2227,,,,,60396,893,105819,2227
8/16/20,AK,A,28,28,0,,203,203,42,6,,,297252,4737,,,296426,,3,4263,,101,0,,,,,4777,1418,,0,301515,4838,,,,,,0,301515,4838
8/16/20,AL,B,1898,1830,2,68,12607,12607,1289,0,1316,,737991,8554,,,,720,,108433,104079,853,0,,,,,,41523,,0,842070,9276,,,,,842070,9276,,0
8/16/20,AR,A,599,,-1,,3570,3570,478,8,,,569385,33117,,,569385,460,120,52665,52655,673,0,,1085,,,,45572,,0,622050,33390,,7090,,,,0,622050,33390
8/16/20,AS,C,0,,0,,,,,0,,,1514,0,,,,,,0,0,0,0,,,,,,,,0,1514,0,,,,,,0,1514,0
8/16/20,AZ,A+,4506,4252,14,254,20755,20755,1208,-40,,417,898437,13900,,,,,267,193537,192062,883,0,,,,,,27582,,0,1553885,9554,251782,,,,1090499,14751,1553885,9554
8/16/20,CA,B,11224,,77,,,,6309,0,,1820,9176573,109151,,,,,,621562,621562,7873,0,,,,,,,,0,9798135,117024,,,,,,0,9798135,117024
8/16/20,CO,A,1896,1552,0,344,6735,6735,240,8,,,581397,7930,139267,,,,,53176,49611,338,0,10304,,,,,5695,873051,13317,873051,13317,149571,,,,631008,8263,,0
8/16/20,CT,B,4453,3569,0,884,11015,11015,56,0,,,886793,0,,,,,,50897,48887,0,0,,,,,,8809,,0,937690,0,,,,,,0,935680,0
8/16/20,DC,A+,597,,0,,,,79,0,,28,229632,3575,,,,,9,13220,,61,0,,,,,,10493,242852,3636,242852,3636,,,,,156592,1410,,0
8/16/20,DE,A+,593,524,0,69,,,30,0,,8,193934,1569,,,,,,16451,15448,55,0,,,,,19631,8671,297953,2952,297953,2952,,,,,210385,1624,,0
8/16/20,FL,A,9587,,107,,34341,34341,5690,267,,,3659212,26124,381574,375046,4917254,,,567375,561901,3747,0,27323,,26788,,732039,,5558341,48738,5558341,48738,408950,,401862,,4220532,29906,5679906,47702
8/16/20,GA,A,4702,,33,,22087,22087,2603,59,4050,,1768243,15345,,,,,,237030,237030,1862,0,17969,,,,215528,,,0,2005273,17207,253837,,,,,0,2005273,17207
8/16/20,GU,A,5,,0,,,,12,0,,3,27257,663,,,,,,516,508,14,0,2,,,,,345,,0,27773,677,153,,,,,0,27086,0
8/16/20,HI,C,40,,0,,279,279,143,2,,35,154474,2751,,,,,25,4825,,282,0,,,,,4806,1808,198185,4379,198185,4379,,,,,159299,3033,202753,4601
8/16/20,IA,A+,975,,2,,,,271,0,,80,498765,4484,,41355,,,34,52428,52428,635,0,,,2915,,,40525,,0,551193,5119,,,44309,,558953,5394,,0
8/16/20,ID,A,269,241,4,28,1103,1103,206,12,312,38,195745,1906,,,,,,27477,25661,304,0,,,,,,10616,,0,221406,2182,,,,,221406,2182,,0
8/16/20,IL,A,7955,7744,18,211,,,1581,0,,345,3160770,35527,,,,,116,207413,206081,1562,0,,,,,,,,0,3368183,37089,,,,,,0,3366851,37089
8/16/20,IN,A+,3133,2924,5,209,9935,9935,944,63,2035,265,826436,8497,,,,,92,80415,,739,0,,,,,85460,59801,,0,1257312,7647,,,,,906851,9236,1257312,7647
8/16/20,KS,A+,402,,0,,2020,2020,311,0,554,98,309158,0,,,,198,33,33885,,0,0,,,,,,1399,,0,343043,0,,,,,343043,0,,0
8/16/20,KY,B,813,808,3,5,4193,4193,618,0,1304,131,673046,0,,,,,,39315,36475,385,0,,,,,,9091,,0,709163,0,45157,665,,,,0,709163,0
8/16/20,LA,A,4507,4384,77,123,,,1196,0,,,1520169,19894,,,,,189,137918,137918,1181,0,,,,,,103512,,0,1658087,21075,,,,,,0,1658087,21075
8/16/20,MA,A+,8829,8607,11,222,12173,12173,372,3,,65,1326768,15164,,,,,28,123200,114398,303,0,,,,,151061,100486,,0,1908475,22176,,,105287,68697,1441166,15467,1908475,22176
8/16/20,MD,A,3639,3502,3,137,13614,13614,475,58,,115,1042198,14239,,100282,,,,100212,100212,519,0,,,9051,,117988,6004,,0,1611241,25571,,,109333,,1142410,14758,1611241,25571
8/16/20,ME,A+,127,126,0,1,400,400,9,1,,2,206055,2845,8787,,204335,,1,4168,3747,24,0,454,,,,5241,3624,,0,210223,2869,9254,,,,,0,209802,2866
8/16/20,MI,A+,6592,6324,6,268,,,713,0,,184,2218791,28794,,,2218791,,87,102259,92720,477,0,,,,,130640,67778,,0,2321050,29271,238181,,,,,0,2349431,29874
8/16/20,MN,A,1752,1706,7,46,5851,5851,290,29,1700,152,928902,8842,,,,,,65152,65152,739,0,,,,,,58196,1254208,17290,1254208,17290,,,,,994054,9581,,0
8/16/20,MO,A,1367,,21,,,,889,0,,,778143,9099,,61982,1038713,,121,67475,67475,1078,0,,,2521,,78458,,,0,1119127,12544,,,64503,,845618,10177,1119127,12544
8/16/20,MP,D,2,,0,,4,4,,0,,,12252,0,,,,,,50,50,0,0,,,,,,29,,0,12302,0,,,,,12301,0,14419,0
8/16/20,MS,A+,2084,2004,4,80,4916,4916,1126,0,,321,448010,0,,,,,176,72136,70350,381,0,95,,,,,49836,,0,520146,381,18253,,,,,0,518057,0
8/16/20,MT,C,82,,0,,326,326,90,2,,,196174,897,,,,,,5750,5750,91,0,,,,,,4145,,0,201924,988,,,,,,0,201924,988
8/16/20,NC,A+,2347,2347,4,,,,934,0,,289,1779694,19999,,,,,,144952,144952,1246,0,,,,,,116969,,0,1924646,21245,,,,,,0,1924646,21245
8/16/20,ND,C,129,,4,,459,459,54,2,,,171213,1512,7723,,,,,8573,8573,143,0,293,,,,,7249,385231,5415,385231,5415,8016,,,,177226,1623,397335,5585
8/16/20,NE,A,361,,0,,1883,1883,144,3,,,290635,2940,,,377649,,,30241,30241,253,0,,,,,37018,22251,,0,415610,4610,,,,,321172,3195,415610,4610
8/16/20,NH,B,423,,0,,708,708,13,2,218,,177941,1544,,,,,,6988,6988,8,0,,,,,,6287,,0,281010,2098,29225,,28671,,184929,1552,281010,2098
8/16/20,NJ,A+,15853,14073,2,1780,22206,22206,450,9,,83,2302731,28790,,,,,42,187455,187455,13,0,,,,,,33320,,0,2490186,28803,,,,,,0,2490186,28803
8/16/20,NM,B,714,,3,,2965,2965,109,8,,,647165,5176,,,,,,23408,23408,106,0,,,,,,10481,,0,670573,5282,,,,,,0,670573,5282
8/16/20,NV,A+,1072,,3,,,,941,0,,258,486158,3916,,,,,166,61305,61305,697,0,,,,,,,747378,4446,747378,4446,,,,,547746,9544,752065,8194
8/16/20,NY,A,25250,,6,,89995,89995,527,0,,128,6642688,77085,,,,,59,425508,425508,607,0,,,,,,74154,7068196,77692,7068196,77692,,,,,,0,,0
8/16/20,OH,A+,3826,3548,2,278,12236,12236,910,26,2771,334,1721358,26682,,,,,161,108287,102577,613,0,,,,,,86926,,0,1829645,27295,,,,,,0,1823935,27243
8/16/20,OK,A+,661,,4,,4013,4013,506,15,,236,706619,0,,,706619,,,48342,48342,544,0,2649,,,,54870,40224,,0,754961,544,65475,,,,,0,762899,0
8/16/20,OR,A+,388,,2,,1863,1863,224,0,,57,465535,3674,,,701617,,16,23262,21441,244,0,,,,,41643,4355,,0,743260,5793,,,,,471935,0,743260,5793
8/16/20,PA,A+,7468,,3,,,,559,0,,,1332403,12519,,,,,99,124460,120986,660,0,,,,,,98323,,0,1456863,13179,,,,,1453389,13159,,0
8/16/20,PR,B,335,205,6,130,,,393,0,,64,305972,0,,,303412,,48,11251,11251,182,0,14755,,,,7002,,,0,317223,182,,,,,,0,310546,0
8/16/20,RI,A+,1022,,0,,2380,2380,80,5,,11,212564,1237,,,399731,,3,20514,20514,75,0,,,,,29246,1982,428977,3662,428977,3662,,,,,233078,1312,,0
8/16/20,SC,A+,2269,2165,9,104,6852,6852,1161,0,,290,761104,6586,56305,,726369,,188,106497,105466,615,0,4700,,,,140201,42730,,0,867601,7201,61005,,,,,0,866570,7178
8/16/20,SD,A,153,,1,,916,916,66,3,,,118500,1169,,,,,,10274,,156,0,,,,,,8939,,0,128774,1325,,,,,128774,1325,164103,1788
8/16/20,TN,A+,1366,1324,21,42,5847,5847,1148,34,,328,1723632,25621,,,1696713,,158,133708,131383,1961,0,,,,,158302,92655,,0,1857340,27582,,,,,,0,1855015,27495
8/16/20,TX,A,9983,,143,,,,6267,0,,2269,4412515,15499,,,,,,535042,535042,6204,0,23192,10915,,,696878,399572,,0,4947557,21703,318940,76956,,,,0,4947557,21703
8/16/20,UT,A+,363,,0,,2771,2771,204,11,707,64,552205,3448,,,685101,287,,46652,46652,331,0,,745,,694,51480,37701,,0,736581,5469,,2741,,2269,598329,3668,736581,5469
8/16/20,VA,A+,2381,2266,0,115,8737,8737,1184,36,,283,1247161,15671,,,,,165,106687,102299,937,0,,,,,123419,13783,1349460,16522,1349460,16522,,,,,,0,,0
8/16/20,VI,C,9,9,0,,,,,0,,,11430,47,,,,,,741,,7,0,,,,,,523,,0,12171,54,,,,,,0,12189,56
8/16/20,VT,B,58,58,0,,,,17,0,,,107826,969,,,,,,1515,1515,5,0,,,,,,1337,,0,144707,1625,,,,,109341,974,144707,1625
8/16/20,WA,B,1766,1766,11,,6230,6230,504,24,,,1229199,4801,,,,,55,69288,68911,673,0,,,,,,,1297928,4951,1297928,4951,,,,,,0,,0
8/16/20,WI,A+,1046,1039,1,7,5304,5304,347,29,957,105,1060533,5414,,,,,,70246,65741,699,0,,,,,,55982,1513039,13392,1513039,13392,,,,,1126274,6099,,0
8/16/20,WV,B,160,159,0,1,,,130,0,,52,346775,4988,,,,,20,8564,8393,107,0,,,,,,6429,,0,355339,5095,15145,,,,,0,355168,5092
8/16/20,WY,B,30,,0,,191,191,13,0,,,56809,0,,,100558,,,3286,2789,59,0,,,,,3034,2668,,0,103592,339,,,,,59503,0,103592,339
8/15/20,AK,A,28,28,1,,197,197,36,4,,,292515,664,,,291666,,4,4162,,84,0,,,,,4706,1384,,0,296677,748,,,,,,0,296677,748
8/15/20,AL,B,1896,1828,3,68,12607,12607,1259,151,1313,,729437,10762,,,,719,,107580,103357,1271,0,,,,,,41523,,0,832794,11923,,,,,832794,11923,,0
8/15/20,AR,A,600,,13,,3562,3562,464,-4,,,536268,0,,,536268,460,108,51992,51992,-400,0,,1085,,,,44905,,0,588660,0,,7090,,,,0,588660,0
8/15/20,AS,C,0,,0,,,,,0,,,1514,118,,,,,,0,0,0,0,,,,,,,,0,1514,118,,,,,,0,1514,118
8/15/20,AZ,A+,4492,4238,69,254,20795,20795,1282,280,,442,884537,8683,,,,,284,192654,191211,933,0,,,,,,27339,,0,1544331,16372,250030,,,,1075748,9602,1544331,16372
8/15/20,CA,B,11147,,151,,,,6327,0,,1812,9067422,111899,,,,,,613689,613689,12614,0,,,,,,,,0,9681111,124513,,,,,,0,9681111,124513
8/15/20,CO,A,1896,1552,8,344,6727,6727,236,9,,,573467,5680,138349,,,,,52838,49278,300,0,10222,,,,,5660,859734,10939,859734,10939,148571,,,,622745,5973,,0
8/15/20,CT,B,4453,3569,0,884,11015,11015,56,0,,,886793,0,,,,,,50897,48887,0,0,,,,,,8809,,0,937690,0,,,,,,0,935680,0
8/15/20,DC,A+,597,,3,,,,81,0,,28,226057,2870,,,,,14,13159,,41,0,,,,,,10452,239216,2911,239216,2911,,,,,155182,859,,0
8/15/20,DE,A+,593,524,0,69,,,32,0,,10,192365,1230,,,,,,16396,15392,56,0,,,,,19543,8649,295001,3974,295001,3974,,,,,208761,1286,,0
8/15/20,FL,A,9480,,204,,34074,34074,5721,506,,,3633088,35808,381574,375046,4875096,,,563628,558171,6291,0,27323,,26788,,726846,,5509603,80747,5509603,80747,408950,,401862,,4190626,42230,5632204,69705
8/15/20,GA,A,4669,,96,,22028,22028,2586,210,4042,,1752898,14740,,,,,,235168,235168,3273,0,17676,,,,213697,,,0,1988066,16872,251604,,,,,0,1988066,16872
8/15/20,GU,A,5,,0,,,,8,0,,2,26594,0,,,,,,502,494,0,0,2,,,,,345,,0,27096,0,153,,,,,0,27086,0
8/15/20,HI,C,40,,0,,277,277,173,10,,41,151723,2418,,,,,22,4543,,231,0,,,,,4512,1756,193806,3675,193806,3675,,,,,156266,2649,198152,3801
8/15/20,IA,A+,973,,7,,,,261,0,,82,494281,4976,,41046,,,35,51793,51793,861,0,,,2911,,,40381,,0,546074,5837,,,43996,,553559,10077,,0
8/15/20,ID,A,265,239,14,26,1091,1091,206,23,309,38,193839,2249,,,,,,27173,25385,542,0,,,,,,10369,,0,219224,2751,,,,,219224,2751,,0
8/15/20,IL,A,7937,7726,5,211,,,1538,0,,330,3125243,42586,,,,,127,205851,204519,1828,0,,,,,,,,0,3331094,44414,,,,,,0,3329762,44414
8/15/20,IN,A+,3128,2921,15,207,9872,9872,922,71,2032,267,817939,10082,,,,,88,79676,,1044,0,,,,,85105,59488,,0,1249665,24570,,,,,897615,11126,1249665,24570
8/15/20,KS,A+,402,,0,,2020,2020,311,0,554,98,309158,0,,,,198,33,33885,,0,0,,,,,,1399,,0,343043,0,,,,,343043,0,,0
8/15/20,KY,B,810,805,6,5,4193,4193,618,35,1304,131,673046,10702,,,,,,38930,36117,632,0,,,,,,9091,,0,709163,11254,45157,665,,,,0,709163,11254
8/15/20,LA,A,4430,4307,0,123,,,1243,0,,,1500275,0,,,,,197,136737,136737,0,0,,,,,,103512,,0,1637012,0,,,,,,0,1637012,0
8/15/20,MA,A+,8818,8596,14,222,12170,12170,375,20,,65,1311604,22603,,,,,27,122897,114095,366,0,,,,,150687,100486,,0,1886299,33267,,,104872,66513,1425699,22969,1886299,33267
8/15/20,MD,A,3636,3499,5,137,13556,13556,460,48,,107,1027959,16561,,100282,,,,99693,99693,818,0,,,9051,,117306,5995,,0,1585670,33600,,,109333,,1127652,17379,1585670,33600
8/15/20,ME,A+,127,126,1,1,399,399,5,0,,2,203210,2282,8741,,201496,,1,4144,3726,29,0,454,,,,5215,3616,,0,207354,2311,9208,,,,,0,206936,2311
8/15/20,MI,A+,6586,6318,20,268,,,713,0,,184,2189997,29570,,,2189997,,87,101782,92155,1058,0,,,,,129560,67778,,0,2291779,30628,237323,,,,,0,2319557,30824
8/15/20,MN,A,1745,1699,6,46,5822,5822,307,39,1691,140,920060,10237,,,,,,64413,64413,690,0,,,,,,57457,1236918,17102,1236918,17102,,,,,984473,10927,,0
8/15/20,MO,A,1346,,11,,,,871,0,,,769044,9445,,61737,1027492,,113,66397,66397,1127,0,,,2492,,77152,,,0,1106583,12613,,,64229,,835441,10572,1106583,12613
8/15/20,MP,D,2,,0,,4,4,,0,,,12252,0,,,,,,50,50,0,0,,,,,,29,,0,12302,0,,,,,12301,0,14419,0
8/15/20,MS,A+,2080,2000,37,80,4916,4916,1126,43,,321,448010,7898,,,,,176,71755,70047,825,0,95,,,,,49836,,0,519765,8723,18253,,,,,0,518057,8677
8/15/20,MT,C,82,,1,,324,324,90,5,,,195277,957,,,,,,5659,5659,118,0,,,,,,4123,,0,200936,1075,,,,,,0,200936,1075
8/15/20,NC,A+,2343,2343,30,,,,1032,0,,320,1759695,24463,,,,,,143706,143706,1536,0,,,,,,116969,,0,1903401,25999,,,,,,0,1903401,25999
8/15/20,ND,C,125,,0,,457,457,55,2,,,169701,1420,7714,,,,,8430,8430,123,0,293,,,,,7161,379816,6266,379816,6266,8007,,,,175603,1516,391750,6479
8/15/20,NE,A,361,,1,,1880,1880,145,0,,,287695,3131,,,373363,,,29988,29988,328,0,,,,,36701,22004,,0,411000,4412,,,,,317977,3461,411000,4412
8/15/20,NH,B,423,,1,,706,706,15,1,218,,176397,1702,,,,,,6980,6980,59,0,,,,,,6264,,0,278912,3409,29130,,28528,,183377,1761,278912,3409
8/15/20,NJ,A+,15851,14071,9,1780,22197,22197,520,36,,99,2273941,31264,,,,,43,187442,187442,278,0,,,,,,33264,,0,2461383,31542,,,,,,0,2461383,31542
8/15/20,NM,B,711,,8,,2957,2957,113,11,,,641989,6107,,,,,,23302,23302,142,0,,,,,,10391,,0,665291,6249,,,,,,0,665291,6249
8/15/20,NV,A+,1069,,24,,,,941,0,,258,482242,3787,,,,,166,60608,60608,859,0,,,,,,,742932,7950,742932,7950,,,,,538202,0,743871,7980
8/15/20,NY,A,25244,,12,,89995,89995,523,0,,120,6565603,87934,,,,,58,424901,424901,734,0,,,,,,74081,6990504,88668,6990504,88668,,,,,,0,,0
8/15/20,OH,A+,3824,3546,40,278,12210,12210,899,82,2767,318,1694676,21824,,,,,166,107674,102016,1117,0,,,,,,86018,,0,1802350,22941,,,,,,0,1796692,22895
8/15/20,OK,A+,657,,13,,3998,3998,506,45,,236,706619,10274,,,706619,,,47798,47798,901,0,2649,,,,54870,39907,,0,754417,11175,65475,,,,,0,762899,11462
8/15/20,OR,A+,386,,1,,1863,1863,224,0,,57,461861,11367,,,696165,,16,23018,21441,405,0,,,,,41302,4355,,0,737467,17962,,,,,471935,0,737467,17962
8/15/20,PA,A+,7465,,20,,,,572,0,,,1319884,15145,,,,,99,123800,120346,850,0,,,,,,96564,,0,1443684,15995,,,,,1440230,15979,,0
8/15/20,PR,B,329,201,12,128,,,406,0,,66,305972,0,,,303412,,46,11069,11069,339,0,14626,,,,7002,,,0,317041,339,,,,,,0,310546,0
8/15/20,RI,A+,1022,,1,,2375,2375,85,25,,11,211327,1797,,,396161,,2,20439,20439,104,0,,,,,29154,1972,425315,4582,425315,4582,,,,,231766,1901,,0
8/15/20,SC,A+,2260,2156,56,104,6852,6852,1246,0,,311,754518,7575,55892,,719922,,181,105882,104874,1041,0,4640,,,,139470,42730,,0,860400,8616,60532,,,,,0,859392,8569
8/15/20,SD,A,152,,2,,913,913,63,10,,,117331,1341,,,,,,10118,,94,0,,,,,,8884,,0,127449,1435,,,,,127449,1435,162315,2111
8/15/20,TN,A+,1345,1304,19,41,5813,5813,1307,88,,392,1698011,16426,,,1671887,,187,131747,129509,1289,0,,,,,155633,92100,,0,1829758,17715,,,,,,0,1827520,17620
8/15/20,TX,A,9840,,238,,,,6481,0,,2306,4397016,33949,,,,,,528838,528838,8245,0,23192,10863,,,694472,393266,,0,4925854,42194,318938,76263,,,,0,4925854,42194
8/15/20,UT,A+,363,,3,,2760,2760,186,16,707,64,548757,4097,,,679878,286,,46321,46321,345,0,,740,,690,51234,37346,,0,731112,6507,,2672,,2215,594661,4537,731112,6507
8/15/20,VA,A+,2381,2265,11,116,8701,8701,1271,51,,279,1231490,16056,,,,,167,105750,101448,912,0,,,,,122373,13694,1332938,16901,1332938,16901,,,,,,0,,0
8/15/20,VI,C,9,9,0,,,,,0,,,11383,88,,,,,,734,,30,0,,,,,,519,,0,12117,118,,,,,,0,12133,115
8/15/20,VT,B,58,58,0,,,,14,0,,,106857,2826,,,,,,1510,1510,9,0,,,,,,1332,,0,143082,3597,,,,,108367,2835,143082,3597
8/15/20,WA,B,1755,1755,19,,6206,6206,529,24,,,1224398,8491,,,,,58,68615,68263,628,0,,,,,,,1292977,8836,1292977,8836,,,,,,0,,0
8/15/20,WI,A+,1045,1038,13,7,5275,5275,337,40,954,96,1055119,10506,,,,,,69547,65056,866,0,,,,,,55172,1499647,19531,1499647,19531,,,,,1120175,11335,,0
8/15/20,WV,B,160,159,3,1,,,132,0,,54,341787,5361,,,,,21,8457,8289,183,0,,,,,,6298,,0,350244,5544,15072,,,,,0,350076,5546
8/15/20,WY,B,30,,0,,191,191,13,0,,,56809,0,,,100231,,,3227,2730,44,0,,,,,3022,2659,,0,103253,401,,,,,59503,0,103253,401
8/14/20,AK,A,27,27,0,,193,193,38,2,,,291851,1776,,,290927,,3,4078,,100,0,,,,,4698,1371,,0,295929,1876,,,,,,0,295929,1876
8/14/20,AL,B,1893,1825,3,68,12456,12456,1326,0,1305,,718675,21670,,,,716,,106309,102196,752,0,,,,,,41523,,0,820871,22370,,,,,820871,22370,,0
8/14/20,AR,A,587,,5,,3566,3566,466,0,,,536268,4554,,,536268,466,113,52392,52392,626,0,,1085,,,,45446,,0,588660,5180,,7090,,,,0,588660,5180
8/14/20,AS,C,0,,0,,,,,0,,,1396,0,,,,,,0,0,0,0,,,,,,,,0,1396,0,,,,,,0,1396,0
8/14/20,AZ,A+,4423,4169,40,254,20515,20515,1359,12,,473,875854,8470,,,,,324,191721,190292,927,0,,,,,,27029,,0,1527959,14070,248666,,,,1066146,9376,1527959,14070
8/14/20,CA,B,10996,,188,,,,6364,0,,1850,8955523,103171,,,,,,601075,601075,7934,0,,,,,,,,0,9556598,111105,,,,,,0,9556598,111105
8/14/20,CO,A,1888,1545,6,343,6718,6718,236,18,,,567787,6640,137933,,,,,52538,48985,319,0,10189,,,,,5660,848795,11505,848795,11505,148122,,,,616772,6948,,0
8/14/20,CT,B,4453,3569,3,884,11015,11015,56,0,,,886793,10240,,,,,,50897,48887,115,0,,,,,,8809,,0,937690,10355,,,,,,0,935680,10353
8/14/20,DC,A+,594,,0,,,,84,0,,22,223187,6562,,,,,12,13118,,94,0,,,,,,10416,236305,6656,236305,6656,,,,,154323,3249,,0
8/14/20,DE,A+,593,524,0,69,,,38,0,,10,191135,1474,,,,,,16340,15340,373,0,,,,,19442,8613,291027,2613,291027,2613,,,,,207475,1847,,0
8/14/20,FL,A,9276,,229,,33568,33568,5893,621,,,3597280,32299,381574,375046,4814951,,,557337,552000,7997,0,27323,,26788,,718241,,5428856,74732,5428856,74732,408950,,401862,,4148396,19812,5562499,65148
8/14/20,GA,A,4573,,35,,21818,21818,2691,237,3999,,1738158,24216,,,,,,231895,231895,3227,0,17442,,,,212140,,,0,1971194,27319,249475,,,,,0,1971194,27319
8/14/20,GU,A,5,,0,,,,8,0,,2,26594,391,,,,,,502,494,25,0,2,,,,,345,,0,27096,416,153,,,,,0,27086,416
8/14/20,HI,C,40,,0,,267,267,146,0,,29,149305,3030,,,,,22,4312,,0,0,,,,,4278,1716,190131,4649,190131,4649,,,,,153617,3384,194351,0
8/14/20,IA,A+,966,,7,,,,258,0,,75,489305,4828,,40578,,,28,50932,50932,596,0,,,2901,,,39879,,0,540237,5424,,,43518,,543482,5383,,0
8/14/20,ID,A,251,225,5,26,1068,1068,216,17,302,36,191590,3110,,,,,,26631,24883,498,0,,,,,,10089,,0,216473,3575,,,,,216473,3575,,0
8/14/20,IL,A,7932,7721,27,211,,,1612,0,,345,3082657,47277,,,,,126,204023,202691,2296,0,,,,,,,,0,3286680,49573,,,,,,0,3285348,49541
8/14/20,IN,A+,3113,2906,8,207,9801,9801,910,123,2007,291,807857,7452,,,,,80,78632,,1067,0,,,,,83963,59073,,0,1225095,22748,,,,,886489,8519,1225095,22748
8/14/20,KS,A+,402,,7,,2020,2020,311,45,554,98,309158,7142,,,,198,33,33885,,1338,0,,,,,,1399,,0,343043,8480,,,,,343043,8480,,0
8/14/20,KY,B,804,799,8,5,4158,4158,656,42,1296,147,662344,12410,,,,,,38298,35565,612,0,,,,,,9021,,0,697909,12939,44926,665,,,,0,697909,12939
8/14/20,LA,A,4430,4307,28,123,,,1243,0,,,1500275,19734,,,,,197,136737,136737,1298,0,,,,,,103512,,0,1637012,21032,,,,,,0,1637012,21032
8/14/20,MA,A+,8804,8582,14,222,12150,12150,398,19,,58,1289001,21340,,,,,31,122531,113729,212,0,,,,,150223,100486,,0,1853032,32001,,,104191,64773,1402730,21552,1853032,32001
8/14/20,MD,A,3631,3495,11,136,13508,13508,457,45,,107,1011398,14464,,100282,,,,98875,98875,715,0,,,9051,,116321,5986,,0,1552070,24140,,,109333,,1110273,15179,1552070,24140
8/14/20,ME,A+,126,125,0,1,399,399,6,4,,2,200928,2733,8723,,199219,,1,4115,3697,26,0,450,,,,5183,3604,,0,205043,2759,9186,,,,,0,204625,2751
8/14/20,MI,A+,6566,6300,11,266,,,713,0,,184,2160427,37897,,,2160427,,87,100724,91140,868,0,,,,,128306,63636,,0,2261151,38765,235572,,,,,0,2288733,39292
8/14/20,MN,A,1739,1693,8,46,5783,5783,313,41,1679,152,909823,9720,,,,,,63723,63723,730,0,,,,,,56659,1219816,16257,1219816,16257,,,,,973546,10450,,0
8/14/20,MO,A,1335,,10,,,,882,0,,,759599,12039,,61321,1016099,,107,65270,65270,1473,0,,,2460,,75959,,,0,1093970,19509,,,63781,,824869,13512,1093970,19509
8/14/20,MP,D,2,,0,,4,4,,0,,,12252,0,,,,,,50,50,1,0,,,,,,29,,0,12302,1,,,,,12301,0,14419,0
8/14/20,MS,A+,2043,1965,32,78,4873,4873,1107,26,,312,440112,1672,,,,,179,70930,69268,944,0,95,,,,,49836,,0,511042,2616,17823,,,,,0,509380,3027
8/14/20,MT,C,81,,0,,319,319,86,4,,,194320,1907,,,,,,5541,5541,134,0,,,,,,4011,,0,199861,2041,,,,,,0,199861,2041
8/14/20,NC,A+,2313,2313,26,,,,1049,0,,308,1735232,25367,,,,,,142170,142170,1346,0,,,,,,116969,,0,1877402,26713,,,,,,0,1877402,26713
8/14/20,ND,C,125,,1,,455,455,65,10,,,168281,1412,7683,,,,,8307,8307,152,0,292,,,,,7066,373550,5241,373550,5241,7975,,,,174087,1517,385271,5403
8/14/20,NE,A,360,,4,,1880,1880,147,0,,,284564,4164,,,369348,,,29660,29660,416,0,,,,,36307,21463,,0,406588,5048,,,,,314516,4578,406588,5048
8/14/20,NH,B,422,,0,,705,705,15,0,214,,174695,0,,,,,,6921,6921,0,0,,,,,,6190,,0,275503,3452,29016,,28351,,181616,0,275503,3452
8/14/20,NJ,A+,15842,14064,10,1778,22161,22161,514,36,,91,2242677,25581,,,,,40,187164,187164,570,0,,,,,,33223,,0,2429841,26151,,,,,,0,2429841,26151
8/14/20,NM,B,703,,6,,2946,2946,125,18,,,635882,8378,,,,,,23160,23160,173,0,,,,,,10182,,0,659042,8551,,,,,,0,659042,8551
8/14/20,NV,A+,1045,,15,,,,948,0,,260,478455,3961,,,,,166,59749,59749,1099,0,,,,,,,734982,8324,734982,8324,,,,,538202,4921,735891,8608
8/14/20,NY,A,25232,,4,,89995,89995,554,0,,127,6477669,84728,,,,,59,424167,424167,727,0,,,,,,73997,6901836,85455,6901836,85455,,,,,,0,,0
8/14/20,OH,A+,3784,3510,29,274,12128,12128,925,105,2755,319,1672852,24971,,,,,170,106557,100945,1131,0,,,,,,84904,,0,1779409,26102,,,,,,0,1773797,26060
8/14/20,OK,A+,644,,6,,3953,3953,567,52,,240,696345,11176,,,696345,,,46897,46897,794,0,2649,,,,53700,39282,,0,743242,11970,65475,,,,,0,751437,12150
8/14/20,OR,A+,385,,2,,1863,1863,224,10,,57,450494,5531,,,678876,,16,22613,21441,313,0,,,,,40629,4355,,0,719505,6705,,,,,471935,5831,719505,6705
8/14/20,PA,A+,7445,,36,,,,585,0,,,1304739,15866,,,,,103,122950,119512,829,0,,,,,,95901,,0,1427689,16695,,,,,1424251,16647,,0
8/14/20,PR,B,317,192,11,125,,,428,0,,70,305972,0,,,303412,,49,10730,10730,451,0,14398,,,,7002,,,0,316702,451,,,,,,0,310546,0
8/14/20,RI,A+,1021,,2,,2350,2350,79,9,,8,209530,1296,,,390466,,3,20335,20335,95,0,,,,,29007,1953,420733,4530,420733,4530,,,,,229865,1391,,0
8/14/20,SC,A+,2204,2106,18,98,6852,6852,1296,370,,327,746943,44824,55364,,712787,,198,104841,103880,932,0,4553,,,,138036,42730,,0,851784,45756,59917,,,,,0,850823,45653
8/14/20,SD,A,150,,2,,903,903,65,7,,,115990,1117,,,,,,10024,,127,0,,,,,,8773,,0,126014,1244,,,,,126014,1244,160204,1808
8/14/20,TN,A+,1326,1285,13,41,5725,5725,1264,77,,398,1681585,22375,,,1655634,,176,130458,128315,1947,0,,,,,154266,91323,,0,1812043,24322,,,,,,0,1809900,24254
8/14/20,TX,A,9602,,313,,,,6632,0,,2380,4363067,34153,,,,,,520593,520593,7018,0,22100,10792,,,689851,383717,,0,4883660,41171,312727,74905,,,,0,4883660,41171
8/14/20,UT,A+,360,,7,,2744,2744,190,23,702,69,544660,3660,,,673846,285,,45976,45976,552,0,,720,,671,50759,36679,,0,724605,6212,,2521,,2086,590124,3946,724605,6212
8/14/20,VA,A+,2370,2255,7,115,8650,8650,1299,58,,268,1215434,12953,,,,,150,104838,100603,1216,0,,,,,121207,13477,1316037,14128,1316037,14128,,,,,,0,,0
8/14/20,VI,C,9,9,0,,,,,0,,,11295,327,,,,,,704,,22,0,,,,,,502,,0,11999,349,,,,,,0,12018,358
8/14/20,VT,B,58,58,0,,,,13,0,,,104031,1506,,,,,,1501,1501,17,0,,,,,,1321,,0,139485,2287,,,,,105532,1523,139485,2287
8/14/20,WA,B,1736,1736,12,,6182,6182,519,45,,,1215907,13887,,,,,58,67987,67647,632,0,,,,,,,1284141,14510,1284141,14510,,,,,,0,,0
8/14/20,WI,A+,1032,1025,7,7,5235,5235,336,65,951,110,1044613,9418,,,,,,68681,64227,1059,0,,,,,,54181,1480116,20179,1480116,20179,,,,,1108840,10439,,0
8/14/20,WV,B,157,156,4,1,,,135,0,,52,336426,5062,,,,,18,8274,8104,123,0,,,,,,6144,,0,344700,5185,14999,,,,,0,344530,5181
8/14/20,WY,B,30,,0,,191,191,13,2,,,56809,357,,,99833,,,3183,2694,64,0,,,,,3019,2641,,0,102852,1587,,,,,59503,424,102852,1587
8/13/20,AK,A,27,27,0,,191,191,46,5,,,290075,1389,,,289088,,3,3978,,82,0,,,,,4662,1360,,0,294053,1471,,,,,,0,294053,1471
8/13/20,AL,B,1890,1821,8,69,12456,12456,1341,164,1292,,697005,6020,,,,707,,105557,101496,771,0,,,,,,41523,,0,798501,6715,,,,,798501,6715,,0
8/13/20,AR,A,582,,16,,3566,3566,473,94,,,531714,9257,,,531714,466,112,51766,51766,652,0,,1085,,,,44602,,0,583480,10612,,7090,,,,0,583480,10612
8/13/20,AS,C,0,,0,,,,,0,,,1396,0,,,,,,0,0,0,0,,,,,,,,0,1396,0,,,,,,0,1396,0
8/13/20,AZ,A+,4383,4130,36,253,20503,20503,1411,682,,497,867384,12599,,,,,334,190794,189386,1351,0,,,,,,26736,,0,1513889,17477,246800,,,,1056770,13932,1513889,17477
8/13/20,CA,B,10808,,160,,,,6424,0,,1826,8852352,134941,,,,,,593141,593141,7085,0,,,,,,,,0,9445493,142026,,,,,,0,9445493,142026
8/13/20,CO,A,1882,1539,7,343,6700,6700,265,15,,,561147,7113,137210,,,,,52219,48677,463,0,10110,,,,,5644,837290,12228,837290,12228,147320,,,,609824,7528,,0
8/13/20,CT,B,4450,3566,0,884,11015,11015,63,95,,,876553,7976,,,,,,50782,48774,76,0,,,,,,8809,,0,927335,8052,,,,,,0,925327,8045
8/13/20,DC,A+,594,,1,,,,83,0,,24,216625,2843,,,,,11,13024,,65,0,,,,,,10361,229649,2908,229649,2908,,,,,151074,1430,,0
8/13/20,DE,A+,593,524,2,69,,,37,0,,10,189661,3160,,,,,,15967,14968,268,0,,,,,19357,8587,288414,2047,288414,2047,,,,,205628,3428,,0
8/13/20,FL,A,9047,,149,,32947,32947,6325,598,,,3564981,28303,381574,375046,4758626,,,549340,,6227,0,27323,,26788,,710087,,5354124,64496,5354124,64496,408950,,401862,,4128584,34612,5497351,58556
8/13/20,GA,A,4538,,82,,21581,21581,2807,202,3963,,1713942,23353,,,,,,228668,228668,2515,0,17140,,,,209150,,,0,1943875,29441,247048,,,,,0,1943875,29441
8/13/20,GU,A,5,,0,,,,8,0,,1,26203,416,,,,,,477,469,28,0,2,,,,,343,,0,26680,444,152,,,,,0,26670,444
8/13/20,HI,C,40,,2,,267,267,132,7,,33,146275,0,,,,,24,4312,,354,0,,,,,3937,1716,185482,3648,185482,3648,,,,,150233,0,194351,4859
8/13/20,IA,A+,959,,8,,,,261,0,,88,484477,6135,,40184,,,25,50336,50336,530,0,,,2896,,,39320,,0,534813,6665,,,43119,,538099,6789,,0
8/13/20,ID,A,246,221,0,25,1051,1051,216,14,296,36,188480,1831,,,,,,26133,24418,538,0,,,,,,9850,,0,212898,2299,,,,,212898,2299,,0
8/13/20,IL,A,7905,7696,24,209,,,1628,0,,383,3035380,44172,,,,,127,201727,200427,1834,0,,,,,,,,0,3237107,46006,,,,,,0,3235807,46006
8/13/20,IN,A+,3105,2898,19,207,9678,9678,991,0,1975,290,800405,9933,,,,,86,77565,,1043,0,,,,,83003,57209,,0,1202347,21711,,,,,877970,10976,1202347,21711
8/13/20,KS,A+,395,,0,,1975,1975,357,0,548,95,302016,0,,,,195,29,32547,,0,0,,,,,,1367,,0,334563,0,,,,,334563,0,,0
8/13/20,KY,B,796,791,6,5,4116,4116,658,25,1291,140,649934,12104,,,,,,37686,35036,741,0,,,,,,8965,,0,684970,12725,44808,584,,,,0,684970,12725
8/13/20,LA,A,4402,4279,41,123,,,1281,0,,,1480541,16236,,,,,196,135439,135439,1135,0,,,,,,103512,,0,1615980,17371,,,,,,0,1615980,17371
8/13/20,MA,A+,8790,8568,21,222,12131,12131,401,22,,61,1267661,27560,,,,,26,122319,113517,319,0,,,,,149968,100486,,0,1821031,39483,,,103573,63165,1381178,27879,1821031,39483
8/13/20,MD,A,3620,3483,8,137,13463,13463,470,115,,111,996934,15480,,100282,,,,98160,98160,776,0,,,9051,,115312,5962,,0,1527930,29842,,,109333,,1095094,16256,1527930,29842
8/13/20,ME,A+,126,125,0,1,395,395,11,1,,5,198195,3147,8706,,196488,,3,4089,3679,19,0,446,,,,5165,3592,,0,202284,3166,9165,,,,,0,201874,3164
8/13/20,MI,A+,6555,6289,16,266,,,713,0,,184,2122530,39378,,,2122530,,90,99856,90392,1167,0,,,,,126911,63636,,0,2222386,40545,233568,,,,,0,2249441,40629
8/13/20,MN,A,1731,1685,7,46,5742,5742,308,31,1671,154,900103,9621,,,,,,62993,62993,690,0,,,,,,56346,1203559,15271,1203559,15271,,,,,963096,10311,,0
8/13/20,MO,B,1325,,2,,,,882,0,,,747560,11509,,60746,998356,,111,63797,63797,1267,0,,,2412,,74219,,,0,1074461,16753,,,63158,,811357,12776,1074461,16753
8/13/20,MP,D,2,,0,,4,4,,0,,,12252,0,,,,,,49,49,0,0,,,,,,29,,0,12301,0,,,,,12301,0,14419,0
8/13/20,MS,A+,2011,1942,22,69,4847,4847,1136,53,,318,438440,0,,,,,195,69986,68430,612,0,95,,,,,49836,,0,508426,612,17765,,,,,0,506353,0
8/13/20,MT,C,81,,1,,315,315,101,14,,,192413,1645,,,,,,5407,5407,139,0,,,,,,3937,,0,197820,1784,,,,,,0,197820,1784
8/13/20,NC,A+,2287,2287,38,,,,1070,0,,313,1709865,25643,,,,,,140824,140824,1763,0,,,,,,116969,,0,1850689,27406,,,,,,0,1850689,27406
8/13/20,ND,C,124,,0,,445,445,59,5,,,166869,1820,7614,,,,,8155,8155,200,0,282,,,,,6953,368309,6758,368309,6758,7896,,,,172570,1963,379868,7074
8/13/20,NE,A,356,,5,,1880,1880,152,0,,,280400,968,,,364709,,,29244,29244,214,0,,,,,35905,21463,,0,401540,3077,,,,,309938,1183,401540,3077
8/13/20,NH,B,422,,2,,705,705,15,0,214,,174695,1131,,,,,,6921,6921,34,0,,,,,,6190,,0,272051,4431,28887,,28351,,181616,1165,272051,4431
8/13/20,NJ,A+,15832,14054,8,1778,22125,22125,545,29,,103,2217096,27018,,,,,28,186594,186594,656,0,,,,,,33223,,0,2403690,27674,,,,,,0,2403690,27674
8/13/20,NM,B,697,,2,,2928,2928,128,21,,,627504,5497,,,,,,22987,22987,171,0,,,,,,9980,,0,650491,5668,,,,,,0,650491,5668
8/13/20,NV,A+,1030,,34,,,,982,0,,260,474494,5007,,,,,174,58650,58650,602,0,,,,,,,726658,9083,726658,9083,,,,,533281,5780,727283,9977
8/13/20,NY,A,25228,,10,,89995,89995,555,0,,124,6392941,87163,,,,,56,423440,423440,737,0,,,,,,73907,6816381,87900,6816381,87900,,,,,,0,,0
8/13/20,OH,B,3755,3481,21,274,12023,12023,952,122,2743,329,1647881,23749,,,,,178,105426,99856,1178,0,,,,,,83642,,0,1753307,24927,,,,,,0,1747737,24880
8/13/20,OK,A+,638,,11,,3901,3901,600,59,,253,685169,8460,,,685169,,,46103,46103,705,0,2446,,,,52741,38655,,0,731272,9165,62502,,,,,0,739287,9347
8/13/20,OR,A+,383,,8,,1853,1853,232,8,,57,444963,4443,,,672507,,22,22300,21141,278,0,,,,,40293,4282,,0,712800,8523,,,,,466104,4709,712800,8523
8/13/20,PA,A+,7409,,24,,,,601,0,,,1288873,16897,,,,,99,122121,118731,991,0,,,,,,95254,,0,1410994,17888,,,,,1407604,17889,,0
8/13/20,PR,B,306,182,11,124,,,466,0,,80,305972,0,,,303412,,57,10279,10279,110,0,14167,,,,7002,,,0,316251,110,,,,,,0,310546,0
8/13/20,RI,A+,1019,,1,,2341,2341,80,5,,10,208234,2230,,,387294,,4,20240,20240,111,0,,,,,28909,1943,416203,4154,416203,4154,,,,,228474,2341,,0
8/13/20,SC,A+,2186,2089,42,97,6482,6482,1322,0,,323,702119,5004,52562,,674577,,201,103909,103051,935,0,4168,,,,130613,40837,,0,806028,5939,56730,,,,,0,805170,5912
8/13/20,SD,A,148,,1,,896,896,56,4,,,114873,1060,,,,,,9897,,82,0,,,,,,8691,,0,124770,1142,,,,,124770,1142,158396,1637
8/13/20,TN,A,1313,1273,24,40,5648,5648,1312,94,,426,1659210,25911,,,1633721,,191,128511,126436,2118,0,,,,,151925,89151,,0,1787721,28029,,,,,,0,1785646,27956
8/13/20,TX,A,9289,,255,,,,6879,0,,2435,4328914,32591,,,,,,513575,513575,6755,0,20800,10700,,,685342,375760,,0,4842489,39346,302012,73513,,,,0,4842489,39346
8/13/20,UT,A+,353,,2,,2721,2721,206,25,694,74,541000,4054,,,667956,281,,45424,45424,334,0,,702,,653,50437,35817,,0,718393,6361,,2340,,1933,586178,4474,718393,6361
8/13/20,VA,A+,2363,2248,11,115,8592,8592,1258,60,,289,1202481,17446,,,,,141,103622,99428,1101,0,,,,,120124,13389,1301909,18500,1301909,18500,,,,,,0,,0
8/13/20,VI,C,9,9,0,,,,,0,,,10968,190,,,,,,682,,43,0,,,,,,476,,0,11650,233,,,,,,0,11660,216
8/13/20,VT,B,58,58,0,,,,14,0,,,102525,737,,,,,,1484,1484,6,0,,,,,,1310,,0,137198,1212,,,,,104009,743,137198,1212
8/13/20,WA,B,1724,1724,8,,6137,6137,513,35,,,1202020,14511,,,,,40,67355,67036,725,0,,,,,,,1269631,15117,1269631,15117,,,,,,0,,0
8/13/20,WI,A+,1025,1018,7,7,5170,5170,354,45,942,109,1035195,11472,,,,,,67622,63206,968,0,,,,,,53239,1459937,19647,1459937,19647,,,,,1098401,12415,,0
8/13/20,WV,B,153,152,0,1,,,128,0,,46,331364,4133,,,,,16,8151,7985,143,0,,,,,,6045,,0,339515,4276,14935,,,,,0,339349,4274
8/13/20,WY,B,30,,1,,189,189,14,2,,,56452,207,,,98292,,,3119,2627,33,0,,,,,2973,2601,,0,101265,2757,,,,,59079,234,101265,2757
8/12/20,AK,A,27,27,1,,186,186,39,5,,,288686,1777,,,287633,,3,3896,,61,0,,,,,4646,1359,,0,292582,1838,,,,,,0,292582,1838
8/12/20,AL,B,1882,1814,35,68,12292,12292,1386,222,1282,,690985,11147,,,,700,,104786,100801,935,0,,,,,,41523,,0,791786,12022,,,,,791786,12022,,0
8/12/20,AR,A,566,,0,,3472,3472,486,71,,,522457,0,,,522457,455,113,51114,51114,703,0,,1085,,,,42998,,0,572868,0,,7090,,,,0,572868,0
8/12/20,AS,C,0,,0,,,,,0,,,1396,0,,,,,,0,0,0,0,,,,,,,,0,1396,0,,,,,,0,1396,0
8/12/20,AZ,A+,4347,4095,148,252,19821,19821,1469,529,,519,854785,6247,,,,,328,189443,188053,706,0,,,,,,26418,,0,1496412,17963,241948,,,,1042838,6938,1496412,17963
8/12/20,CA,B,10648,,180,,,,6647,0,,1873,8717411,105543,,,,,,586056,586056,11645,0,,,,,,,,0,9303467,117188,,,,,,0,9303467,117188
8/12/20,CO,A,1875,1533,0,342,6685,6685,288,6,,,554034,4175,136417,,,,,51756,48262,315,0,10053,,,,,5630,825062,7640,825062,7640,146470,,,,602296,4429,,0
8/12/20,CT,B,4450,3566,6,884,10920,10920,58,0,,,868577,7962,,,,,,50706,48705,22,0,,,,,,8721,,0,919283,7984,,,,,,0,917282,7977
8/12/20,DC,A+,593,,0,,,,85,0,,25,213782,1929,,,,,11,12959,,63,0,,,,,,10300,226741,1992,226741,1992,,,,,149644,915,,0
8/12/20,DE,A+,591,521,0,70,,,35,0,,13,186501,0,,,,,,15699,14700,0,0,,,,,19277,8519,286367,3127,286367,3127,,,,,202200,0,,0
8/12/20,FL,A,8898,,213,,32349,32349,6551,599,,,3536678,30195,381574,375046,4709452,,,543113,,8095,0,27323,,26788,,701395,,5289628,66969,5289628,66969,408950,,401862,,4093972,38385,5438795,62892
8/12/20,GA,A,4456,,105,,21379,21379,2865,348,3929,,1690589,17692,,,,,,226153,226153,3565,0,17025,,,,206540,,,0,1914434,16217,245877,,,,,0,1914434,16217
8/12/20,GU,A,5,,0,,,,7,0,,1,25787,605,,,,,,449,441,15,0,2,,,,,341,,0,26236,620,151,,,,,0,26226,620
8/12/20,HI,C,38,,4,,260,260,166,18,,31,146275,4077,,,,,23,3958,,320,0,,,,,3745,1665,181834,2412,181834,2412,,,,,150233,4397,189492,5984
8/12/20,IA,A+,951,,11,,,,243,0,,72,478342,3751,,39401,,,25,49806,49806,477,0,,,2871,,,38657,,0,528148,4228,,,42311,,531310,4255,,0
8/12/20,ID,A,246,221,7,25,1037,1037,189,31,289,32,186649,3344,,,,,,25595,23950,495,0,,,,,,9548,,0,210599,3769,,,,,210599,3769,,0
8/12/20,IL,A,7881,7672,15,209,,,1525,0,,357,2991208,40453,,,,,129,199893,198593,1645,0,,,,,,,,0,3191101,42098,,,,,,0,3189801,42098
8/12/20,IN,A+,3086,2878,17,208,9678,9678,936,79,1975,294,790472,4679,,,,,84,76522,,660,0,,,,,81888,57209,,0,1180636,20395,,,,,866994,5339,1180636,20395
8/12/20,KS,A+,395,,8,,1975,1975,357,64,548,95,302016,7077,,,,195,29,32547,,817,0,,,,,,1367,,0,334563,7894,,,,,334563,7894,,0
8/12/20,KY,B,790,785,7,5,4091,4091,683,28,1279,143,637830,5268,,,,,,36945,34415,1152,0,,,,,,8893,,0,672245,6304,44569,556,,,,0,672245,6304
8/12/20,LA,A,4361,4238,48,123,,,1320,0,,,1464305,28866,,,,,211,134304,134304,1179,0,,,,,,103512,,0,1598609,30045,,,,,,0,1598609,30045
8/12/20,MA,A+,8769,8547,18,222,12109,12109,422,20,,64,1240101,15464,,,,,33,122000,113198,293,0,,,,,149570,100486,,0,1781548,28,,,102782,62738,1353299,15693,1781548,28
8/12/20,MD,A,3612,3474,8,138,13348,13348,488,82,,117,981454,10838,,93746,,,,97384,97384,541,0,,,8370,,114406,5956,,0,1498088,18015,,,102116,,1078838,11379,1498088,18015
8/12/20,ME,A+,126,125,0,1,394,394,9,0,,4,195048,6645,8679,,193353,,1,4070,3662,20,0,441,,,,5138,3579,,0,199118,6665,9133,,,,,0,198710,6663
8/12/20,MI,A+,6539,6273,6,266,,,640,0,,185,2083152,34811,,,2083152,,84,98689,89271,476,0,,,,,125660,63636,,0,2181841,35287,231232,,,,,0,2208812,35914
8/12/20,MN,A,1724,1678,17,46,5711,5711,335,50,1657,154,890482,6291,,,,,,62303,62303,464,0,,,,,,55855,1188288,10353,1188288,10353,,,,,952785,6755,,0
8/12/20,MO,B,1323,,11,,,,861,0,,,736051,9766,,60404,983054,,107,62530,62530,1595,0,,,2397,,72841,,,0,1057708,10898,,,62801,,798581,11361,1057708,10898
8/12/20,MP,D,2,,0,,4,4,,0,,,12252,0,,,,,,49,49,0,0,,,,,,29,,0,12301,0,,,,,12301,0,14419,0
8/12/20,MS,A+,1989,1922,45,67,4794,4794,1148,56,,323,438440,2329,,,,,195,69374,67913,1081,0,95,,,,,49836,,0,507814,3410,17765,,,,,0,506353,3303
8/12/20,MT,C,80,,3,,301,301,97,25,,,190768,1460,,,,,,5268,5268,164,0,,,,,,3598,,0,196036,1624,,,,,,0,196036,1624
8/12/20,NC,A+,2249,2249,45,,,,1062,0,,311,1684222,-195381,,,,,,139061,139061,1166,0,,,,,,116969,,0,1823283,-194215,,,,,,0,1823283,-194215
8/12/20,ND,C,124,,2,,440,440,58,10,,,165049,1076,7516,,,,,7955,7955,87,0,277,,,,,6815,361551,4118,361551,4118,7793,,,,170607,1276,372794,4268
8/12/20,NE,A,351,,3,,1880,1880,157,139,,,279432,2396,,,361907,,,29030,29030,334,0,,,,,35635,21312,,0,398463,4142,,,,,308755,2732,398463,4142
8/12/20,NH,B,420,,1,,705,705,18,0,213,,173564,5026,,,,,,6887,6887,26,0,,,,,,6162,,0,267620,2592,28710,,28195,,180451,5052,267620,2592
8/12/20,NJ,A+,15824,14046,11,1778,22096,22096,592,44,,111,2190078,25243,,,,,35,185938,185938,463,0,,,,,,33223,,0,2376016,25706,,,,,,0,2376016,25706
8/12/20,NM,B,695,,2,,2907,2907,119,10,,,622007,4313,,,,,,22816,22816,173,0,,,,,,9744,,0,644823,4486,,,,,,0,644823,4486
8/12/20,NV,A+,996,,15,,,,998,0,,268,469487,2258,,,,,177,58048,58048,528,0,,,,,,,717575,8770,717575,8770,,,,,527501,2689,717306,4687
8/12/20,NY,A,25218,,7,,89995,89995,558,0,,123,6305778,87076,,,,,62,422703,422703,700,0,,,,,,73842,6728481,87776,6728481,87776,,,,,,0,,0
8/12/20,OH,B,3734,3460,26,274,11901,11901,984,141,2721,320,1624132,19188,,,,,173,104248,98725,1422,0,,,,,,82310,,0,1728380,20610,,,,,,0,1722857,20540
8/12/20,OK,A+,627,,9,,3842,3842,519,82,,216,676709,7202,,,676709,,,45398,45398,670,0,2446,,,,51862,37988,,0,722107,7872,62502,,,,,0,729940,7842
8/12/20,OR,A+,375,,7,,1845,1845,213,32,,50,440520,5206,,,664293,,17,22022,20875,248,0,,,,,39984,4282,,0,704277,3654,,,,,461395,5438,704277,3654
8/12/20,PA,A+,7385,,33,,,,606,0,,,1271976,16663,,,,,96,121130,117739,849,0,,,,,,94481,,0,1393106,17512,,,,,1389715,17477,,0
8/12/20,PR,B,295,174,8,121,,,447,0,,75,305972,0,,,303412,,57,10169,10169,564,0,13905,,,,7002,,,0,316141,564,,,,,,0,310546,0
8/12/20,RI,A+,1018,,2,,2336,2336,89,19,,9,206004,1887,,,382951,,3,20129,20129,76,0,,,,,28776,1929,412049,3975,412049,3975,,,,,226133,1963,,-409435
8/12/20,SC,A+,2144,2057,46,87,6482,6482,1366,0,,333,697115,2894,52236,,669714,,206,102974,102143,844,0,4073,,,,129544,40837,,0,800089,3738,56309,,,,,0,799258,3677
8/12/20,SD,A,147,,1,,892,892,59,5,,,113813,1117,,,,,,9815,,102,0,,,,,,8606,,0,123628,1219,,,,,123628,1219,156759,1982
8/12/20,TN,A,1289,1249,18,40,5554,5554,1295,90,,428,1633299,17430,,,1608323,,185,126393,124391,1478,0,,,,,149367,87290,,0,1759692,18908,,,,,,0,1757690,18815
8/12/20,TX,A,9034,,324,,,,7028,0,,2479,4296323,36395,,,,,,506820,506820,6200,0,20241,10589,,,681048,367354,,0,4803143,42595,299037,71941,,,,0,4803143,42595
8/12/20,UT,A+,351,,2,,2696,2696,236,19,690,79,536946,3614,,,662068,279,,45090,45090,338,0,,691,,644,49964,35311,,0,712032,5774,,2147,,1774,581704,4007,712032,5774
8/12/20,VA,A+,2352,2238,8,114,8532,8532,1281,74,,290,1185035,15235,,,,,142,102521,98374,776,0,,,,,118778,13247,1283409,15897,1283409,15897,,,,,,0,,0
8/12/20,VI,C,9,9,0,,,,,0,,,10778,291,,,,,,639,,63,0,,,,,,468,,0,11417,354,,,,,,0,11444,355
8/12/20,VT,B,58,58,0,,,,9,0,,,101788,1052,,,,,,1478,1478,5,0,,,,,,1302,,0,135986,1670,,,,,103266,1057,135986,1670
8/12/20,WA,B,1716,1716,19,,6102,6102,480,53,,,1187509,16011,,,,,59,66630,66330,824,0,,,,,,,1254514,16612,1254514,16612,,,,,,0,,0
8/12/20,WI,A+,1018,1011,5,7,5125,5125,387,33,941,113,1023723,9446,,,,,,66654,62263,531,0,,,,,,52350,1440290,16220,1440290,16220,,,,,1085986,9924,,0
8/12/20,WV,B,153,,6,,,,135,0,,48,327231,4497,,,,,16,8008,7844,133,0,,,,,,5960,,0,335239,4630,14831,,,,,0,335075,4628
8/12/20,WY,B,29,,0,,187,187,15,4,,,56245,466,,,95574,,,3086,2600,13,0,,,,,2934,2577,,0,98508,3033,,,,,58845,482,98508,3033
8/11/20,AK,A,26,26,0,,181,181,39,1,,,286909,10352,,,285813,,4,3835,,49,0,,,,,4628,1344,,0,290744,10401,,,,,,0,290744,10401
8/11/20,AL,B,1847,1781,50,66,12070,12070,1504,0,1270,,679838,2291,,,,691,,103851,99926,831,0,,,,,,37923,,0,779764,2827,,,,,779764,2827,,0
8/11/20,AR,A,566,,11,,3401,3401,507,65,,,522457,3165,,,522457,450,116,50411,50411,383,0,,1085,,,,42998,,0,572868,3548,,7090,,,,0,572868,3548
8/11/20,AS,C,0,,0,,,,,0,,,1396,0,,,,,,0,0,0,0,,,,,,,,0,1396,0,,,,,,0,1396,0
8/11/20,AZ,A+,4199,3951,45,248,19292,19292,1574,15,,510,848538,7830,,,,,346,188737,187362,1214,0,,,,,,26102,,0,1478449,18163,241052,,,,1035900,9012,1478449,18163
8/11/20,CA,B,10468,,109,,,,6759,0,,1885,8611868,175426,,,,,,574411,574411,12500,0,,,,,,,,0,9186279,187926,,,,,,0,9186279,187926
8/11/20,CO,A,1875,1533,12,342,6679,6679,315,52,,,549859,3716,135702,,,,,51441,48008,402,0,9992,,,,,5608,817422,7146,817422,7146,145694,,,,597867,4073,,0
8/11/20,CT,B,4444,3561,0,883,10920,10920,70,0,,,860615,8225,,,,,,50684,48690,117,0,,,,,,8721,,0,911299,8342,,,,,,0,909305,8338
8/11/20,DC,A+,593,,2,,,,83,0,,21,211853,4269,,,,,12,12896,,89,0,,,,,,10232,224749,4358,224749,4358,,,,,148729,2252,,0
8/11/20,DE,A+,591,521,0,70,,,35,0,,13,186501,1463,,,,,,15699,14700,65,0,,,,,19196,8519,283240,2820,283240,2820,,,,,202200,1528,,0
8/11/20,FL,A,8685,8685,277,,31750,31750,6753,573,,,3506483,29587,381574,375046,4658471,,,535018,,5762,0,27323,,26788,,690302,,5222659,55472,5222659,55472,408950,,401862,,4055587,35514,5375903,55758
8/11/20,GA,A,4351,,122,,21031,21031,2881,355,3832,,1672897,29960,,,,,,222588,222588,3563,0,16791,,,,204553,,,0,1898217,28605,243577,,,,,0,1898217,28605
8/11/20,GU,A,5,,0,,,,7,0,,1,25182,524,,,,,,434,426,16,0,2,,,,,325,,0,25616,540,151,,,,,0,25606,1252
8/11/20,HI,C,34,,3,,242,242,105,3,,24,142198,3600,,,,,15,3638,,140,0,,,,,3605,1586,179422,2442,179422,2442,,,,,145836,3892,183508,2508
8/11/20,IA,A+,940,,7,,,,244,0,,64,474591,2275,,39336,,,25,49329,49329,258,0,,,2860,,,38033,,0,523920,2533,,,42235,,527055,2610,,0
8/11/20,ID,A,239,214,2,25,1006,1006,189,7,282,32,183305,1500,,,,,,25100,23525,429,0,,,,,,9341,,0,206830,1902,,,,,206830,1902,,0
8/11/20,IL,A,7866,7657,20,209,,,1459,0,,336,2950755,39813,,,,,127,198248,196948,1549,0,,,,,,,,0,3149003,41362,,,,,,0,3147703,41362
8/11/20,IN,A+,3069,2863,25,206,9599,9599,964,245,1961,327,785793,8674,,,,,87,75862,,870,0,,,,,80828,56349,,0,1160241,23169,,,,,861655,9544,1160241,23169
8/11/20,KS,A+,387,,0,,1911,1911,216,0,534,60,294939,0,,,,194,19,31730,,0,0,,,,,,1319,,0,326669,0,,,,,326669,0,,0
8/11/20,KY,B,783,778,8,5,4063,4063,667,39,1270,148,632562,10009,,,,,,35793,33379,539,0,,,,,,8819,,0,665941,10447,44520,556,,,,0,665941,10447
8/11/20,LA,A,4313,4195,26,118,,,1335,0,,,1435439,19467,,,,,214,133125,133125,1164,0,,,,,,89083,,0,1568564,20631,,,,,,0,1568564,20631
8/11/20,MA,A+,8751,8529,10,222,12089,12089,387,27,,70,1224637,14676,,,,,33,121707,112969,392,0,,,,,149568,99021,,0,1781520,3418,,,102208,,1337606,14972,1781520,3418
8/11/20,MD,A,3604,3467,13,137,13266,13266,529,19,,121,970616,10064,,93746,,,,96843,96843,585,0,,,8370,,113761,5935,,0,1480073,17145,,,102116,,1067459,10649,1480073,17145
8/11/20,ME,A+,126,125,1,1,394,394,9,1,,4,188403,1546,8663,,186723,,1,4050,3644,1,0,441,,,,5105,3560,,0,192453,1547,9117,,,,,0,192047,1549
8/11/20,MI,A+,6533,6264,7,269,,,640,0,,185,2048341,23058,,,2048341,,85,98213,88756,907,0,,,,,124557,63636,,0,2146554,23965,230011,,,,,0,2172898,24112
8/11/20,MN,A,1707,1666,6,41,5661,5661,337,55,1648,147,884191,1547,,,,,,61839,61839,323,0,,,,,,55151,1177935,5817,1177935,5817,,,,,946030,1870,,0
8/11/20,MO,B,1312,,5,,,,923,0,,,726285,16321,,60514,972909,,112,60935,60935,981,0,,,2394,,72091,,,0,1046810,17842,,,62908,,787220,17302,1046810,17842
8/11/20,MP,D,2,,0,,4,4,,0,,,12252,0,,,,,,49,49,0,0,,,,,,29,,0,12301,0,,,,,12301,0,14419,0
8/11/20,MS,A+,1944,1879,32,65,4738,4738,1114,58,,325,436111,9167,,,,,192,68293,66939,644,0,95,,,,,49836,,0,504404,9811,17684,,,,,0,503050,10664
8/11/20,MT,C,77,,2,,276,276,77,3,,,189308,920,,,,,,5104,5104,87,0,,,,,,3542,,0,194412,1007,,,,,,0,194412,1007
8/11/20,NC,A+,2204,2204,32,,,,1122,0,,329,1879603,14528,,,,,,137895,137895,1051,0,,,,,,116969,,0,2017498,15579,,,,,,0,2017498,15579
8/11/20,ND,C,122,,5,,430,430,55,13,,,163973,1847,7470,,,,,7868,7868,169,0,275,,,,,6668,357433,5454,357433,5454,7745,,,,169331,1976,368526,5766
8/11/20,NE,A,348,,3,,1741,1741,162,19,,,277036,2833,,,358186,,,28696,28696,264,0,,,,,35220,21113,,0,394321,4499,,,,,306023,3097,394321,4499
8/11/20,NH,B,419,,0,,705,705,21,1,211,,168538,1100,,,,,,6861,6861,21,0,,,,,,6126,,0,265028,2078,28620,,28105,,175399,1121,265028,2078
8/11/20,NJ,A+,15813,14037,12,1776,22052,22052,538,60,,101,2164835,25820,,,,,43,185475,185475,444,0,,,,,,33223,,0,2350310,26264,,,,,,0,2350310,26264
8/11/20,NM,B,693,,3,,2897,2897,134,27,,,617694,7141,,,,,,22643,22643,199,0,,,,,,9612,,0,640337,7340,,,,,,0,640337,7340
8/11/20,NV,A+,981,,18,,,,971,0,,257,467229,2009,,,,,171,57520,57520,548,0,,,,,,,708805,6920,708805,6920,,,,,524812,2409,712619,4158
8/11/20,NY,A,25211,,7,,89995,89995,540,0,,120,6218702,76392,,,,,60,422003,422003,667,0,,,,,,73779,6640705,77059,6640705,77059,,,,,,0,,0
8/11/20,OH,B,3708,3435,35,273,11760,11760,968,131,2699,338,1604944,19031,,,,,172,102826,97373,1095,0,,,,,,80885,,0,1707770,20126,,,,,,0,1702317,20046
8/11/20,OK,A+,618,,13,,3760,3760,530,135,,218,669507,19022,,,669507,,,44728,44728,765,0,2446,,,,51238,37193,,0,714235,19787,62502,,,,,0,722098,21117
8/11/20,OR,A+,368,,11,,1813,1813,234,15,,59,435314,6070,,,660933,,15,21774,20643,286,0,,,,,39690,4226,,0,700623,4794,,,,,455957,6328,700623,4794
8/11/20,PA,A+,7352,,35,,,,598,0,,,1255313,14483,,,,,98,120281,116925,828,0,,,,,,92616,,0,1375594,15311,,,,,1372238,15310,,0
8/11/20,PR,B,287,167,8,120,,,439,0,,80,305972,0,,,303412,,62,9605,9605,286,0,13798,,,,7002,,,0,315577,286,,,,,,0,310546,0
8/11/20,RI,A+,1016,,1,,2317,2317,88,6,,9,204117,1704,,,380599,,2,20053,20053,119,0,,,,,28836,1911,408074,4142,408074,4142,,,,,224170,1823,409435,4283
8/11/20,SC,A+,2098,2012,49,86,6482,6482,1330,329,,339,694221,3750,52099,,666735,,207,102130,101360,971,0,4049,,,,128846,40837,,0,796351,4721,56148,,,,,0,795581,4679
8/11/20,SD,A,146,,0,,887,887,57,5,,,112696,882,,,,,,9713,,50,0,,,,,,8507,,0,122409,932,,,,,122409,932,154777,1270
8/11/20,TN,A,1271,1232,38,39,5464,5464,1378,125,,,1615869,11876,,,1591309,,,124915,123006,1001,0,,,,,147566,85313,,0,1740784,12877,,,,,,0,1738875,12785
8/11/20,TX,A,8710,,220,,,,7216,0,,2495,4259928,32275,,,,,,500620,500620,9803,0,19800,10472,,,676264,358312,,0,4760548,42078,295617,70363,,,,0,4760548,42078
8/11/20,UT,A+,349,,4,,2677,2677,208,35,685,81,533332,2679,,,656729,277,,44752,44752,362,0,,673,,630,49529,34764,,0,706258,4193,,1949,,1627,577697,2999,706258,4193
8/11/20,VA,A+,2344,2232,17,112,8458,8458,1293,67,,280,1169800,9002,,,,,148,101745,97712,996,0,,,,,117747,13152,1267512,9907,1267512,9907,,,,,,0,,0
8/11/20,VI,C,9,9,0,,,,,0,,,10487,130,,,,,,576,,29,0,,,,,,439,,0,11063,159,,,,,,0,11089,184
8/11/20,VT,B,58,58,0,,,,12,0,,,100736,981,,,,,,1473,1473,12,0,,,,,,1295,,0,134316,1437,,,,,102209,993,134316,1437
8/11/20,WA,B,1697,1697,9,,6049,6049,495,48,,,1171498,15268,,,,,35,65806,65516,213,0,,,,,,,1237902,15951,1237902,15951,,,,,,0,,0
8/11/20,WI,A+,1013,1006,8,7,5092,5092,364,61,939,111,1014277,12875,,,,,,66123,61785,767,0,,,,,,51456,1424070,10532,1424070,10532,,,,,1076062,13599,,0
8/11/20,WV,B,147,,6,,,,130,0,,46,322734,3444,,,,,14,7875,7713,121,0,,,,,,5863,,0,330609,3565,14810,,,,,0,330447,3561
8/11/20,WY,B,29,,1,,183,183,15,4,,,55779,1139,,,92610,,,3073,2584,31,0,,,,,2865,2541,,0,95475,3374,,,,,58363,1158,95475,3374
8/10/20,AK,A,26,26,0,,180,180,37,4,,,276557,2356,,,272428,,3,3786,,68,0,,,,,4290,1332,,0,280343,2424,,,,,,0,280343,2424
8/10/20,AL,B,1797,1733,29,64,12070,12070,1551,533,1249,,677547,16430,,,,680,,103020,99390,1686,0,,,,,,37923,,0,776937,18085,,,,,776937,18085,,0
8/10/20,AR,A,555,,11,,3336,3336,508,52,,,519292,4844,,,,443,117,50028,50028,645,0,,1085,,,,42130,,0,569320,5489,,7090,,,,0,569320,5489
8/10/20,AS,C,0,,0,,,,,0,,,1396,0,,,,,,0,0,0,0,,,,,,,,0,1396,0,,,,,,0,1396,0
8/10/20,AZ,A+,4154,3922,4,232,19277,19277,1575,9,,506,840708,5068,,,,,366,187523,186180,600,0,,,,,,25848,,0,1460286,7764,240582,,,,1026888,5655,1460286,7764
8/10/20,CA,B,10359,,66,,,,6770,0,,1879,8436442,164483,,,,,,561911,561911,7751,0,,,,,,,,0,8998353,172234,,,,,,0,8998353,172234
8/10/20,CO,A,1863,1522,5,341,6627,6627,309,11,,,546143,4963,135225,,,,,51039,47651,379,0,9956,,,,,5579,810276,8537,810276,8537,145181,,,,593794,5247,,0
8/10/20,CT,B,4444,3560,3,884,10920,10920,64,0,,,852390,38077,,,,,,50567,48577,247,0,,,,,,8721,,0,902957,38324,,,,,,0,900967,38309
8/10/20,DC,A+,591,,0,,,,75,0,,21,207584,2395,,,,,8,12807,,54,0,,,,,,10188,220391,2449,220391,2449,,,,,146477,943,,0
8/10/20,DE,A+,591,521,0,70,,,34,0,,12,185038,2494,,,,,,15634,14636,59,0,,,,,19132,8500,280420,3793,280420,3793,,,,,200672,2553,,0
8/10/20,FL,A,8408,8408,93,,31177,31177,6948,284,,,3476896,24039,381574,375046,4611442,,,529256,,4150,0,27323,,26788,,682190,,5167187,47934,5167187,47934,408950,,401862,,4020073,28247,5320145,45904
8/10/20,GA,A,4229,,30,,20676,20676,2871,48,3767,,1642937,24485,,,,,,219025,219025,2429,0,16749,,,,201850,,,0,1869612,22035,243257,,,,,0,1869612,22035
8/10/20,GU,A,5,,0,,,,5,0,,1,24658,541,,,,,,418,410,6,0,2,,,,,325,,0,25076,547,147,,,,,0,24354,0
8/10/20,HI,C,31,,0,,239,239,105,2,,24,138598,0,,,,,15,3498,,152,0,,,,,3461,1548,176980,2746,176980,2746,,,,,141944,0,181000,2789
8/10/20,IA,A+,933,,3,,,,224,0,,57,472316,2295,,39217,,,23,49071,49071,282,0,,,2849,,,37317,,0,521387,2577,,,42105,,524445,2662,,0
8/10/20,ID,A,237,212,2,25,999,999,201,11,280,48,181805,1469,,,,,,24671,23123,176,0,,,,,,9157,,0,204928,1639,,,,,204928,1639,,0
8/10/20,IL,A,7846,7637,1,209,,,1481,0,,352,2910942,31034,,,,,138,196699,195399,1319,0,,,,,,,,0,3107641,32353,,,,,,0,3106341,32353
8/10/20,IN,A+,3044,2838,3,206,9354,9354,921,0,1927,305,777119,10322,,,,,81,74992,,664,0,,,,,79539,54068,,0,1137072,5323,,,,,852111,10986,1137072,5323
8/10/20,KS,A+,387,,7,,1911,1911,216,36,534,60,294939,9065,,,,194,19,31730,,1092,0,,,,,,1319,,0,326669,10157,,,,,326669,10157,,0
8/10/20,KY,B,775,770,2,5,4024,4024,641,22,1267,155,622553,8696,,,,,,35254,32941,272,0,,,,,,8738,,0,655494,9307,44407,516,,,,0,655494,9307
8/10/20,LA,A,4287,4169,24,118,,,1382,0,,,1415972,6800,,,,,215,131961,131961,562,0,,,,,,89083,,0,1547933,7362,,,,,,0,1547933,7362
8/10/20,MA,A+,8741,8519,6,222,12062,12062,380,8,,60,1209961,11062,,,,,25,121315,112673,275,0,,,,,149527,99021,,0,1778102,14941,,,101714,,1322634,11276,1778102,14941
8/10/20,MD,A,3591,3454,6,137,13247,13247,534,70,,119,960552,16710,,93746,,,,96258,96258,755,0,,,8370,,113011,5910,,0,1462928,29532,,,102116,,1056810,17465,1462928,29532
8/10/20,ME,A+,125,124,0,1,393,393,8,0,,3,186857,1913,8657,,185189,,1,4049,3641,7,0,440,,,,5093,3537,,0,190906,1920,9110,,,,,0,190498,1929
8/10/20,MI,A+,6526,6257,7,269,,,640,0,,185,2025283,20677,,,2025283,,132,97306,87960,580,0,,,,,123503,63636,,0,2122589,21257,229030,,,,,0,2148786,21438
8/10/20,MN,A,1701,1660,3,41,5606,5606,320,51,1633,159,882644,8569,,,,,,61516,61516,618,0,,,,,,54364,1172118,12979,1172118,12979,,,,,944160,9187,,0
8/10/20,MO,B,1307,,6,,,,923,0,,,709964,14603,,60069,958061,,112,59954,59954,2575,0,,,2345,,69115,,,0,1028968,32351,,,62414,,769918,17178,1028968,32351
8/10/20,MP,D,2,,0,,4,4,,0,,,12252,-1,,,,,,49,49,1,0,,,,,,29,,0,12301,0,,,,,12301,0,14419,0
8/10/20,MS,A+,1912,1847,16,65,4680,4680,1074,74,,328,426944,0,,,,,196,67649,66334,476,0,95,,,,,42391,,0,494593,476,17226,,,,,0,492386,0
8/10/20,MT,C,75,,0,,273,273,80,1,,,188388,3394,,,,,,5017,5017,65,0,,,,,,3413,,0,193405,3459,,,,,,0,193405,3459
8/10/20,NC,A+,2172,2172,4,,,,1111,0,,317,1865075,14745,,,,,,136844,136844,626,0,,,,,,105093,,0,2001919,15371,,,,,,0,2001919,15371
8/10/20,ND,C,117,,1,,417,417,48,2,,,162126,1050,7403,,,,,7699,7699,117,0,272,,,,,6434,351979,4463,351979,4463,7675,,,,167355,1161,362760,4582
8/10/20,NE,A,345,,0,,1722,1722,146,7,,,274203,2774,,,354027,,,28432,28432,187,0,,,,,34886,20896,,0,389822,4262,,,,,302926,2959,389822,4262
8/10/20,NH,B,419,,0,,704,704,20,3,210,,167438,1684,,,,,,6840,6840,9,0,,,,,,6095,,0,262950,2942,28541,,28046,,174278,1693,262950,2942
8/10/20,NJ,A+,15801,14025,4,1776,21992,21992,545,0,,83,2139015,21936,,,,,29,185031,185031,258,0,,,,,,33013,,0,2324046,22194,,,,,,0,2324046,22194
8/10/20,NM,B,690,,5,,2870,2870,127,19,,,610553,5241,,,,,,22444,22444,129,0,,,,,,9428,,0,632997,5370,,,,,,0,632997,5370
8/10/20,NV,A+,963,,6,,,,1014,0,,266,465220,3846,,,,,172,56972,56972,742,0,,,,,,,701885,1985,701885,1985,,,,,522403,4663,708461,8249
8/10/20,NY,A,25204,,2,,89995,89995,535,0,,127,6142310,53526,,,,,62,421336,421336,476,0,,,,,,73736,6563646,54002,6563646,54002,,,,,,0,,0
8/10/20,OH,B,3673,3405,4,268,11629,11629,968,64,2680,351,1585913,18213,,,,,195,101731,96358,883,0,,,,,,79321,,0,1687644,19096,,,,,,0,1682271,19075
8/10/20,OK,A+,605,,2,,3625,3625,594,20,,223,650485,0,,,650485,,,43963,43963,397,0,2446,,,,49186,36378,,0,694448,397,62502,,,,,0,700981,0
8/10/20,OR,A+,357,,1,,1798,1798,214,40,,58,429244,3479,,,656485,,22,21488,20385,216,0,,,,,39344,4226,,0,695829,2473,,,,,449629,13010,695829,2473
8/10/20,PA,A+,7317,,3,,,,591,0,,,1240830,12472,,,,,108,119453,116098,601,0,,,,,,91978,,0,1360283,13073,,,,,1356928,13065,,0
8/10/20,PR,B,279,161,0,118,,,423,0,,77,305972,0,,,303412,,50,9319,9319,385,0,13502,,,,7002,,,0,315291,385,,,,,,0,310546,0
8/10/20,RI,A+,1015,,0,,2311,2311,93,0,,8,202413,829,,,376445,,2,19934,19934,28,0,,,,,28707,1900,403932,1557,403932,1557,,,,,222347,857,405152,1406
8/10/20,SC,A+,2049,1966,18,83,6153,6153,1353,0,,360,690471,4922,52035,,663060,,217,101159,100431,724,0,4035,,,,127842,37798,,0,791630,5646,56070,,,,,0,790902,5640
8/10/20,SD,A,146,,0,,882,882,63,6,,,111814,522,,,,,,9663,,58,0,,,,,,8371,,0,121477,580,,,,,121477,580,153507,1091
8/10/20,TN,A,1233,1194,10,39,5339,5339,1167,35,,,1603993,13585,,,1579674,,,123914,122097,1202,0,,,,,146416,83170,,0,1727907,14787,,,,,,0,1726090,14771
8/10/20,TX,A,8490,,31,,,,7304,0,,2552,4227653,9975,,,,,,490817,490817,4455,0,18924,10351,,,671019,349833,,0,4718470,14430,290944,68552,,,,0,4718470,14430
8/10/20,UT,A+,345,,9,,2642,2642,222,22,673,79,530653,2936,,,652896,275,,44390,44390,263,0,,649,,609,49169,34319,,0,702065,4411,,1819,,1518,574698,3178,702065,4411
8/10/20,VA,A+,2327,2215,1,112,8391,8391,1251,22,,279,1160798,16626,,,,,159,100749,96807,663,0,,,,,116969,12961,1257605,17266,1257605,17266,,,,,,0,,0
8/10/20,VI,C,9,9,0,,,,,0,,,10357,25,,,,,,547,,0,0,,,,,,410,,0,10904,25,,,,,,0,10905,5
8/10/20,VT,B,58,58,0,,,,11,0,,,99755,672,,,,,,1461,1461,3,0,,,,,,1282,,0,132879,946,,,,,101216,675,132879,946
8/10/20,WA,B,1688,1688,0,,6001,6001,532,105,,,1156230,18151,,,,,49,65593,65307,364,0,,,,,,,1221951,18954,1221951,18954,,,,,,0,,0
8/10/20,WI,A+,1005,998,0,7,5031,5031,414,31,938,119,1001402,7660,,,,,,65356,61061,521,0,,,,,,50662,1413538,12367,1413538,12367,,,,,1062463,8167,,0
8/10/20,WV,B,141,,2,,,,123,0,,43,319290,3912,,,,,17,7754,7596,60,0,,,,,,5699,,0,327044,3972,14806,,,,,0,326886,3972
8/10/20,WY,B,28,,0,,179,179,15,2,,,54640,1015,,,89306,,,3042,2565,-8,0,,,,,2795,2483,,0,92101,2303,,,,,57205,1090,92101,2303
8/9/20,AK,A,26,26,0,,176,176,40,4,,,274201,4229,,,270039,,4,3718,,97,0,,,,,4274,1269,,0,277919,4326,,,,,,0,277919,4326
8/9/20,AL,B,1768,1707,33,61,11537,11537,1449,0,1242,,661117,10002,,,,674,,101334,97735,2947,0,,,,,,37923,,0,758852,12910,,,,,758852,12910,,0
8/9/20,AR,A,544,,23,,3284,3284,497,61,,,514448,10964,,,,437,117,49383,49383,1344,0,,1085,,,,41452,,0,563831,12308,,7090,,,,0,563831,12308
8/9/20,AS,C,0,,0,,,,,0,,,1396,0,,,,,,0,0,0,0,,,,,,,,0,1396,0,,,,,,0,1396,0
8/9/20,AZ,A+,4150,3918,13,232,19268,19268,1626,24,,514,835640,5226,,,,,374,186923,185593,816,0,,,,,,25527,,0,1452522,9320,239427,,,,1021233,6015,1452522,9320
8/9/20,CA,B,10293,,104,,,,6849,0,,1891,8271959,110219,,,,,,554160,554160,8373,0,,,,,,,,0,8826119,118592,,,,,,0,8826119,118592
8/9/20,CO,A,1858,1517,1,341,6616,6616,319,14,,,541180,5624,134871,,,,,50660,47367,336,0,9941,,,,,5554,801739,10717,801739,10717,144812,,,,588547,5908,,0
8/9/20,CT,B,4441,3558,0,883,10920,10920,65,0,,,814313,0,,,,,,50320,48345,0,0,,,,,,8721,,0,864633,0,,,,,,0,862658,0
8/9/20,DC,A+,591,,1,,,,77,0,,17,205189,4508,,,,,8,12753,,100,0,,,,,,10156,217942,4608,217942,4608,,,,,145534,3006,,0
8/9/20,DE,A,591,521,1,70,,,36,0,,11,182544,2152,,,,,,15575,14576,73,0,,,,,19049,8449,276627,2369,276627,2369,,,,,198119,2225,,0
8/9/20,FL,A,8315,8315,77,,30893,30893,6848,254,,,3452857,33562,381574,375046,4571866,,,525106,,6139,0,27323,,26788,,676365,,5119253,71550,5119253,71550,408950,,401862,,3991826,39798,5274241,61932
8/9/20,GA,A,4199,,13,,20628,20628,2865,72,3752,,1618452,33913,,,,,,216596,216596,3169,0,16503,,,,199607,,,0,1847577,32143,241290,,,,,0,1847577,32143
8/9/20,GU,B,5,,0,,,,3,0,,,24117,0,,,,,,412,404,0,0,2,,,,,321,,0,24529,0,147,,,,,0,24354,0
8/9/20,HI,C,31,,0,,237,237,105,6,,24,138598,2467,,,,,15,3346,,231,0,,,,,3319,1511,174234,3129,174234,3129,,,,,141944,2698,178211,3494
8/9/20,IA,A+,930,,5,,,,221,0,,57,470021,4757,,39174,,,20,48789,48789,506,0,,,2839,,,37096,,0,518810,5263,,,42052,,521783,5381,,0
8/9/20,ID,A,235,211,6,24,988,988,201,20,279,48,180336,1287,,,,,,24495,22953,573,0,,,,,,8921,,0,203289,1832,,,,,203289,1832,,0
8/9/20,IL,A,7845,7636,5,209,,,1488,0,,322,2879908,39972,,,,,114,195380,194080,1382,0,,,,,,,,0,3075288,41354,,,,,,0,3073988,41354
8/9/20,IN,A+,3041,2835,5,206,9354,9354,960,0,1927,289,766797,11618,,,,,78,74328,,1041,0,,,,,79241,54068,,0,1131749,7788,,,,,841125,12659,1131749,7788
8/9/20,KS,A+,380,,0,,1875,1875,333,0,526,88,285874,0,,,,193,26,30638,,0,0,,,,,,1293,,0,316512,0,,,,,316512,0,,0
8/9/20,KY,B,773,768,1,5,4002,4002,653,0,1258,149,613857,0,,,,,,34982,32713,404,0,,,,,,8674,,0,646187,0,44296,459,,,,0,646187,0
8/9/20,LA,A,4263,4145,56,118,,,1383,0,,,1409172,32916,,,,,210,131399,131399,2653,0,,,,,,89083,,0,1540571,35569,,,,,,0,1540571,35569
8/9/20,MA,A+,8735,8514,14,221,12054,12054,375,10,,60,1198899,16866,,,,,26,121040,112459,329,0,,,,,149301,99021,,0,1763161,7683,,,101485,,1311358,17152,1763161,7683
8/9/20,MD,A,3585,3448,8,137,13177,13177,525,72,,128,943842,18900,,93746,,,,95503,95503,922,0,,,8370,,112072,5910,,0,1433396,40672,,,102116,,1039345,19822,1433396,40672
8/9/20,ME,A+,125,124,0,1,393,393,9,0,,3,184944,2569,8644,,183277,,1,4042,3625,16,0,440,,,,5076,3512,,0,188986,2585,9097,,,,,0,188569,2585
8/9/20,MI,A+,6519,6249,-1,270,,,694,0,,232,2004606,25676,,,2004606,,132,96726,87403,535,0,,,,,122742,63636,,0,2101332,26211,228519,,,,,0,2127348,26500
8/9/20,MN,A,1698,1657,9,41,5555,5555,312,49,1615,148,874075,12779,,,,,,60898,60898,797,0,,,,,,53568,1159139,20544,1159139,20544,,,,,934973,13576,,0
8/9/20,MO,B,1301,,0,,,,895,0,,,695361,0,,59384,928188,,105,57379,57379,0,0,,,2324,,66665,,,0,996617,0,,,61708,,752740,0,996617,0
8/9/20,MP,D,2,,0,,4,4,,0,,,12253,0,,,,,,48,48,0,0,,,,,,29,,0,12301,0,,,,,12301,0,14419,0
8/9/20,MS,A+,1896,1832,22,64,4606,4606,1151,0,,334,426944,0,,,,,198,67173,65906,527,0,95,,,,,42391,,0,494117,527,17226,,,,,0,492386,0
8/9/20,MT,C,75,,0,,272,272,83,4,,,184994,1037,,,,,,4952,4952,63,0,,,,,,3275,,0,189946,1100,,,,,,0,189946,1100
8/9/20,NC,A+,2168,2168,8,,,,1109,0,,315,1850330,15330,,,,,,136218,136218,1452,0,,,,,,105093,,0,1986548,16782,,,,,,0,1986548,16782
8/9/20,ND,C,116,,0,,415,415,47,1,,,161076,1217,7391,,,,,7582,7582,91,0,272,,,,,6355,347516,5438,347516,5438,7663,,,,166194,1231,358178,5648
8/9/20,NE,A,345,,0,,1715,1715,147,11,,,271429,1995,,,350003,,,28245,28245,141,0,,,,,34649,20746,,0,385560,2859,,,,,299967,2135,385560,2859
8/9/20,NH,B,419,,0,,701,701,23,1,210,,165754,1321,,,,,,6831,6831,13,0,,,,,,6063,,0,260008,2411,28483,,27975,,172585,1334,260008,2411
8/9/20,NJ,A+,15797,14021,5,1776,21992,21992,483,43,,83,2117079,48716,,,,,31,184773,184773,344,0,,,,,,32977,,0,2301852,49060,,,,,,0,2301852,49060
8/9/20,NM,B,685,,4,,2851,2851,121,13,,,605312,7299,,,,,,22315,22315,200,0,,,,,,9319,,0,627627,7499,,,,,,0,627627,7499
8/9/20,NV,A+,957,,8,,,,976,0,,278,461374,3774,,,,,173,56230,56230,811,0,,,,,,,699900,4148,699900,4148,,,,,517740,4704,700212,8597
8/9/20,NY,A,25202,,7,,89995,89995,548,0,,131,6088784,65297,,,,,66,420860,420860,515,0,,,,,,73689,6509644,65812,6509644,65812,,,,,,0,,0
8/9/20,OH,B,3669,3397,1,272,11565,11565,952,49,2665,365,1567700,23176,,,,,193,100848,95496,879,0,,,,,,78435,,0,1668548,24055,,,,,,0,1663196,24001
8/9/20,OK,A+,603,,0,,3605,3605,594,11,,223,650485,0,,,650485,,,43566,43566,486,0,2446,,,,49186,36052,,0,694051,486,62502,,,,,0,700981,0
8/9/20,OR,A+,356,,1,,1758,1758,204,0,,51,425765,8708,,,654236,,18,21272,19562,262,0,,,,,39120,4111,,0,693356,2318,,,,,436619,0,693356,2318
8/9/20,PA,A+,7314,,1,,,,600,0,,,1228358,13393,,,,,103,118852,115505,760,0,,,,,,90930,,0,1347210,14153,,,,,1343863,14143,,0
8/9/20,PR,B,279,161,5,118,,,424,0,,79,305972,0,,,303412,,53,8934,8934,361,0,13187,,,,7002,,,0,314906,361,,,,,,0,310546,0
8/9/20,RI,A+,1015,,0,,2311,2311,93,17,,8,201584,1451,,,375072,,2,19906,19906,74,0,,,,,28674,1900,402375,3399,402375,3399,,,,,221490,1525,403746,3339
8/9/20,SC,A+,2031,1949,24,82,6153,6153,1378,0,,365,685549,6934,51871,,658206,,219,100435,99713,975,0,4011,,,,127056,37798,,0,785984,7909,55882,,,,,0,785262,7904
8/9/20,SD,A,146,,0,,876,876,55,5,,,111292,782,,,,,,9605,,128,0,,,,,,8334,,0,120897,910,,,,,120897,910,152416,1331
8/9/20,TN,A,1223,1184,8,39,5304,5304,1290,42,,,1590408,25507,,,1566388,,,122712,120911,2127,0,,,,,144931,80997,,0,1713120,27634,,,,,,0,1711319,27597
8/9/20,TX,A,8459,,116,,,,7437,0,,2608,4217678,16294,,,,,,486362,486362,4879,0,18561,10294,,,669182,344845,,0,4704040,21173,288928,67839,,,,0,4704040,21173
8/9/20,UT,A+,336,,1,,2620,2620,224,16,669,78,527717,4090,,,648742,274,,44127,44127,376,0,,646,,606,48912,33914,,0,697654,6057,,1816,,1515,571520,4393,697654,6057
8/9/20,VA,A+,2326,2214,4,112,8369,8369,1200,37,,260,1144172,20333,,,,,146,100086,96167,897,0,,,,,115992,12923,1240339,21174,1240339,21174,,,,,,0,,0
8/9/20,VI,C,9,9,0,,,,,0,,,10332,241,,,,,,547,,19,0,,,,,,404,,0,10879,260,,,,,,0,10900,257
8/9/20,VT,B,58,58,0,,,,6,0,,,99083,753,,,,,,1458,1458,5,0,,,,,,1279,,0,131933,1469,,,,,100541,758,131933,1469
8/9/20,WA,B,1688,1688,16,,5896,5896,531,6,,,1138079,4795,,,,,60,65229,64948,674,0,,,,,,,1202997,4990,1202997,4990,,,,,,0,,0
8/9/20,WI,A+,1005,998,2,7,5000,5000,352,20,938,98,993742,6797,,,,,,64835,60554,622,0,,,,,,50028,1401171,13943,1401171,13943,,,,,1054296,7418,,0
8/9/20,WV,B,139,,8,,,,124,0,,50,315378,5021,,,,,15,7694,7536,131,0,,,,,,5678,,0,323072,5152,14766,,,,,0,322914,5151
8/9/20,WY,B,28,,0,,177,177,17,0,,,53625,0,,,87046,,,3050,2533,37,0,,,,,2752,2465,,0,89798,384,,,,,56115,0,89798,384
8/8/20,AK,A,26,26,1,,172,172,37,5,,,269972,4663,,,265804,,4,3621,,79,0,,,,,4195,1254,,0,273593,4742,,,,,,0,273593,4742
8/8/20,AL,B,1735,1674,0,61,11537,11537,1454,0,1228,,651115,0,,,,661,,98387,94827,86,0,,,,,,37923,,0,745942,0,,,,,745942,0,,0
8/8/20,AR,A,521,,0,,3223,3223,523,55,,,503484,0,,,,435,116,48039,48039,0,0,,1085,,,,40360,,0,551523,0,,7090,,,,0,551523,0
8/8/20,AS,C,0,,0,,,,,0,,,1396,0,,,,,,0,0,0,0,,,,,,,,0,1396,0,,,,,,0,1396,0
8/8/20,AZ,A+,4137,3905,56,232,19244,19244,1659,3,,539,830414,10622,,,,,400,186107,184804,1054,0,,,,,,25163,,0,1443202,14424,237810,,,,1015218,11635,1443202,14424
8/8/20,CA,B,10189,,178,,,,6956,0,,2038,8161740,103274,,,,,,545787,545787,7371,0,,,,,,,,0,8707527,110645,,,,,,0,8707527,110645
8/8/20,CO,A,1857,1516,0,341,6602,6602,346,20,,,535556,6318,134180,,,,,50324,47083,431,0,9890,,,,,5507,791022,11352,791022,11352,144070,,,,582639,6745,,0
8/8/20,CT,B,4441,3558,0,883,10920,10920,65,0,,,814313,0,,,,,,50320,48345,0,0,,,,,,8721,,0,864633,0,,,,,,0,862658,0
8/8/20,DC,A+,590,,1,,,,80,0,,17,200681,4545,,,,,8,12653,,64,0,,,,,,10124,213334,4609,213334,4609,,,,,142528,2121,,0
8/8/20,DE,A+,590,520,2,70,,,36,0,,11,180392,1053,,,,,,15502,14502,57,0,,,,,19009,8416,274258,3937,274258,3937,,,,,195894,1110,,0
8/8/20,FL,A,8238,8238,187,,30639,30639,6890,525,,,3419295,40431,381574,375046,4518861,,,518967,,8343,0,27323,,26788,,667997,,5047703,83387,5047703,83387,408950,,401862,,3952028,49018,5212309,77136
8/8/20,GA,A,4186,,69,,20556,20556,2878,274,3739,,1584539,40414,,,,,,213427,213427,4423,0,16252,,,,196573,,,0,1815434,39861,239168,,,,,0,1815434,39861
8/8/20,GU,B,5,,0,,,,3,0,,1,24117,166,,,,,,412,404,1,0,2,,,,,321,,0,24529,167,147,,,,,0,24354,0
8/8/20,HI,C,31,,2,,231,231,102,6,,24,136131,3761,,,,,19,3115,,201,0,,,,,3107,1467,171105,2975,171105,2975,,,,,139246,3962,174717,2018
8/8/20,IA,A+,925,,12,,,,229,0,,58,465264,4429,,38831,,,22,48283,48283,418,0,,,2829,,,36882,,0,513547,4847,,,41699,,516402,4978,,0
8/8/20,ID,A,229,205,6,24,968,968,201,14,276,48,179049,3748,,,,,,23922,22408,523,0,,,,,,8738,,0,201457,4240,,,,,201457,4240,,0
8/8/20,IL,A,7840,7631,18,209,,,1538,0,,338,2839936,45826,,,,,125,193998,192698,2190,0,,,,,,,,0,3033934,48016,,,,,,0,3032634,48016
8/8/20,IN,A+,3036,2834,13,202,9354,9354,960,0,1927,284,755179,10329,,,,,85,73287,,1033,0,,,,,78838,54068,,0,1123961,20914,,,,,828466,11362,1123961,20914
8/8/20,KS,A+,380,,0,,1875,1875,333,0,526,88,285874,0,,,,193,26,30638,,0,0,,,,,,1293,,0,316512,0,,,,,316512,0,,0
8/8/20,KY,B,772,767,8,5,4002,4002,653,27,1258,149,613857,5659,,,,,,34578,32330,782,0,,,,,,8674,,0,646187,6354,44296,459,,,,0,646187,6354
8/8/20,LA,A,4207,4089,0,118,,,1406,0,,,1376256,0,,,,,207,128746,128746,0,0,,,,,,89083,,0,1505002,0,,,,,,0,1505002,0
8/8/20,MA,A+,8721,8500,12,221,12044,12044,386,22,,68,1182033,16269,,,,,30,120711,112173,420,0,,,,,149234,99021,,0,1755478,12031,,,101139,,1294206,16589,1755478,12031
8/8/20,MD,A,3577,3440,12,137,13105,13105,515,58,,127,924942,11924,,93746,,,,94581,94581,775,0,,,8370,,110972,5899,,0,1392724,20807,,,102116,,1019523,12699,1392724,20807
8/8/20,ME,A+,125,124,1,1,393,393,9,0,,4,182375,2667,8584,,180715,,0,4026,3609,12,0,435,,,,5053,3504,,0,186401,2679,9031,,,,,0,185984,2677
8/8/20,MI,A+,6520,6250,-4,270,,,694,0,,232,1978930,37805,,,1978930,,132,96191,86889,721,0,,,,,121918,63636,,0,2075121,38526,227521,,,,,0,2100848,38892
8/8/20,MN,A,1689,1648,8,41,5506,5506,309,48,1603,154,861296,10210,,,,,,60101,60101,916,0,,,,,,52768,1138595,17296,1138595,17296,,,,,921397,11126,,0
8/8/20,MO,B,1301,,0,,,,924,0,,,695361,0,,59384,928188,,108,57379,57379,0,0,,,2324,,66665,,,0,996617,0,,,61708,,752740,0,996617,0
8/8/20,MP,D,2,,0,,4,4,,0,,,12253,-1,,,,,,48,48,1,0,,,,,,29,,0,12301,0,,,,,12301,0,14419,0
8/8/20,MS,A+,1874,1812,26,62,4606,4606,1151,29,,334,426944,5168,,,,,198,66646,65442,1210,0,95,,,,,42391,,0,493590,6378,17226,,,,,0,492386,6315
8/8/20,MT,C,75,,5,,268,268,81,4,,,183957,958,,,,,,4889,4889,132,0,,,,,,3255,,0,188846,1090,,,,,,0,188846,1090
8/8/20,NC,A+,2160,2160,26,,,,1129,0,,335,1835000,28000,,,,,,134766,134766,1954,0,,,,,,105093,,0,1969766,29954,,,,,,0,1969766,29954
8/8/20,ND,C,116,,2,,414,414,49,6,,,159859,1485,7382,,,,,7491,7491,179,0,272,,,,,6268,342078,5577,342078,5577,7654,,,,164963,1890,352530,5873
8/8/20,NE,A,345,,5,,1704,1704,156,16,,,269434,3353,,,347323,,,28104,28104,283,0,,,,,34472,20333,,0,382701,3756,,,,,297832,3634,382701,3756
8/8/20,NH,B,419,,0,,700,700,24,1,209,,164433,2710,,,,,,6818,6818,76,0,,,,,,6049,,0,257597,3075,28372,,27857,,171251,2786,257597,3075
8/8/20,NJ,A+,15792,14016,9,1776,21949,21949,540,0,,94,2068363,-368,,,,,34,184429,184429,368,0,,,,,,32956,,0,2252792,0,,,,,,0,2252792,0
8/8/20,NM,B,681,,6,,2838,2838,127,19,,,598013,7124,,,,,,22115,22115,150,0,,,,,,9262,,0,620128,7274,,,,,,0,620128,7274
8/8/20,NV,A+,949,,29,,,,976,0,,278,457600,5135,,,,,173,55419,55419,886,0,,,,,,,695752,8131,695752,8131,,,,,513036,6299,691615,12133
8/8/20,NY,A,25195,,5,,89995,89995,573,0,,133,6023487,74154,,,,,64,420345,420345,703,0,,,,,,73609,6443832,74857,6443832,74857,,,,,,0,,0
8/8/20,OH,B,3668,3396,16,272,11516,11516,936,69,2654,363,1544524,20104,,,,,185,99969,94671,1294,0,,,,,,77429,,0,1644493,21398,,,,,,0,1639195,21373
8/8/20,OK,A+,603,,3,,3594,3594,594,39,,223,650485,6925,,,650485,,,43080,43080,825,0,2446,,,,49186,35745,,0,693565,7750,62502,,,,,0,700981,7672
8/8/20,OR,A+,355,,7,,1758,1758,204,0,,51,417057,0,,,652352,,18,21010,19562,374,0,,,,,38686,4111,,0,691038,2558,,,,,436619,0,691038,2558
8/8/20,PA,A+,7313,,16,,,,634,0,,,1214965,15345,,,,,106,118092,114755,813,0,,,,,,90930,,0,1333057,16158,,,,,1329720,16131,,0
8/8/20,PR,B,274,158,9,116,,,399,0,,77,305972,0,,,303412,,54,8573,8573,343,0,12851,,,,7002,,,0,314545,343,,,,,,0,310546,0
8/8/20,RI,A+,1015,,1,,2294,2294,82,18,,9,200133,1898,,,371831,,2,19832,19832,94,0,,,,,28576,1895,398976,4227,398976,4227,,,,,219965,1992,400407,4609
8/8/20,SC,A+,2007,1931,45,76,6153,6153,1402,0,,357,678615,8873,51720,,651353,,234,99460,98743,1241,0,3993,,,,126005,37798,,0,778075,10114,55713,,,,,0,777358,10062
8/8/20,SD,A,146,,2,,871,871,48,5,,,110510,1154,,,,,,9477,,106,0,,,,,,8307,,0,119987,1260,,,,,119987,1260,151085,1741
8/8/20,TN,A,1215,1176,9,39,5262,5262,1393,72,,,1564901,21651,,,1541272,,,120585,118821,1803,0,,,,,142450,80340,,0,1685486,23454,,,,,,0,1683722,23385
8/8/20,TX,A,8343,,247,,,,7872,0,,2730,4201384,30232,,,,,,481483,481483,6959,0,16924,10237,,,666361,338343,,0,4682867,37191,280434,67137,,,,0,4682867,37191
8/8/20,UT,A+,335,,0,,2604,2604,222,26,667,77,523627,4263,,,643020,272,,43751,43751,376,0,,632,,595,48577,33115,,0,691597,6477,,1776,,1484,567127,4666,691597,6477
8/8/20,VA,A+,2322,2211,5,111,8332,8332,1258,51,,271,1123839,12976,,,,,145,99189,95326,1307,0,,,,,115088,12843,1219165,14161,1219165,14161,,,,,,0,,0
8/8/20,VI,C,9,9,0,,,,,0,,,10091,114,,,,,,528,,6,0,,,,,,404,,0,10619,120,,,,,,0,10643,123
8/8/20,VT,B,58,58,0,,,,8,0,,,98330,790,,,,,,1453,1453,6,0,,,,,,1272,,0,130464,1202,,,,,99783,796,130464,1202
8/8/20,WA,B,1672,1672,19,,5890,5890,551,16,,,1133284,8976,,,,,56,64555,64287,732,0,,,,,,,1198007,9342,1198007,9342,,,,,,0,,0
8/8/20,WI,A+,1003,996,6,7,4980,4980,338,50,937,104,986945,11997,,,,,,64213,59933,1185,0,,,,,,49283,1387228,17797,1387228,17797,,,,,1046878,13162,,0
8/8/20,WV,B,131,,4,,,,121,0,,46,310357,5113,,,,,15,7563,7406,130,0,,,,,,5609,,0,317920,5243,14705,,,,,0,317763,5242
8/8/20,WY,B,28,,0,,177,177,17,1,,,53625,0,,,86671,,,3013,2498,13,0,,,,,2743,2462,,0,89414,455,,,,,56115,0,89414,455
8/7/20,AK,A,25,25,0,,167,167,37,3,,,265309,7224,,,261152,,3,3542,,55,0,,,,,4124,1238,,0,268851,7279,,,,,,0,268851,7279
8/7/20,AL,B,1735,1674,21,61,11537,11537,1403,224,1219,,651115,7923,,,,658,,98301,94827,1709,0,,,,,,37923,,0,745942,9348,,,,,745942,9348,,0
8/7/20,AR,A,521,,6,,3168,3168,514,50,,,503484,10676,,,,429,111,48039,48039,1011,0,,1085,,,,40360,,0,551523,12422,,7090,,,,0,551523,12422
8/7/20,AS,C,0,,0,,,,,0,,,1396,0,,,,,,0,0,0,0,,,,,,,,0,1396,0,,,,,,0,1396,0
8/7/20,AZ,A+,4081,3860,79,221,19241,19241,1772,5173,,565,819792,7575,,,,,411,185053,183791,1406,0,,,,,,24815,,0,1428778,14691,236405,,,,1003583,8958,1428778,14691
8/7/20,CA,B,10011,,142,,,,7277,0,,1978,8058466,87983,,,,,,538416,538416,8436,0,,,,,,,,0,8596882,96419,,,,,,0,8596882,96419
8/7/20,CO,A,1857,1516,5,341,6582,6582,317,10,,,529238,7311,133273,,,,,49893,46656,457,0,9795,,,,,5490,779670,13197,779670,13197,143068,,,,575894,7767,,0
8/7/20,CT,B,4441,3558,4,883,10920,10920,65,0,,,814313,7460,,,,,,50320,48345,75,0,,,,,,8721,,0,864633,7535,,,,,,0,862658,7532
8/7/20,DC,A+,589,,2,,,,90,0,,18,196136,2671,,,,,12,12589,,71,0,,,,,,10118,208725,2742,208725,2742,,,,,140407,1564,,0
8/7/20,DE,A+,588,518,1,70,,,37,0,,15,179339,2001,,,,,,15445,14447,80,0,,,,,18915,8392,270321,2800,270321,2800,,,,,194784,2081,,0
8/7/20,FL,A,8051,8051,180,,30114,30114,7144,599,,,3378864,31890,339059,334221,4453694,,,510624,,7541,0,19175,,18780,,656841,,4964316,73757,4964316,73757,358283,,353026,,3903010,39734,5135173,61294
8/7/20,GA,A,4117,,91,,20282,20282,2981,280,3700,,1544125,24258,,,,,,209004,209004,4109,0,15910,,,,192226,,,0,1775573,23598,236570,,,,,0,1775573,23598
8/7/20,GU,B,5,,0,,,,3,0,,1,23951,471,,,,,,411,403,14,0,2,,,,,321,,0,24362,485,147,,,,,0,24354,485
8/7/20,HI,C,29,,2,,225,225,117,11,,21,132370,224,,,,,14,2914,,151,0,,,,,2893,1440,168130,3403,168130,3403,,,,,135284,375,172699,4277
8/7/20,IA,A+,913,,5,,,,223,0,,65,460835,5076,,38270,,,25,47865,47865,504,0,,,2821,,,36322,,0,508700,5580,,,41130,,511424,5652,,0
8/7/20,ID,A,223,199,6,24,954,954,242,23,269,42,175301,3415,,,,,,23399,21916,692,0,,,,,,8486,,0,197217,4063,,,,,197217,4063,,0
8/7/20,IL,A,7822,7613,31,209,,,1486,0,,333,2794110,44785,,,,,125,191808,190508,2103,0,,,,,,,,0,2985918,46888,,,,,,0,2984618,46869
8/7/20,IN,A+,3023,2821,10,202,9354,9354,990,87,1927,295,744850,11520,,,,,76,72254,,1239,0,,,,,77694,54068,,0,1103047,19868,,,,,817104,12759,1103047,19868
8/7/20,KS,A+,380,,12,,1875,1875,333,54,526,88,285874,6873,,,,193,26,30638,,921,0,,,,,,1293,,0,316512,7794,,,,,316512,7794,,0
8/7/20,KY,B,764,760,4,4,3975,3975,717,51,1254,136,608198,9008,,,,,,33796,31635,542,0,,,,,,8589,,0,639833,9497,44093,430,,,,0,639833,9497
8/7/20,LA,A,4207,4089,61,118,,,1406,0,,,1376256,18530,,,,,207,128746,128746,1500,0,,,,,,89083,,0,1505002,20030,,,,,,0,1505002,20030
8/7/20,MA,A+,8709,8488,18,221,12022,12022,390,15,,69,1165764,14420,,,,,30,120291,111853,417,0,,,,,149046,99021,,0,1743447,21888,,,100383,,1277617,14740,1743447,21888
8/7/20,MD,A,3565,3429,14,136,13047,13047,528,69,,135,913018,13882,,93746,,,,93806,93806,801,0,,,8370,,110068,5838,,0,1371917,28583,,,102116,,1006824,14683,1371917,28583
8/7/20,ME,A+,124,123,0,1,393,393,10,3,,5,179708,2789,8571,,178061,,1,4014,3599,17,0,433,,,,5034,3479,,0,183722,2806,9016,,,,,0,183307,2806
8/7/20,MI,A+,6524,6247,18,277,,,694,0,,232,1941125,29203,,,1941125,,132,95470,86191,814,0,,,,,120831,60022,,0,2036595,30017,225674,,,,,0,2061956,30302
8/7/20,MN,A,1681,1640,4,41,5458,5458,300,37,1592,155,851086,10246,,,,,,59185,59185,545,0,,,,,,51940,1121299,16205,1121299,16205,,,,,910271,10791,,0
8/7/20,MO,B,1301,,21,,,,930,0,,,695361,9433,,59384,928188,,113,57379,57379,996,0,,,2324,,66665,,,0,996617,28486,,,61708,,752740,10429,996617,28486
8/7/20,MP,D,2,,0,,4,4,,0,,,12254,0,,,,,,47,47,0,0,,,,,,29,,0,12301,0,,,,,12301,0,14419,0
8/7/20,MS,A+,1848,1793,23,55,4577,4577,1136,66,,335,421776,3635,,,,,191,65436,64295,1036,0,95,,,,,42391,,0,487212,4671,17096,,,,,0,486071,4628
8/7/20,MT,C,70,,5,,264,264,84,5,,,182999,1786,,,,,,4757,4757,155,0,,,,,,3122,,0,187756,1941,,,,,,0,187756,1941
8/7/20,NC,A+,2134,2134,42,,,,1123,0,,339,1807000,33517,,,,,,132812,132812,1545,0,,,,,,105093,,0,1939812,35062,,,,,,0,1939812,35062
8/7/20,ND,C,114,,1,,408,408,48,8,,,158374,1832,7337,,,,,7312,7312,149,0,272,,,,,6164,336501,5497,336501,5497,7609,,,,163073,2054,346657,5724
8/7/20,NE,A,340,,5,,1688,1688,151,7,,,266081,3389,,,343825,,,27821,27821,332,0,,,,,34224,20176,,0,378945,5802,,,,,294198,3721,378945,5802
8/7/20,NH,B,419,,1,,699,699,21,1,209,,161723,1035,,,,,,6742,6742,23,0,,,,,,5941,,0,254522,3013,28241,,27611,,168465,1058,254522,3013
8/7/20,NJ,A+,15783,14007,11,1776,21949,21949,551,384,,120,2068731,22187,,,,,73,184061,184061,360,0,,,,,,32956,,0,2252792,22547,,,,,,0,2252792,22547
8/7/20,NM,B,675,,6,,2819,2819,132,16,,,590889,8280,,,,,,21965,21965,192,0,,,,,,9166,,0,612854,8472,,,,,,0,612854,8472
8/7/20,NV,A+,920,,20,,,,1035,0,,289,452465,5827,,,,,178,54533,54533,976,0,,,,,,,687621,7453,687621,7453,,,,,506737,7131,679482,12492
8/7/20,NY,A,25190,,5,,89995,89995,579,0,,139,5949333,69456,,,,,66,419642,419642,714,0,,,,,,73530,6368975,70170,6368975,70170,,,,,,0,,0
8/7/20,OH,B,3652,3381,34,271,11447,11447,956,81,2641,334,1524420,23852,,,,,190,98675,93402,1204,0,,,,,,75975,,0,1623095,25056,,,,,,0,1617822,24981
8/7/20,OK,A+,600,,7,,3555,3555,561,58,,216,643560,10308,,,643560,,,42255,42255,854,0,2272,,,,48461,35001,,0,685815,11162,60293,,,,,0,693309,11461
8/7/20,OR,A+,348,,9,,1758,1758,204,15,,51,417057,5020,,,650249,,18,20636,19562,411,0,,,,,38231,4111,,0,688480,6489,,,,,436619,5420,688480,6489
8/7/20,PA,A+,7297,,15,,,,651,0,,,1199620,15890,,,,,99,117279,113969,758,0,,,,,,90304,,0,1316899,16648,,,,,1313589,16618,,0
8/7/20,PR,B,265,149,7,116,,,440,0,,73,305972,0,,,303412,,58,8230,8230,406,0,12456,,,,7002,,,0,314202,406,,,,,,0,310546,0
8/7/20,RI,A+,1014,,0,,2276,2276,84,12,,10,198235,2123,,,367327,,4,19738,19738,127,0,,,,,28471,1876,394749,4780,394749,4780,,,,,217973,2250,395798,5320
8/7/20,SC,A+,1962,1883,19,79,6153,6153,1415,354,,358,669742,10394,51277,,642972,,231,98219,97554,1422,0,3905,,,,124324,37798,,0,767961,11816,55182,,,,,0,767296,11816
8/7/20,SD,A,144,,3,,866,866,47,5,,,109356,1055,,,,,,9371,,98,0,,,,,,8244,,0,118727,1153,,,,,118727,1153,149344,2008
8/7/20,TN,A,1206,1167,20,39,5190,5190,1406,81,,,1543250,24409,,,1520171,,,118782,117087,2432,0,,,,,140166,79357,,0,1662032,26841,,,,,,0,1660337,26695
8/7/20,TX,A,8096,,293,,,,8065,0,,2742,4171152,31850,,,,,,474524,474524,7039,0,15364,10150,,,661709,331668,,0,4645676,38889,276849,65737,,,,0,4645676,38889
8/7/20,UT,A+,335,,5,,2578,2578,234,24,657,81,519364,4865,,,636994,269,,43375,43375,460,0,,618,,582,48126,32371,,0,685120,7637,,1723,,1438,562461,5275,685120,7637
8/7/20,VA,A+,2317,2208,18,109,8281,8281,1372,98,,284,1110863,11803,,,,,159,97882,94141,2015,0,,,,,113903,12725,1205004,13700,1205004,13700,,,,,,0,,0
8/7/20,VI,C,9,9,0,,,,,0,,,9977,103,,,,,,522,,21,0,,,,,,398,,0,10499,124,,,,,,0,10520,133
8/7/20,VT,B,58,58,0,,,,6,0,,,97540,871,,,,,,1447,1447,1,0,,,,,,1260,,0,129262,1388,,,,,98987,872,129262,1388
8/7/20,WA,B,1653,1653,29,,5874,5874,505,34,,,1124308,14356,,,,,50,63823,63567,768,0,,,,,,,1188665,15015,1188665,15015,,,,,,0,,0
8/7/20,WI,A+,997,990,12,7,4930,4930,350,49,931,121,974948,13097,,,,,,63028,58768,1043,0,,,,,,48244,1369431,21150,1369431,21150,,,,,1033716,14086,,0
8/7/20,WV,B,127,,3,,,,122,0,,46,305244,5112,,,,,14,7433,7277,156,0,,,,,,5510,,0,312677,5268,14597,,,,,0,312521,5266
8/7/20,WY,B,28,,1,,176,176,17,5,,,53625,475,,,86224,,,3000,2490,42,0,,,,,2735,2420,,0,88959,1264,,,,,56115,516,88959,1264
8/6/20,AK,A,25,25,0,,164,164,42,3,,,258085,4253,,,253987,,2,3487,,40,0,,,,,4024,1220,,0,261572,4293,,,,,,0,261572,4293
8/6/20,AL,B,1714,1654,19,60,11313,11313,1613,213,1211,,643192,10386,,,,654,,96592,93402,1938,0,,,,,,37923,,0,736594,12012,,,,,736594,12012,,0
8/6/20,AR,A,515,,7,,3118,3118,514,0,,,492808,4290,,,,424,111,47028,47028,735,0,,1085,,,,39555,,0,539101,5202,,7090,,,,0,539101,5202
8/6/20,AS,C,0,,0,,,,,0,,,1396,0,,,,,,0,0,0,0,,,,,,,,0,1396,0,,,,,,0,1396,0
8/6/20,AZ,A+,4002,3786,70,216,14068,14068,1879,509,,593,812217,8878,,,,,427,183647,182408,1444,0,,,,,,24531,,0,1414087,16491,235088,,,,994625,10293,1414087,16491
8/6/20,CA,B,9869,,166,,,,7485,0,,2026,7970483,85805,,,,,,529980,529980,5258,0,,,,,,,,0,8500463,91063,,,,,,0,8500463,91063
8/6/20,CO,A,1852,1511,1,341,6572,6572,317,36,,,521927,5596,132390,,,,,49436,46200,448,0,9726,,,,,5490,766473,11829,766473,11829,142116,,,,568127,6041,,0
8/6/20,CT,B,4437,3555,0,882,10920,10920,66,113,,,806853,8969,,,,,,50245,48273,20,0,,,,,,8721,,0,857098,8989,,,,,,0,855126,8984
8/6/20,DC,A+,587,,0,,,,98,0,,23,193465,3083,,,,,12,12518,,75,0,,,,,,10094,205983,3158,205983,3158,,,,,138843,1597,,0
8/6/20,DE,A+,587,517,0,70,,,45,0,,15,177338,1934,,,,,,15365,14368,69,0,,,,,18853,8365,267521,1502,267521,1502,,,,,192703,2003,,0
8/6/20,FL,A,7871,7871,120,,29515,29515,7459,559,,,3346974,34829,339059,334221,4403366,,,503083,,7573,0,19175,,18780,,646583,,4890559,88745,4890559,88745,358283,,353026,,3863276,42593,5073879,69309
8/6/20,GA,A,4026,,42,,20002,20002,3006,214,3647,,1519867,26356,,,,,,204895,204895,3182,0,15596,,,,188992,,,0,1751975,25274,234055,,,,,0,1751975,25274
8/6/20,GU,B,5,,0,,,,3,0,,1,23480,434,,,,,,397,389,8,0,2,,,,,321,,0,23877,442,147,,,,,0,23869,442
8/6/20,HI,C,27,,0,,214,214,83,6,,15,132146,2211,,,,,13,2763,,172,0,,,,,2717,1402,164727,3327,164727,3327,,,,,134909,2383,168422,3246
8/6/20,IA,A+,908,,9,,,,237,0,,68,455759,5990,,37716,,,32,47361,47361,702,0,,,2808,,,35548,,0,503120,6692,,,40563,,505772,6823,,0
8/6/20,ID,A,217,194,7,23,931,931,242,25,262,42,171886,2233,,,,,,22707,21268,473,0,,,,,,8207,,0,193154,2634,,,,,193154,2634,,0
8/6/20,IL,A,7791,7594,21,197,,,1517,0,,346,2749325,39733,,,,,132,189705,188424,1953,0,,,,,,,,0,2939030,41686,,,,,,0,2937749,41686
8/6/20,IN,A+,3013,2811,6,202,9267,9267,1009,119,1923,301,733330,11080,,,,,82,71015,,1040,0,,,,,76537,53301,,0,1083179,19347,,,,,804345,12120,1083179,19347
8/6/20,KS,A+,368,,0,,1821,1821,358,0,516,78,279001,0,,,,190,25,29717,,0,0,,,,,,1254,,0,308718,0,,,,,308718,0,,0
8/6/20,KY,B,760,756,8,4,3924,3924,701,21,1248,140,599190,11109,,,,,,33254,31146,513,0,,,,,,8523,,0,630336,11543,44033,387,,,,0,630336,11543
8/6/20,LA,A,4146,4028,50,118,,,1457,0,,,1357726,13802,,,,,215,127246,127246,1303,0,,,,,,89083,,0,1484972,15105,,,,,,0,1484972,15105
8/6/20,MA,A+,8691,8470,32,221,12007,12007,403,14,,73,1151344,11393,,,,,32,119874,111533,231,0,,,,,148701,99021,,0,1721559,23143,,,99768,,1262877,11555,1721559,23143
8/6/20,MD,A,3551,3415,15,136,12978,12978,535,56,,139,899136,9167,,93746,,,,93005,93005,579,0,,,8370,,109142,5790,,0,1343334,16699,,,102116,,992141,9746,1343334,16699
8/6/20,ME,A+,124,123,0,1,390,390,11,0,,3,176919,2666,8540,,175279,,1,3997,3582,5,0,430,,,,5010,3475,,0,180916,2671,8982,,,,,0,180501,2680
8/6/20,MI,A+,6506,6247,28,259,,,694,0,,232,1911922,25343,,,1911922,,132,94656,85429,763,0,,,,,119732,60022,,0,2006578,26106,223982,,,,,0,2031654,26160
8/6/20,MN,A,1677,1636,7,41,5421,5421,319,48,1583,153,840840,10996,,,,,,58640,58640,861,0,,,,,,51604,1105094,14791,1105094,14791,,,,,899480,11857,,0
8/6/20,MO,B,1280,,8,,,,966,0,,,685928,10675,,58960,901518,,110,56383,56383,1062,0,,,2293,,64892,,,0,968131,10268,,,61253,,742311,11737,968131,10268
8/6/20,MP,D,2,,0,,4,4,,0,,,12254,-1,,,,,,47,47,1,0,,,,,,29,,0,12301,0,,,,,12301,0,14419,0
8/6/20,MS,A+,1825,1772,21,53,4511,4511,1184,39,,337,418141,3763,,,,,193,64400,63302,956,0,95,,,,,42391,,0,482541,4719,17031,,,,,0,481443,4681
8/6/20,MT,C,65,,0,,259,259,87,11,,,181213,2518,,,,,,4602,4602,173,0,,,,,,2964,,0,185815,2691,,,,,,0,185815,2691
8/6/20,NC,A+,2092,2092,42,,,,1147,0,,333,1773483,29103,,,,,,131267,131267,1979,0,,,,,,105093,,0,1904750,31082,,,,,,0,1904750,31082
8/6/20,ND,C,113,,1,,400,400,46,6,,,156542,1585,7290,,,,,7163,7163,122,0,271,,,,,5949,331004,5178,331004,5178,7561,,,,161019,1454,340933,5342
8/6/20,NE,A,335,,3,,1681,1681,148,37,,,262692,2765,,,338496,,,27489,27489,311,0,,,,,33756,19885,,0,373143,5392,,,,,290477,3083,373143,5392
8/6/20,NH,B,418,,0,,698,698,20,0,209,,160688,1405,,,,,,6719,6719,26,0,,,,,,5923,,0,251509,2503,28108,,27506,,167407,1431,251509,2503
8/6/20,NJ,A+,15772,13996,7,1776,21565,21565,754,0,,129,2046544,42853,,,,,54,183701,183701,374,0,,,,,,32811,,0,2230245,43227,,,,,,0,2230245,43227
8/6/20,NM,B,669,,2,,2803,2803,138,22,,,582609,6767,,,,,,21773,21773,207,0,,,,,,8950,,0,604382,6974,,,,,,0,604382,6974
8/6/20,NV,A+,900,,10,,,,1117,0,,307,446638,8349,,,,,208,53557,53557,729,0,,,,,,,680168,8646,680168,8646,,,,,499606,10359,666990,16369
8/6/20,NY,A,25185,,6,,89995,89995,570,0,,132,5879877,71667,,,,,69,418928,418928,703,0,,,,,,73472,6298805,72370,6298805,72370,,,,,,0,,0
8/6/20,OH,B,3618,3348,22,270,11366,11366,979,135,2627,342,1500568,22260,,,,,182,97471,92273,1166,0,,,,,,74612,,0,1598039,23426,,,,,,0,1592841,23362
8/6/20,OK,A+,593,,10,,3497,3497,643,52,,216,633252,9086,,,633252,,,41401,41401,837,0,2272,,,,47329,34320,,0,674653,9923,60293,,,,,0,681848,10136
8/6/20,OR,A+,339,,1,,1743,1743,230,17,,58,412037,5214,,,644351,,29,20225,19162,246,0,,,,,37640,4065,,0,681991,10036,,,,,431199,5440,681991,10036
8/6/20,PA,A+,7282,,38,,,,663,0,,,1183730,14719,,,,,98,116521,113241,807,0,,,,,,88555,,0,1300251,15526,,,,,1296971,15498,,0
8/6/20,PR,B,258,144,12,114,,,456,0,,76,305972,0,,,303412,,53,7824,7824,140,0,12110,,,,7002,,,0,313796,140,,,,,,0,310546,0
8/6/20,RI,A+,1014,,2,,2264,2264,83,16,,11,196112,2058,,,362179,,4,19611,19611,130,0,,,,,28299,1866,389969,5482,389969,5482,,,,,215723,2188,390478,5576
8/6/20,SC,A+,1943,1863,49,80,5799,5799,1492,0,,356,659348,6198,50726,,633202,,276,96797,96132,1325,0,3761,,,,122278,32859,,0,756145,7523,54487,,,,,0,755480,7493
8/6/20,SD,B,141,,4,,861,861,44,5,,,108301,1095,,,,,,9273,,105,0,,,,,,8145,,0,117574,1200,,,,,117574,1200,147336,1781
8/6/20,TN,A,1186,1147,42,39,5109,5109,1497,108,,,1518841,20894,,,1496365,,,116350,114801,2252,0,,,,,137277,77558,,0,1635191,23146,,,,,,0,1633642,23038
8/6/20,TX,A,7803,,306,,,,8302,0,,2917,4139302,33619,,,,,,467485,467485,7598,0,15364,10048,,,656891,323804,,0,4606787,41217,276849,64236,,,,0,4606787,41217
8/6/20,UT,A+,330,,3,,2554,2554,220,35,657,80,514499,4368,,,629830,266,,42915,42915,587,0,,600,,564,47653,31619,,0,677483,7130,,1671,,1393,557186,4817,677483,7130
8/6/20,VA,A+,2299,2191,25,108,8183,8183,1349,57,,284,1099060,14353,,,,,157,95867,92244,818,0,,,,,112844,12635,1191304,15124,1191304,15124,,,,,,0,,0
8/6/20,VI,C,9,9,1,,,,,0,,,9874,252,,,,,,501,,20,0,,,,,,384,,0,10375,272,,,,,,0,10387,258
8/6/20,VT,B,58,58,1,,,,6,0,,,96669,988,,,,,,1446,1446,10,0,,,,,,1258,,0,127874,1596,,,,,98115,998,127874,1596
8/6/20,WA,B,1624,1624,5,,5840,5840,518,61,,,1109952,13883,,,,,58,63055,62811,872,0,,,,,,,1173650,14589,1173650,14589,,,,,,-1009486,,0
8/6/20,WI,A+,985,978,8,7,4881,4881,330,55,927,121,961851,16867,,,,,,61985,57779,875,0,,,,,,47221,1348281,21856,1348281,21856,,,,,1019630,17706,,0
8/6/20,WV,B,124,,0,,,,123,0,,47,300132,4697,,,,,11,7277,7123,118,0,,,,,,5330,,0,307409,4815,14524,,,,,0,307255,4812
8/6/20,WY,B,27,,0,,171,171,16,2,,,53150,359,,,84993,,,2958,2449,35,0,,,,,2702,2366,,0,87695,1188,,,,,55599,384,87695,1188
8/5/20,AK,A,25,25,0,,161,161,38,3,,,253832,4575,,,,,2,3447,,55,0,,,,,,1017,,0,257279,4630,,,,,,0,257279,4630
8/5/20,AL,B,1695,1639,29,56,11100,11100,1572,0,1200,,632806,4207,,,,645,,94654,91776,952,0,,,,,,37923,,0,724582,5093,,,,,724582,5093,,0
8/5/20,AR,A,508,,18,,3118,3118,516,64,,,488518,0,,,,424,106,46293,46293,912,0,,1085,,,,38848,,0,533899,0,,7090,,,,0,533899,0
8/5/20,AS,C,0,,0,,,,,0,,,1396,129,,,,,,0,0,0,0,,,,,,,,0,1396,129,,,,,,0,1396,129
8/5/20,AZ,A+,3932,3717,87,215,13559,13559,1945,265,,618,803339,12600,,,,,455,182203,180993,1698,0,,,,,,24222,,0,1397596,15857,233685,,,,984332,13088,1397596,15857
8/5/20,CA,B,9703,,202,,,,7552,0,,2005,7884678,98392,,,,,,524722,524722,5295,0,,,,,,,,0,8409400,103687,,,,,,0,8409400,103687
8/5/20,CO,A,1851,1510,2,341,6536,6536,320,20,,,516331,9303,131650,,,,,48988,45755,594,0,9661,,,,,5471,754644,27618,754644,27618,141311,,,,562086,9881,,0
8/5/20,CT,B,4437,3555,0,882,10807,10807,59,0,,,797884,11723,,,,,,50225,48258,115,0,,,,,,8613,,0,848109,11838,,,,,,0,846142,11839
8/5/20,DC,A+,587,,0,,,,97,0,,21,190382,2653,,,,,13,12443,,45,0,,,,,,10015,202825,2698,202825,2698,,,,,137246,1505,,0
8/5/20,DE,A+,587,517,0,70,,,47,0,,4,175404,1233,,,,,,15296,14299,159,0,,,,,18796,8339,266019,3448,266019,3448,,,,,190700,1392,,0
8/5/20,FL,A,7751,7751,225,,28956,28956,7615,623,,,3312145,25017,339059,334221,4344367,,,495510,,5424,0,19175,,18780,,637404,,4801814,48947,4801814,48947,358283,,353026,,3820683,30481,5004570,46760
8/5/20,GA,A,3984,,63,,19788,19788,3077,362,3616,,1493511,27047,,,,,,201713,201713,3765,0,15410,,,,186174,,,0,1726701,30856,231824,,,,,0,1726701,30856
8/5/20,GU,B,5,,0,,,,3,0,,,23046,498,,,,,,389,381,14,0,2,,,,,319,,0,23435,512,146,,,,,0,23427,513
8/5/20,HI,C,27,,1,,208,208,83,7,,15,129935,1671,,,,,13,2591,,143,0,,,,,2561,1354,161400,2307,161400,2307,,,,,132526,1814,165176,2391
8/5/20,IA,A+,899,,11,,,,248,0,,77,449769,5440,,36911,,,34,46659,46659,617,0,,,2796,,,34733,,0,496428,6057,,,39746,,498949,6432,,0
8/5/20,ID,A,210,187,10,23,906,906,195,20,260,39,169653,3550,,,,,,22234,20867,559,0,,,,,,7875,,0,190520,4045,,,,,190520,4045,,0
8/5/20,IL,A,7770,7573,28,197,,,1552,0,,368,2709592,44909,,,,,129,187752,186471,1759,0,,,,,,,,0,2897344,46668,,,,,,0,2896063,46668
8/5/20,IN,A+,3007,2805,11,202,9148,9148,923,0,1894,308,722250,6487,,,,,93,69975,,720,0,,,,,75398,51709,,0,1063832,19817,,,,,792225,7207,1063832,19817
8/5/20,KS,A+,368,,3,,1821,1821,358,39,516,78,279001,6038,,,,190,25,29717,,841,0,,,,,,1254,,0,308718,6879,,,,,308718,6879,,0
8/5/20,KY,B,752,748,1,4,3903,3903,620,52,1239,131,588081,12423,,,,,,32741,30712,544,0,,,,,,8467,,0,618793,12897,43944,363,,,,0,618793,12897
8/5/20,LA,A,4096,3978,45,118,,,1471,0,,,1343924,18528,,,,,223,125943,125943,1482,0,,,,,,89083,,0,1469867,20010,,,,,,0,1469867,20010
8/5/20,MA,A+,8659,8438,2,221,11993,11993,396,20,,57,1139951,16878,,,,,21,119643,111371,440,0,,,,,148290,99021,,0,1698416,25338,,,99170,,1251322,17216,1698416,25338
8/5/20,MD,A,3536,3402,6,134,12922,12922,555,34,,134,889969,9477,,93746,,,,92426,92426,572,0,,,8370,,108502,5749,,0,1326635,21762,,,102116,,982395,10049,1326635,21762
8/5/20,ME,A+,124,123,1,1,390,390,10,2,,4,174253,2467,8514,,172622,,1,3992,3568,17,0,426,,,,4988,3456,,0,178245,2484,8952,,,,,0,177821,2487
8/5/20,MI,A+,6478,6221,7,257,,,694,0,,232,1886579,25339,,,1886579,,132,93893,84707,718,0,,,,,118915,60022,,0,1980472,26057,222019,,,,,0,2005494,26237
8/5/20,MN,A,1670,1629,10,41,5373,5373,305,27,1575,152,829844,8895,,,,,,57779,57779,617,0,,,,,,51223,1090303,11608,1090303,11608,,,,,887623,9512,,0
8/5/20,MO,B,1272,,6,,,,882,0,,,675253,7810,,58514,892311,,101,55321,55321,1241,0,,,2265,,63881,,,0,957863,10940,,,60779,,730574,9051,957863,10940
8/5/20,MP,D,2,,0,,4,4,,0,,,12255,0,,,,,,46,46,0,0,,,,,,29,,0,12301,0,,,,,12301,0,14419,0
8/5/20,MS,A+,1804,1754,51,50,4472,4472,1179,48,,329,414378,12786,,,,,192,63444,62384,1245,0,95,,,,,42391,,0,477822,14031,17016,,,,,0,476762,16168
8/5/20,MT,C,65,,1,,248,248,79,10,,,178695,1773,,,,,,4429,4429,115,0,,,,,,2820,,0,183124,1888,,,,,,0,183124,1888
8/5/20,NC,A+,2050,2050,40,,,,1167,0,,346,1744380,18515,,,,,,129288,129288,1127,0,,,,,,105093,,0,1873668,19642,,,,,,0,1873668,19642
8/5/20,ND,C,112,,1,,394,394,42,5,,,154957,1420,7226,,,,,7041,7041,122,0,268,,,,,5837,325826,5431,325826,5431,7494,,,,159565,1557,335591,5723
8/5/20,NE,A,332,,0,,1644,1644,151,0,,,259927,3024,,,333519,,,27178,27178,222,0,,,,,33354,19764,,0,367751,3159,,,,,287394,3249,367751,3159
8/5/20,NH,B,418,,1,,698,698,23,1,209,,159283,1107,,,,,,6693,6693,33,0,,,,,,5915,,0,249006,2415,27977,,27364,,165976,1140,249006,2415
8/5/20,NJ,A+,15765,13989,7,1776,21565,21565,784,0,,117,2003691,21725,,,,,47,183327,183327,357,0,,,,,,32749,,0,2187018,22082,,,,,,0,2187018,22438
8/5/20,NM,B,667,,9,,2781,2781,138,28,,,575842,6357,,,,,,21566,21566,226,0,,,,,,8828,,0,597408,6583,,,,,,0,597408,6583
8/5/20,NV,A+,890,,28,,,,1148,0,,320,438289,1381,,,,,214,52828,52828,649,0,,,,,,,671522,8525,671522,8525,,,,,489247,1645,650621,2944
8/5/20,NY,A,25179,,4,,89995,89995,564,0,,134,5808210,72032,,,,,69,418225,418225,636,0,,,,,,73410,6226435,72668,6226435,72668,,,,,,0,,0
8/5/20,OH,B,3596,3326,26,270,11231,11231,1004,112,2609,340,1478308,17602,,,,,189,96305,91171,1199,0,,,,,,72950,,0,1574613,18801,,,,,,0,1569479,18732
8/5/20,OK,A+,583,,17,,3445,3445,645,70,,207,624166,6353,,,624166,,,40564,40564,1101,0,2272,,,,46281,33383,,0,664730,7454,60293,,,,,0,671712,7133
8/5/20,OR,A+,338,,5,,1726,1726,228,38,,60,406823,6608,,,636968,,25,19979,18936,280,0,,,,,34987,4037,,0,671955,8860,,,,,425759,6890,671955,8860
8/5/20,PA,A+,7244,,12,,,,639,0,,,1169011,12491,,,,,102,115714,112462,705,0,,,,,,87942,,0,1284725,13196,,,,,1281473,13173,,0
8/5/20,PR,B,246,133,9,113,,,507,0,,73,305972,0,,,303412,,54,7684,7684,271,0,11967,,,,7002,,,0,313656,271,,,,,,0,310546,0
8/5/20,RI,A+,1012,,1,,2248,2248,79,6,,14,194054,1491,,,356757,,5,19481,19481,91,0,,,,,28145,1855,384487,3514,384487,3514,,,,,213535,1582,384902,3424
8/5/20,SC,A+,1894,1819,47,75,5799,5799,1469,0,,363,653150,6883,50496,,627272,,270,95472,94837,1282,0,3736,,,,120715,32859,,0,748622,8165,54232,,,,,0,747987,8116
8/5/20,SD,B,137,,1,,856,856,43,10,,,107206,904,,,,,,9168,,89,0,,,,,,8080,,0,116374,993,,,,,116374,993,145555,1575
8/5/20,TN,A,1144,1104,27,40,5001,5001,1448,101,,,1497947,17738,,,1475866,,,114098,112657,1657,0,,,,,134738,75550,,0,1612045,19395,,,,,,0,1610604,19294
8/5/20,TX,A,7497,,236,,,,8455,0,,2917,4105683,41519,,,,,,459887,459887,8706,0,14535,9955,,,651967,315652,,0,4565570,50225,268978,62531,,,,0,4565570,50225
8/5/20,UT,A+,327,,6,,2519,2519,220,37,650,81,510131,4472,,,623208,265,,42328,42328,421,0,,587,,552,47145,30911,,0,670353,6727,,1617,,1351,552369,4935,670353,6727
8/5/20,VA,A+,2274,2164,30,110,8126,8126,1304,41,,283,1084707,10920,,,,,144,95049,91473,798,0,,,,,111669,12522,1176180,11665,1176180,11665,,,,,,0,,0
8/5/20,VI,C,8,8,0,,,,,0,,,9622,310,,,,,,481,,18,0,,,,,,374,,0,10103,328,,,,,,0,10129,328
8/5/20,VT,B,57,57,0,,,,9,0,,,95681,583,,,,,,1436,1436,5,0,,,,,,1254,,0,126278,1473,,,,,97117,588,126278,1473
8/5/20,WA,B,1619,1619,19,,5779,5779,525,35,,,1096069,14343,,,,,47,62183,61960,871,0,,,,,,,1159061,15068,1159061,15068,,,,,1009486,664,,0
8/5/20,WI,A+,977,970,9,7,4826,4826,330,43,919,112,944984,16139,,,,,,61110,56940,939,0,,,,,,46323,1326425,19353,1326425,19353,,,,,1001924,17023,,0
8/5/20,WV,B,124,,0,,,,115,0,,47,295435,4047,,,,,13,7159,7008,108,0,,,,,,5218,,0,302594,4155,14441,,,,,0,302443,4153
8/5/20,WY,B,27,,0,,169,169,16,0,,,52791,432,,,83847,,,2923,2424,39,0,,,,,2660,2323,,0,86507,1156,,,,,55215,464,86507,1156
8/4/20,AK,A,25,25,0,,158,158,33,2,,,249257,6781,,,,,2,3392,,61,0,,,,,,987,,0,252649,6842,,,,,,0,252649,6842
8/4/20,AL,B,1666,1611,33,55,11100,11100,1572,235,1173,,628599,7209,,,,634,,93702,90890,1041,0,,,,,,35401,,0,719489,8172,,,,,719489,8172,,0
8/4/20,AR,A,490,,15,,3054,3054,526,88,,,488518,5715,,,,414,101,45381,45381,784,0,,1085,,,,38000,,0,533899,6499,,7090,,,,0,533899,6499
8/4/20,AS,C,0,,0,,,,,0,,,1267,0,,,,,,0,0,0,0,,,,,,,,0,1267,0,,,,,,0,1267,0
8/4/20,AZ,A+,3845,2431,66,152,13294,13294,2024,1894,,638,790739,5818,,,,,474,180505,137710,1008,0,,,,,,23944,,0,1381739,17483,232219,,,,971244,6826,1381739,17483
8/4/20,CA,B,9501,,113,,,,7630,0,,2082,7786286,116491,,,,,,519427,519427,4526,0,,,,,,,,0,8305713,121017,,,,,,0,8305713,121017
8/4/20,CO,A,1849,1508,5,341,6516,6516,335,29,,,507028,2993,130690,,,,,48394,45177,426,0,9584,,,,,5449,727026,5105,727026,5105,140274,,,,552205,3397,,0
8/4/20,CT,B,4437,3555,0,882,10807,10807,60,0,,,786161,7041,,,,,,50110,48142,48,0,,,,,,8613,,0,836271,7089,,,,,,0,834303,7090
8/4/20,DC,A+,587,,1,,,,100,0,,17,187729,1227,,,,,10,12398,,85,0,,,,,,9959,200127,1312,200127,1312,,,,,135741,948,,0
8/4/20,DE,A+,587,517,2,70,,,42,0,,11,174171,1567,,,,,,15137,14140,82,0,,,,,18690,8303,262571,2615,262571,2615,,,,,189308,1649,,0
8/4/20,FL,A,7526,7526,247,,28333,28333,7857,589,,,3287128,26214,339059,334221,4305309,,,490086,,5357,0,19175,,18780,,630093,,4752867,48391,4752867,48391,358283,,353026,,3790202,31706,4957810,49344
8/4/20,GA,A,3921,,79,,19426,19426,3094,302,3556,,1466464,15498,,,,,,197948,197948,2513,0,15079,,,,182799,,,0,1695845,19161,229556,,,,,0,1695845,19161
8/4/20,GU,B,5,,0,,,,3,0,,,22548,343,,,,,,375,367,7,0,2,,,,,318,,0,22923,350,146,,,,,0,22914,351
8/4/20,HI,C,26,,0,,201,201,138,2,,15,128264,3227,,,,,10,2448,,206,0,,,,,2407,1315,159093,1789,159093,1789,,,,,130712,3433,162785,4597
8/4/20,IA,A+,888,,6,,,,243,0,,75,444329,3695,,36781,,,32,46042,46042,201,0,,,2776,,,34023,,0,490371,3896,,,39596,,492517,4037,,0
8/4/20,ID,A,200,177,3,23,886,886,106,12,256,22,166103,2110,,,,,,21675,20372,331,0,,,,,,7617,,0,186475,2415,,,,,186475,2415,,0
8/4/20,IL,A,7742,7545,19,197,,,1496,0,,365,2664683,41127,,,,,125,185993,184712,1471,0,,,,,,,,0,2850676,42598,,,,,,0,2849395,42598
8/4/20,IN,A+,2996,2794,16,202,9148,9148,980,144,1894,375,715763,8714,,,,,83,69255,,822,0,,,,,74168,43535,,0,1044015,19783,,,,,785018,9536,1044015,19783
8/4/20,KS,A+,365,,0,,1782,1782,232,0,505,62,272963,0,,,,184,16,28876,,0,0,,,,,,1196,,0,301839,0,,,,,301839,0,,0
8/4/20,KY,B,751,747,7,4,3851,3851,638,36,1232,135,575658,6873,,,,,,32197,30238,689,0,,,,,,8406,,0,605896,7488,43924,273,,,,0,605896,7488
8/4/20,LA,A,4051,3937,27,114,,,1487,0,,,1325396,52332,,,,,240,124461,124461,3615,0,,,,,,74246,,0,1449857,55947,,,,,,0,1449857,55947
8/4/20,MA,A+,8657,8436,9,221,11973,11973,354,31,,56,1123073,14878,,,,,29,119203,111033,546,0,,,,,147889,97595,,0,1673078,24389,,,98298,,1234106,15316,1673078,24389
8/4/20,MD,A,3530,3396,7,134,12888,12888,547,56,,137,880492,10999,,88627,,,,91854,91854,710,0,,,7891,,107832,5740,,0,1304873,16377,,,96518,,972346,11709,1304873,16377
8/4/20,ME,A+,123,122,-1,1,388,388,12,-1,,1,171786,1611,8494,,170162,,1,3975,3548,5,0,424,,,,4961,3424,,0,175761,1616,8930,,,,,0,175334,1618
8/4/20,MI,A+,6471,6219,8,252,,,694,0,,232,1861240,26791,,,1861240,,132,93175,84050,801,0,,,,,118017,60022,,0,1954415,27592,220799,,,,,0,1979257,27702
8/4/20,MN,A,1660,1620,4,40,5346,5346,328,48,1563,159,820949,5505,,,,,,57162,57162,602,0,,,,,,50426,1078695,7770,1078695,7770,,,,,878111,6107,,0
8/4/20,MO,B,1266,,11,,,,891,0,,,667443,7382,,58264,882902,,99,54080,54080,1193,0,,,2246,,62399,,,0,946923,10910,,,60510,,721523,8575,946923,10910
8/4/20,MP,D,2,,0,,4,4,,0,,,12255,0,,,,,,46,46,0,0,,,,,,29,,0,12301,0,,,,,12301,0,14419,0
8/4/20,MS,A+,1753,1705,42,48,4424,4424,1164,44,,314,401592,0,,,,,173,62199,61186,1074,0,95,,,,,42391,,0,463791,1074,16566,,,,,0,460594,0
8/4/20,MT,C,64,,0,,238,238,70,2,,,176922,1647,,,,,,4314,4314,81,0,,,,,,2766,,0,181236,1728,,,,,,0,181236,1728
8/4/20,NC,A+,2010,2010,28,,,,1166,0,,339,1725865,14987,,,,,,128161,128161,1629,0,,,,,,105093,,0,1854026,16616,,,,,,0,1854026,16616
8/4/20,ND,C,111,,2,,389,389,51,10,,,153537,1571,7191,,,,,6919,6919,149,0,266,,,,,5715,320395,4685,320395,4685,7457,,,,158008,1778,329868,4904
8/4/20,NE,A,332,,0,,1644,1644,152,14,,,256903,2499,,,330640,,,26956,26956,254,0,,,,,33090,19677,,0,364592,3124,,,,,284145,2758,364592,3124
8/4/20,NH,B,417,,0,,697,697,23,1,209,,158176,2188,,,,,,6660,6660,26,0,,,,,,5848,,0,246591,2806,27830,,27314,,164836,2214,246591,2806
8/4/20,NJ,A+,15758,13982,11,1776,21565,21565,470,0,,126,1981966,0,,,,,53,182970,182970,356,0,,,,,,32697,,0,2164936,356,,,,,,0,2164580,0
8/4/20,NM,B,658,,3,,2753,2753,133,23,,,569485,12805,,,,,,21340,21340,210,0,,,,,,8685,,0,590825,13015,,,,,,0,590825,13015
8/4/20,NV,A+,862,,15,,,,1146,0,,310,436908,3241,,,,,202,52179,52179,980,0,,,,,,,662997,8103,662997,8103,,,,,487602,4082,647677,6012
8/4/20,NY,A,25175,,3,,89995,89995,568,0,,139,5736178,70247,,,,,69,417589,417589,746,0,,,,,,73326,6153767,70993,6153767,70993,,,,,,0,,0
8/4/20,OH,B,3570,3301,31,269,11119,11119,1038,127,2593,340,1460706,19126,,,,,197,95106,90041,1143,0,,,,,,71338,,0,1555812,20269,,,,,,0,1550747,20170
8/4/20,OK,A+,566,,15,,3375,3375,504,100,,232,617813,18352,,,617813,,,39463,39463,861,0,2272,,,,45521,32319,,0,657276,19213,60293,,,,,0,664579,20537
8/4/20,OR,A+,333,,5,,1688,1688,219,33,,62,400215,2450,,,628954,,27,19699,18654,333,0,,,,,34141,3960,,0,663095,6049,,,,,418869,2749,663095,6049
8/4/20,PA,A+,7232,,23,,,,656,0,,,1156520,14106,,,,,100,115009,111780,854,0,,,,,,86256,,0,1271529,14960,,,,,1268300,14916,,0
8/4/20,PR,B,237,127,7,110,,,509,0,,75,305972,0,,,303412,,56,7413,7413,300,0,11911,,,,7002,,,0,313385,300,,,,,,0,310546,0
8/4/20,RI,A+,1011,,1,,2242,2242,80,11,,14,192563,1743,,,353449,,6,19390,19390,144,0,,,,,28029,1848,380973,4964,380973,4964,,,,,211953,1887,381478,4807
8/4/20,SC,A+,1847,1774,54,73,5799,5799,1458,272,,355,646267,7543,50378,,620882,,254,94190,93604,1239,0,3683,,,,118989,32859,,0,740457,8782,54061,,,,,0,739871,8196
8/4/20,SD,B,136,,1,,846,846,42,8,,,106302,674,,,,,,9079,,59,0,,,,,,8008,,0,115381,733,,,,,115381,733,143980,1058
8/4/20,TN,A,1117,1079,25,38,4900,4900,1433,92,,,1480209,16312,,,1458607,,,112441,111101,1805,0,,,,,132703,73259,,0,1592650,18117,,,,,,0,1591310,18088
8/4/20,TX,A,7261,,245,,,,8674,0,,3006,4064164,44832,,,,,,451181,451181,9167,0,13478,9824,,,645987,306262,,0,4515345,53999,258494,60672,,,,0,4515345,53999
8/4/20,UT,A+,321,,7,,2482,2482,220,32,640,81,505659,4119,,,617001,261,,41907,41907,378,0,,568,,533,46625,30449,,0,663626,6077,,1576,,1315,547434,4526,663626,6077
8/4/20,VA,A+,2244,2134,26,110,8085,8085,1255,67,,282,1073787,11785,,,,,144,94251,90728,1145,0,,,,,110906,12385,1164515,12911,1164515,12911,,,,,,0,,0
8/4/20,VI,C,8,8,0,,,,,0,,,9312,315,,,,,,463,,24,0,,,,,,364,,0,9775,339,,,,,,0,9801,358
8/4/20,VT,B,57,57,0,,,,14,0,,,95098,1425,,,,,,1431,1431,5,0,,,,,,1249,,0,124805,2213,,,,,96529,1430,124805,2213
8/4/20,WA,B,1600,1600,4,,5744,5744,518,52,,,1081726,15535,,,,,52,61312,61107,238,0,,,,,,,1143993,16374,1143993,16374,,,,,1008822,542,,0
8/4/20,WI,A+,968,961,12,7,4783,4783,327,51,916,110,928845,17410,,,,,,60171,56056,770,0,,,,,,45368,1307072,13059,1307072,13059,,,,,984901,18138,,0
8/4/20,WV,B,124,,7,,,,111,0,,40,291388,3315,,,,,14,7051,6902,78,0,,,,,,5063,,0,298439,3393,14418,,,,,0,298290,3388
8/4/20,WY,B,27,,0,,169,169,17,2,,,52359,327,,,82731,,,2884,2392,36,0,,,,,2620,2284,,0,85351,1404,,,,,54751,355,85351,1404
8/3/20,AK,A,25,25,1,,156,156,38,2,,,242476,2659,,,,,4,3331,,58,0,,,,,,946,,0,245807,2717,,,,,,0,245807,2717
8/3/20,AL,B,1633,1580,6,53,10865,10865,1540,344,1153,,621390,6764,,,,619,,92661,89927,1217,0,,,,,,35401,,0,711317,7880,,,,,711317,7880,,0
8/3/20,AR,A,475,,17,,2966,2966,513,72,,,482803,11395,,,,403,108,44597,44597,1424,0,,1085,,,,37240,,0,527400,12819,,7090,,,,0,527400,12819
8/3/20,AS,C,0,,0,,,,,0,,,1267,0,,,,,,0,0,0,0,,,,,,,,0,1267,0,,,,,,0,1267,0
8/3/20,AZ,A+,3779,2431,14,152,11400,11400,2017,29,,628,784921,6960,,,,,461,179497,137710,1030,0,,,,,,23702,,0,1364256,6711,231917,,,,964418,7990,1364256,6711
8/3/20,CA,B,9388,,32,,,,7629,0,,2069,7669795,142982,,,,,,514901,514901,5739,0,,,,,,,,0,8184696,148721,,,,,,0,8184696,148721
8/3/20,CO,A,1844,1503,0,341,6487,6487,340,13,,,504035,4539,130397,,,,,47968,44773,252,0,9553,,,,,5424,721921,7361,721921,7361,139950,,,,548808,4785,,0
8/3/20,CT,B,4437,3555,5,882,10807,10807,56,0,,,779120,34934,,,,,,50062,48093,252,0,,,,,,8613,,0,829182,35186,,,,,,0,827213,35173
8/3/20,DC,A+,586,,0,,,,104,0,,24,186502,1584,,,,,12,12313,,39,0,,,,,,9893,198815,1623,198815,1623,,,,,134793,985,,0
8/3/20,DE,A+,585,515,0,70,,,40,0,,9,172604,2642,,,,,,15055,14058,106,0,,,,,18611,8267,259956,3691,259956,3691,,,,,187659,2748,,0
8/3/20,FL,A,7279,7279,73,,27744,27744,7938,220,,,3260914,27049,339059,334221,4263794,,,484729,,4814,0,19175,,18780,,622594,,4704476,51913,4704476,51913,358283,,353026,,3758496,31934,4908466,49145
8/3/20,GA,A,3842,,2,,19124,19124,3111,60,3512,,1450966,19503,,,,,,195435,195435,2258,0,15069,,,,180509,,,0,1676684,21773,229417,,,,,0,1676684,21773
8/3/20,GU,B,5,,0,,,,5,0,,2,22205,520,,,,,,368,360,1,0,2,,,,,305,,0,22573,521,146,,,,,0,22563,690
8/3/20,HI,C,26,,0,,199,199,75,5,,15,125037,593,,,,,10,2242,,45,0,,,,,2284,1294,157304,2790,157304,2790,,,,,127279,638,158188,897
8/3/20,IA,A+,882,,6,,,,241,0,,78,440634,2008,,36680,,,31,45841,45841,349,0,,,2768,,,33219,,0,486475,2357,,,39487,,488480,2361,,0
8/3/20,ID,A,197,174,0,23,874,874,239,18,253,54,163993,808,,,,,,21344,20067,230,0,,,,,,7370,,0,184060,1026,,,,,184060,1026,,0
8/3/20,IL,A,7723,7526,9,197,,,1418,0,,347,2623556,27177,,,,,132,184522,183241,1298,0,,,,,,,,0,2808078,28475,,,,,,0,2806797,28475
8/3/20,IN,A+,2980,2780,5,200,9004,9004,904,156,1871,310,707049,5863,,,,,81,68433,,576,0,,,,,72940,47355,,0,1024232,4095,,,,,775482,6439,1024232,4095
8/3/20,KS,A+,365,,7,,1782,1782,232,31,505,62,272963,8268,,,,184,16,28876,,1064,0,,,,,,1196,,0,301839,9332,,,,,301839,9332,,0
8/3/20,KY,B,744,740,2,4,3815,3815,612,33,1212,136,568785,2834,,,,,,31508,29623,323,0,,,,,,8335,,0,598408,3535,43896,273,,,,0,598408,3535
8/3/20,LA,A,4024,3910,17,114,,,1496,0,,,1273064,13371,,,,,230,120846,120846,1099,0,,,,,,74246,,0,1393910,14470,,,,,,0,1393910,14470
8/3/20,MA,A+,8648,8427,10,221,11942,11942,375,6,,64,1108195,12113,,,,,24,118657,110595,199,0,,,,,147503,97595,,0,1648689,26960,,,97515,,1218790,12278,1648689,26960
8/3/20,MD,A,3523,3389,8,134,12832,12832,548,86,,135,869493,14981,,88627,,,,91144,91144,870,0,,,7891,,107019,5740,,0,1288496,24484,,,96518,,960637,15851,1288496,24484
8/3/20,ME,A+,124,122,1,2,389,389,12,1,,3,170175,2059,8478,,168562,,1,3970,3541,12,0,419,,,,4944,3396,,0,174145,2071,8909,,,,,0,173716,2065
8/3/20,MI,A+,6463,6212,6,251,,,694,0,,232,1834449,24369,,,1834449,,132,92374,83386,613,0,,,,,117106,60022,,0,1926823,24982,218538,,,,,0,1951555,25207
8/3/20,MN,A,1656,1616,2,40,5298,5298,302,57,1545,153,815444,13050,,,,,,56560,56560,613,0,,,,,,49565,1070925,15963,1070925,15963,,,,,872004,13663,,0
8/3/20,MO,B,1255,,2,,,,889,0,,,660061,9434,,58153,872832,,99,52887,52887,1047,0,,,2228,,61559,,,0,936013,15723,,,60381,,712948,10481,936013,15723
8/3/20,MP,D,2,,0,,4,4,,0,,,12255,536,,,,,,46,46,1,0,,,,,,29,,0,12301,537,,,,,12301,542,14419,1674
8/3/20,MS,A+,1711,1664,8,47,4380,4380,1172,66,,302,401592,0,,,,,172,61125,60147,572,0,95,,,,,42391,,0,462717,572,16566,,,,,0,460594,0
8/3/20,MT,C,64,,3,,236,236,69,3,,,175275,5173,,,,,,4233,4233,40,0,,,,,,2653,,0,179508,5213,,,,,,0,179508,5213
8/3/20,NC,A+,1982,1982,13,,,,1057,0,,318,1710878,22587,,,,,,126532,126532,1313,0,,,,,,105093,,0,1837410,23900,,,,,,0,1837410,23900
8/3/20,ND,C,109,,0,,379,379,46,8,,,151966,2383,7136,,,,,6770,6770,127,0,263,,,,,5590,315710,4558,315710,4558,7399,,,,156230,1725,324964,4727
8/3/20,NE,A,332,,0,,1630,1630,144,1,,,254404,3552,,,327822,,,26702,26702,311,0,,,,,32786,19575,,0,361468,4903,,,,,281387,3861,361468,4903
8/3/20,NH,B,417,,1,,696,696,24,1,209,,155988,1639,,,,,,6634,6634,21,0,,,,,,5820,,0,243785,3110,27753,,27251,,162622,1660,243785,3110
8/3/20,NJ,A+,15747,13971,10,1776,21565,21565,738,0,,144,1981966,18438,,,,,49,182614,182614,264,0,,,,,,32660,,0,2164580,18702,,,,,,0,2164580,18702
8/3/20,NM,B,655,,1,,2730,2730,131,10,,,556680,3443,,,,,,21130,21130,114,0,,,,,,8463,,0,577810,3557,,,,,,0,577810,3557
8/3/20,NV,A+,847,,15,,,,1152,0,,326,433667,1753,,,,,207,51199,51199,994,0,,,,,,,654894,2045,654894,2045,,,,,483520,2201,641665,4639
8/3/20,NY,A,25172,,2,,89995,89995,536,0,,136,5665931,51294,,,,,62,416843,416843,545,0,,,,,,73279,6082774,51839,6082774,51839,,,,,,0,,0
8/3/20,OH,B,3539,3271,10,268,10992,10992,1001,92,2570,348,1441580,17065,,,,,199,93963,88997,932,0,,,,,,69501,,0,1535543,17997,,,,,,0,1530577,17928
8/3/20,OK,A+,551,,1,,3275,3275,628,34,,258,599461,0,,,599461,,,38602,38602,377,0,2272,,,,43360,31165,,0,638063,377,60293,,,,,0,644042,0
8/3/20,OR,A+,328,,2,,1655,1655,215,48,,62,397765,3205,,,623240,,27,19366,18355,269,0,,,,,33806,3960,,0,657046,5811,,,,,416120,12879,657046,5811
8/3/20,PA,A+,7209,,0,,,,585,0,,,1142414,11435,,,,,103,114155,110970,565,0,,,,,,86757,,0,1256569,12000,,,,,1253384,11989,,0
8/3/20,PR,B,230,119,0,111,,,533,0,,66,305972,0,,,303412,,51,7113,7113,278,0,11678,,,,7002,,,0,313085,278,,,,,,0,310546,0
8/3/20,RI,A+,1010,,3,,2231,2231,80,20,,14,190820,3826,,,348793,,5,19246,19246,224,0,,,,,27878,1838,376009,2733,376009,2733,,,,,210066,4050,376671,11605
8/3/20,SC,A+,1793,1721,16,72,5527,5527,1401,0,,366,638724,8255,50289,,614339,,224,92951,92404,1163,0,3671,,,,117336,32859,,0,731675,9418,53960,,,,,0,731675,9949
8/3/20,SD,B,135,,0,,838,838,39,3,,,105628,630,,,,,,9020,,65,0,,,,,,7939,,0,114648,695,,,,,114648,695,142922,142922
8/3/20,TN,A,1092,1055,19,37,4808,4808,1323,52,,,1463897,11226,,,1442560,,,110636,109325,1009,0,,,,,130662,70878,,0,1574533,12235,,,,,,0,1573222,12201
8/3/20,TX,A,7016,,179,,,,8819,0,,3045,4019332,10280,,,,,,442014,442014,5303,0,12054,9653,,,639157,297422,,0,4461346,15583,243777,58821,,,,0,4461346,15583
8/3/20,UT,A+,314,,3,,2450,2450,252,20,630,83,501540,3013,,,611381,257,,41529,41529,354,0,,547,,514,46168,29967,,0,657549,4261,,1495,,1250,542908,3241,657549,4261
8/3/20,VA,A+,2218,2108,0,110,8018,8018,1205,63,,271,1062002,13758,,,,,151,93106,89602,1324,0,,,,,109903,12255,1151604,15036,1151604,15036,,,,,,0,,0
8/3/20,VI,C,8,8,0,,,,,0,,,8997,129,,,,,,439,,18,0,,,,,,354,,0,9436,147,,,,,,0,9443,97
8/3/20,VT,B,57,57,0,,,,14,0,,,93673,497,,,,,,1426,1426,1,0,,,,,,1240,,0,122592,610,,,,,95099,498,122592,610
8/3/20,WA,B,1596,1596,4,,5692,5692,512,37,,,1066191,16694,,,,,51,61074,60870,416,0,,,,,,,1127619,17534,1127619,17534,,,,,1008280,6752,,0
8/3/20,WI,A+,956,949,1,7,4732,4732,345,15,910,120,911435,6769,,,,,,59401,55328,411,0,,,,,,44495,1294013,12991,1294013,12991,,,,,966763,7173,,0
8/3/20,WV,B,117,,0,,,,116,0,,50,288073,3715,,,,,17,6973,6829,119,0,,,,,,4918,,0,295046,3834,14399,,,,,0,294902,3831
8/3/20,WY,B,27,,1,,167,167,19,0,,,52032,1459,,,81367,,,2848,2364,40,0,,,,,2580,2214,,0,83947,1839,,,,,54396,1569,83947,1839
8/2/20,AK,A,24,24,0,,154,154,39,1,,,239817,4321,,,,,3,3273,,136,0,,,,,,932,,0,243090,4457,,,,,,0,243090,4457
8/2/20,AL,B,1627,1576,24,51,10521,10521,1538,0,1151,,614626,6604,,,,616,,91444,88811,2095,0,,,,,,35401,,0,703437,8635,,,,,703437,8635,,0
8/2/20,AR,A,458,,-2,,2894,2894,499,42,,,471408,0,,,,397,104,43173,43173,0,0,,1085,,,,36034,,0,514581,0,,7090,,,,0,514581,0
8/2/20,AS,C,0,,0,,,,,0,,,1267,0,,,,,,0,0,0,0,,,,,,,,0,1267,0,,,,,,0,1267,0
8/2/20,AZ,A+,3765,2431,18,152,11371,11371,2147,25,,685,777961,6313,,,,,474,178467,137710,1465,0,,,,,,23413,,0,1357545,11765,230790,,,,956428,7778,1357545,11765
8/2/20,CA,B,9356,,132,,,,7761,0,,2119,7526813,140356,,,,,,509162,509162,9032,0,,,,,,,,0,8035975,149388,,,,,,0,8035975,149388
8/2/20,CO,A,1844,1502,0,342,6474,6474,308,9,,,499496,6191,130041,,,,,47716,44527,449,0,9525,,,,,5393,714560,10606,714560,10606,139566,,,,544023,6641,,0
8/2/20,CT,B,4432,3551,0,881,10807,10807,69,0,,,744186,0,,,,,,49810,47854,0,0,,,,,,8613,,0,793996,0,,,,,,0,792040,0
8/2/20,DC,A+,586,,1,,,,102,0,,24,184918,3342,,,,,12,12274,,69,0,,,,,,9870,197192,3411,197192,3411,,,,,133808,2777,,0
8/2/20,DE,A+,585,515,0,70,,,43,0,,8,169962,1943,,,,,,14949,13952,72,0,,,,,18519,8235,256265,3163,256265,3163,,,,,184911,2015,,0
8/2/20,FL,A,7206,7206,62,,27524,27524,7952,180,,,3233865,34450,339059,334221,4221931,,,479915,,7056,0,19175,,18780,,615892,,4652563,74332,4652563,74332,358283,,353026,,3726562,41687,4859321,65960
8/2/20,GA,A,3840,,15,,19064,19064,3069,69,3496,,1431463,25390,,,,,,193177,193177,3165,0,14823,,,,177896,,,0,1654911,28767,227358,,,,,0,1654911,28767
8/2/20,GU,B,5,,0,,,,2,0,,2,21685,0,,,,,,367,359,0,0,2,,,,,304,,0,22052,0,145,,,,,0,21873,0
8/2/20,HI,C,26,,0,,194,194,75,15,,15,124444,3304,,,,,10,2197,,86,0,,,,,2166,1269,154514,2428,154514,2428,,,,,126641,3390,157291,4315
8/2/20,IA,A+,876,,4,,,,231,0,,75,438626,4632,,36627,,,36,45492,45492,516,0,,,2760,,,32952,,0,484118,5148,,,39426,,486119,5228,,0
8/2/20,ID,A,197,174,8,23,856,856,239,6,250,54,163185,2033,,,,,,21114,19849,393,0,,,,,,7146,,0,183034,2419,,,,,183034,2419,,0
8/2/20,IL,A,7714,7517,14,197,,,1407,0,,339,2596379,37478,,,,,126,183224,181943,1467,0,,,,,,,,0,2779603,38945,,,,,,0,2778322,38945
8/2/20,IN,A+,2975,2775,4,200,8848,8848,873,67,1852,322,701186,9702,,,,,77,67857,,735,0,,,,,72660,47355,,0,1020137,6795,,,,,769043,10437,1020137,6795
8/2/20,KS,A+,358,,0,,1751,1751,366,0,494,98,264695,0,,,,179,26,27812,,0,0,,,,,,1178,,0,292507,0,,,,,292507,0,,0
8/2/20,KY,B,742,738,2,4,3782,3782,602,0,1207,128,565951,0,,,,,,31185,29346,462,0,,,,,,8135,,0,594873,0,43626,273,,,,0,594873,0
8/2/20,LA,A,4007,3893,58,114,,,1534,0,,,1259693,33730,,,,,221,119747,119747,3467,0,,,,,,74246,,0,1379440,37197,,,,,,0,1379440,37197
8/2/20,MA,A+,8638,8417,12,221,11936,11936,406,6,,68,1096082,12959,,,,,33,118458,110430,418,0,,,,,147080,97595,,0,1621729,8178,,,97293,,1206512,13312,1621729,8178
8/2/20,MD,A,3515,3381,9,134,12746,12746,553,74,,129,854512,14523,,88627,,,,90274,90274,909,0,,,7891,,106014,5713,,0,1264012,23785,,,96518,,944786,15432,1264012,23785
8/2/20,ME,A+,123,122,0,1,388,388,12,0,,4,168116,2307,8468,,166510,,1,3958,3535,21,0,418,,,,4932,3387,,0,172074,2328,8898,,,,,0,171651,2326
8/2/20,MI,A+,6457,6206,0,251,,,727,0,,238,1810080,24582,,,1810080,,144,91761,82782,429,0,,,,,116268,60022,,0,1901841,25011,217937,,,,,0,1926348,25433
8/2/20,MN,A,1654,1614,8,40,5241,5241,302,33,1532,149,802394,11314,,,,,,55947,55947,759,0,,,,,,48847,1054962,14645,1054962,14645,,,,,858341,12073,,0
8/2/20,MO,B,1253,,0,,,,889,0,,,650627,5140,,57768,858109,,96,51840,51840,582,0,,,2215,,60974,,,0,920290,9334,,,59983,,702467,5722,920290,9334
8/2/20,MP,D,2,,0,,4,4,,0,,,11719,0,,,,,,45,45,3,0,,,,,,29,,0,11764,3,,,,,11759,0,12745,0
8/2/20,MS,A+,1703,1657,10,46,4314,4314,1172,0,,302,401592,0,,,,,172,60553,59637,672,0,95,,,,,35071,,0,462145,672,16566,,,,,0,460594,0
8/2/20,MT,C,61,,0,,233,233,72,3,,,170102,2630,,,,,,4193,4193,112,0,,,,,,2466,,0,174295,2742,,,,,,0,174295,2742
8/2/20,NC,A+,1969,1969,5,,,,1142,0,,341,1688291,25757,,,,,,125219,125219,1341,0,,,,,,92302,,0,1813510,27098,,,,,,0,1813510,27098
8/2/20,ND,C,109,,2,,371,371,45,0,,,149583,0,7112,,,,,6643,6643,57,0,262,,,,,5396,311152,3828,311152,3828,7374,,,,154505,795,320237,3962
8/2/20,NE,A,332,,0,,1629,1629,142,7,,,250852,1804,,,323249,,,26391,26391,180,0,,,,,32460,19325,,0,356565,4744,,,,,277526,1982,356565,4744
8/2/20,NH,B,416,,0,,695,695,22,0,208,,154349,0,,,,,,6613,6613,0,0,,,,,,5794,,0,240675,3640,27694,,27088,,160962,0,240675,3640
8/2/20,NJ,A+,15737,13961,6,1776,21565,21565,695,0,,113,1963528,48859,,,,,45,182350,182350,321,0,,,,,,32475,,0,2145878,49180,,,,,,0,2145878,49549
8/2/20,NM,B,654,,3,,2720,2720,127,17,,,553237,8147,,,,,,21016,21016,220,0,,,,,,8343,,0,574253,8367,,,,,,0,574253,8367
8/2/20,NV,A+,832,,0,,,,1165,0,,333,431914,6768,,,,,193,50205,50205,1131,0,,,,,,,652849,3065,652849,3065,,,,,481319,8269,637026,12183
8/2/20,NY,A,25170,,6,,89995,89995,556,0,,143,5614637,58430,,,,,71,416298,416298,531,0,,,,,,73222,6030935,58961,6030935,58961,,,,,,0,,0
8/2/20,OH,B,3529,3261,14,268,10900,10900,1049,43,2560,334,1424515,23699,,,,,187,93031,88134,944,0,,,,,,68394,,0,1517546,24643,,,,,,0,1512649,24615
8/2/20,OK,A+,550,,1,,3241,3241,628,13,,258,599461,0,,,599461,,,38225,38225,494,0,2272,,,,43360,30820,,0,637686,494,60293,,,,,0,644042,0
8/2/20,OR,A+,326,,1,,1607,1607,208,0,,65,394560,3761,,,617809,,32,19097,17540,280,0,,,,,33426,3872,,0,651235,6450,,,,,403241,0,651235,6450
8/2/20,PA,A+,7209,,5,,,,564,0,,,1130979,11593,,,,,90,113590,110416,654,0,,,,,,86328,,0,1244569,12247,,,,,1241395,12230,,0
8/2/20,PR,B,230,119,5,111,,,506,0,,64,305972,0,,,303412,,46,6835,6835,292,0,11576,,,,7002,,,0,312807,292,,,,,,0,310546,0
8/2/20,RI,A+,1007,,0,,2211,2211,76,0,,15,186994,0,,,337466,,5,19022,19022,0,0,,,,,27600,1823,373276,3974,373276,3974,,,,,206016,0,365066,0
8/2/20,SC,A+,1777,1709,26,68,5527,5527,1427,0,,365,630469,9199,50002,,605932,,230,91788,91257,1189,0,3635,,,,115794,32859,,0,722257,10388,53637,,,,,0,721726,10380
8/2/20,SD,B,135,,1,,835,835,35,3,,,104998,933,,,,,,8955,,88,0,,,,,,7909,,0,113953,1021,,,,,113953,1021,,0
8/2/20,TN,A,1073,1036,6,37,4756,4756,1271,32,,,1452671,18002,,,1431528,,,109627,108350,1443,0,,,,,129493,68471,,0,1562298,19445,,,,,,0,1561021,19406
8/2/20,TX,A,6837,,0,,,,8969,0,,3117,4009052,13897,,,,,,436711,436711,6226,0,11812,9563,,,637015,282604,,0,4445763,20123,242251,57988,,,,0,4445763,20123
8/2/20,UT,A+,311,,1,,2430,2430,289,18,628,84,498527,3714,,,607375,256,,41175,41175,473,0,,540,,508,45913,29389,,0,653288,5726,,1469,,1233,539667,4064,653288,5726
8/2/20,VA,A+,2218,2108,3,110,7955,7955,1172,45,,267,1048244,11684,,,,,138,91782,88324,981,0,,,,,108778,12108,1136568,12641,1136568,12641,,,,,,0,,0
8/2/20,VI,C,8,8,0,,,,,0,,,8868,0,,,,,,421,,0,0,,,,,,341,,0,9289,0,,,,,,0,9346,0
8/2/20,VT,B,57,57,0,,,,15,0,,,93176,1159,,,,,,1425,1425,4,0,,,,,,1238,,0,121982,1839,,,,,94601,1163,121982,1839
8/2/20,WA,B,1592,1592,28,,5655,5655,530,87,,,1049497,4559,,,,,57,60658,60456,711,0,,,,,,,1110085,4787,1110085,4787,,,,,1001528,27874,,0
8/2/20,WI,A+,955,948,1,7,4717,4717,354,36,910,110,904666,8721,,,,,,58990,54924,932,0,,,,,,43964,1281022,15299,1281022,15299,,,,,959590,9643,,0
8/2/20,WV,B,117,,1,,,,112,0,,47,284358,3869,,,,,16,6854,6713,119,0,,,,,,4897,,0,291212,3988,14364,,,,,0,291071,3987
8/2/20,WY,B,26,,0,,167,167,18,0,,,50573,0,,,79567,,,2808,2333,39,0,,,,,2541,2173,,0,82108,221,,,,,52827,0,82108,221
8/1/20,AK,A,24,24,1,,153,153,37,2,,,235496,5383,,,,,3,3137,,144,0,,,,,,930,,0,238633,5527,,,,,,0,238633,5527
8/1/20,AL,B,1603,1553,23,50,10521,10521,1416,0,1150,,608022,6278,,,,616,,89349,86780,1626,0,,,,,,35401,,0,694802,7780,,,,,694802,7780,,0
8/1/20,AR,A,460,,7,,2852,2852,507,0,,,471408,10450,,,,395,100,43173,43173,662,0,,1085,,,,36034,,0,514581,11864,,7090,,,,0,514581,11864
8/1/20,AS,C,0,,0,,,,,0,,,1267,230,,,,,,0,0,0,0,,,,,,,,0,1267,230,,,,,,0,1267,230
8/1/20,AZ,A+,3747,2431,53,152,11346,11346,2226,86,,710,771648,11915,,,,,490,177002,137710,2992,0,,,,,,23064,,0,1345780,16944,229328,,,,948650,14907,1345780,16944
8/1/20,CA,B,9224,,219,,,,7754,0,,2120,7386457,69004,,,,,,500130,500130,6542,0,,,,,,,,0,7886587,75546,,,,,,0,7886587,75546
8/1/20,CO,A,1844,1501,6,343,6465,6465,335,24,,,493305,6711,129376,,,,,47267,44077,458,0,9474,,,,,5359,703954,12589,703954,12589,138850,,,,537382,7162,,0
8/1/20,CT,B,4432,3551,0,881,10807,10807,69,0,,,744186,0,,,,,,49810,47854,0,0,,,,,,8613,,0,793996,0,,,,,,0,792040,0
8/1/20,DC,A+,585,,0,,,,100,0,,26,181576,4961,,,,,13,12205,,79,0,,,,,,9816,193781,5040,193781,5040,,,,,131031,4157,,0
8/1/20,DE,A+,585,515,0,70,,,45,0,,18,168019,1760,,,,,,14877,13880,89,0,,,,,18385,8212,253102,5209,253102,5209,,,,,182896,1849,,0
8/1/20,FL,A,7144,7144,178,,27344,27344,8072,439,,,3199415,41713,339059,334221,4166771,,,472859,,9502,0,19175,,18780,,605946,,4578231,84455,4578231,84455,358283,,353026,,3684875,51482,4793361,81174
8/1/20,GA,A,3825,,73,,18995,18995,3095,306,3475,,1406073,17738,,,,,,190012,190012,3660,0,14462,,,,174615,,,0,1626144,22014,224874,,,,,0,1626144,22014
8/1/20,GU,B,5,,0,,,,2,0,,2,21685,159,,,,,,367,359,11,0,2,,,,,304,,0,22052,170,145,,,,,0,21873,0
8/1/20,HI,C,26,,0,,179,179,75,2,,15,121140,1761,,,,,10,2111,,122,0,,,,,2072,1243,152086,2690,152086,2690,,,,,123251,1883,152976,2582
8/1/20,IA,A+,872,,5,,,,242,0,,77,433994,4164,,36590,,,35,44976,44976,394,0,,,2753,,,32819,,0,478970,4558,,,39382,,480891,4569,,0
8/1/20,ID,A,189,155,12,22,850,850,239,15,249,54,161152,2288,,,,,,20721,19463,475,0,,,,,,6998,,0,180615,2731,,,,,180615,2731,,0
8/1/20,IL,A,7700,7503,8,197,,,1347,0,,334,2558901,38170,,,,,148,181757,180476,1639,0,,,,,,,,0,2740658,39809,,,,,,0,2739377,39809
8/1/20,IN,A+,2971,2771,6,200,8781,8781,977,54,1836,322,691484,10255,,,,,81,67122,,968,0,,,,,72225,46955,,0,1013342,17077,,,,,758606,11223,1013342,17077
8/1/20,KS,A+,358,,0,,1751,1751,366,0,494,98,264695,0,,,,179,26,27812,,0,0,,,,,,1178,,0,292507,0,,,,,292507,0,,0
8/1/20,KY,B,740,736,5,4,3782,3782,602,468,1207,128,565951,8279,,,,,,30723,28922,572,0,,,,,,8135,,0,594873,8797,43626,273,,,,0,594873,8797
8/1/20,LA,A,3949,3835,0,114,,,1546,0,,,1225963,0,,,,,222,116280,116280,0,0,,,,,,74246,,0,1342243,0,,,,,,0,1342243,0
8/1/20,MA,A+,8626,8406,17,220,11930,11930,369,22,,53,1083123,12305,,,,,26,118040,110077,428,0,,,,,146945,97595,,0,1613551,11055,,,96964,,1193200,12595,1613551,11055
8/1/20,MD,A,3506,3374,13,132,12672,12672,592,79,,132,839989,17144,,88627,,,,89365,89365,1019,0,,,7891,,104907,5713,,0,1240227,31004,,,96518,,929354,18163,1240227,31004
8/1/20,ME,A+,123,122,0,1,388,388,10,0,,5,165809,2554,8425,,164215,,1,3937,3516,25,0,417,,,,4905,3377,,0,169746,2579,8854,,,,,0,169325,2571
8/1/20,MI,A+,6457,6206,7,251,,,727,0,,238,1785498,31625,,,1785498,,144,91332,82356,758,0,,,,,115417,60022,,0,1876830,32383,216608,,,,,0,1900915,32759
8/1/20,MN,A,1646,1606,6,40,5208,5208,317,53,1520,149,791080,11189,,,,,,55188,55188,725,0,,,,,,48119,1040317,15401,1040317,15401,,,,,846268,11914,,0
8/1/20,MO,B,1253,,10,,,,812,0,,,645487,9037,,57677,849835,,103,51258,51258,935,0,,,2206,,59544,,,0,910956,15265,,,59883,,696745,9972,910956,15265
8/1/20,MP,D,2,,0,,4,4,,0,,,11719,0,,,,,,42,42,0,0,,,,,,29,,0,11761,0,,,,,11759,0,12745,0
8/1/20,MS,A+,1693,1648,30,45,4314,4314,1172,38,,302,401592,5834,,,,,172,59881,59002,1134,0,95,,,,,35071,,0,461473,6968,16566,,,,,0,460594,6924
8/1/20,MT,C,61,,1,,230,230,71,0,,,167472,1467,,,,,,4081,4081,116,0,,,,,,2456,,0,171553,1583,,,,,,0,171553,1583
8/1/20,NC,A+,1964,1964,40,,,,1151,0,,349,1662534,27580,,,,,,123878,123878,1730,0,,,,,,92302,,0,1786412,29310,,,,,,0,1786412,29310
8/1/20,ND,C,107,,0,,371,371,45,7,,,149583,2088,7112,,,,,6586,6586,132,0,262,,,,,5396,307324,5815,307324,5815,7374,,,,153710,2465,316275,6045
8/1/20,NE,A,332,,4,,1622,1622,152,12,,,249048,3858,,,318824,,,26211,26211,445,0,,,,,32142,19172,,0,351821,4403,,,,,275544,4299,351821,4403
8/1/20,NH,B,416,,1,,695,695,22,3,208,,154349,2584,,,,,,6613,6613,69,0,,,,,,5794,,0,237035,3007,27535,,27088,,160962,2653,237035,3007
8/1/20,NJ,A+,15731,13955,12,1776,21565,21565,695,0,,113,1914669,0,,,,,45,182029,182029,369,0,,,,,,32475,,0,2096698,369,,,,,,0,2096329,0
8/1/20,NM,B,651,,9,,2703,2703,134,17,,,545090,7678,,,,,,20796,20796,196,0,,,,,,8286,,0,565886,7874,,,,,,0,565886,7874
8/1/20,NV,A+,832,,2,,,,1165,0,,333,425146,3331,,,,,193,49074,49074,986,0,,,,,,,649784,7595,649784,7595,,,,,473050,4083,624843,8112
8/1/20,NY,A,25164,,14,,89995,89995,581,0,,147,5556207,81984,,,,,72,415767,415767,753,0,,,,,,73134,5971974,82737,5971974,82737,,,,,,0,,0
8/1/20,OH,B,3515,3246,26,269,10857,10857,1049,67,2557,340,1400816,23641,,,,,188,92087,87218,928,0,,,,,,67319,,0,1492903,24569,,,,,,0,1488034,24526
8/1/20,OK,A+,549,,8,,3228,3228,628,67,,258,599461,10370,,,599461,,,37731,37731,1244,0,2272,,,,43360,30282,,0,637192,11614,60293,,,,,0,644042,11507
8/1/20,OR,A+,325,,3,,1607,1607,208,0,,65,390799,5098,,,611700,,32,18817,17540,325,0,,,,,33085,3872,,0,644785,9366,,,,,403241,0,644785,9366
8/1/20,PA,A+,7204,,15,,,,579,0,,,1119386,14562,,,,,89,112936,109779,888,0,,,,,,85831,,0,1232322,15450,,,,,1229165,15434,,0
8/1/20,PR,B,225,115,6,110,,,508,0,,65,305972,0,,,303412,,41,6543,6543,546,0,11329,,,,7002,,,0,312515,546,,,,,,0,310546,0
8/1/20,RI,A+,1007,,0,,2211,2211,76,0,,15,186994,0,,,337466,,5,19022,19022,0,0,,,,,27600,1823,369302,5176,369302,5176,,,,,206016,0,365066,0
8/1/20,SC,A+,1751,1683,39,68,5527,5527,1453,410,,359,621270,17451,49676,,597095,,235,90599,90076,1583,0,3557,,,,114251,32859,,0,711869,19034,53233,,,,,0,711346,20410
8/1/20,SD,B,134,,4,,832,832,36,8,,,104065,1194,,,,,,8867,,103,0,,,,,,7820,,0,112932,1297,,,,,112932,1297,,0
8/1/20,TN,A,1067,1030,7,37,4724,4724,1446,63,,,1434669,27223,,,1413842,,,108184,106946,2225,0,,,,,127773,67651,,0,1542853,29448,,,,,,0,1541615,29391
8/1/20,TX,A,6837,,268,,,,8969,0,,3117,3995155,37259,,,,,,430485,430485,9539,0,11812,9462,,,634076,282604,,0,4425640,46798,242251,57141,,,,0,4425640,46798
8/1/20,UT,A+,310,,6,,2412,2412,268,35,627,82,494813,4741,,,602037,255,,40702,40702,506,0,,530,,498,45525,28747,,0,647562,7214,,1439,,1210,535603,5231,647562,7214
8/1/20,VA,A+,2215,2105,41,110,7910,7910,1256,44,,275,1036560,15701,,,,,150,90801,87367,913,0,,,,,107823,12007,1123927,16567,1123927,16567,,,,,,0,,0
8/1/20,VI,C,8,8,0,,,,,0,,,8868,93,,,,,,421,,15,0,,,,,,341,,0,9289,108,,,,,,0,9346,153
8/1/20,VT,B,57,57,0,,,,16,0,,,92017,940,,,,,,1421,1421,5,0,,,,,,1231,,0,120143,1469,,,,,93438,945,120143,1469
8/1/20,WA,B,1564,1564,0,,5568,5568,532,0,,,1044938,8586,,,,,56,59947,59771,751,0,,,,,,,1105298,8996,1105298,8996,,,,,973654,0,,0
8/1/20,WI,A+,954,947,13,7,4681,4681,337,44,904,110,895945,13796,,,,,,58058,54002,1124,0,,,,,,43284,1265723,18715,1265723,18715,,,,,949947,14858,,0
8/1/20,WV,B,116,,0,,,,108,0,,39,280489,3143,,,,,18,6735,6595,93,0,,,,,,4858,,0,287224,3236,14292,,,,,0,287084,3236
8/1/20,WY,B,26,,0,,167,167,18,1,,,50573,0,,,79354,,,2769,2297,43,0,,,,,2533,2153,,0,81887,220,,,,,52827,0,81887,220
7/31/20,AK,A,23,23,0,,151,151,40,4,,,230113,7943,,,,,3,2993,,106,0,,,,,,898,,0,233106,8049,,,,,,0,233106,8049
7/31/20,AL,B,1580,1531,15,49,10521,10521,1596,451,1144,,601744,7398,,,,613,,87723,85278,1961,0,,,,,,35401,,0,687022,9181,,,,,687022,9181,,0
7/31/20,AR,A,453,,11,,2852,2852,507,105,,,460958,0,,,,395,100,42511,42511,752,0,,1085,,,,35413,,0,502717,0,,7090,,,,0,502717,0
7/31/20,AS,C,0,,0,,,,,0,,,1037,0,,,,,,0,0,0,0,,,,,,,,0,1037,0,,,,,,0,1037,0
7/31/20,AZ,A+,3694,2431,68,152,11260,11260,2302,88,,719,759733,17265,,,,,505,174010,137710,3212,0,,,,,,22714,,0,1328836,15666,227897,,,,933743,20477,1328836,15666
7/31/20,CA,B,9005,,96,,,,7999,0,,2163,7317453,169115,,,,,,493588,493588,8086,0,,,,,,,,0,7811041,177201,,,,,,0,7811041,177201
7/31/20,CO,A,1838,1498,16,340,6441,6441,350,28,,,486594,6452,128389,,,,,46809,43626,605,0,9385,,,,,5334,691365,12542,691365,12542,137774,,,,530220,7046,,0
7/31/20,CT,B,4432,3551,1,881,10807,10807,69,0,,,744186,15128,,,,,,49810,47854,140,0,,,,,,8613,,0,793996,15268,,,,,,0,792040,15265
7/31/20,DC,A+,585,,1,,,,86,0,,17,176615,5682,,,,,9,12126,,69,0,,,,,,9816,188741,5751,188741,5751,,,,,126874,0,,0
7/31/20,DE,A+,585,515,4,70,,,46,0,,11,166259,2085,,,,,,14788,13791,99,0,,,,,18220,8179,247893,1834,247893,1834,,,,,181047,2184,,0
7/31/20,FL,A,6966,6966,257,,26905,26905,8209,519,,,3157702,39964,339059,334221,4099817,,,463357,,8900,0,19175,,18780,,592572,,4493776,82202,4493776,82202,358283,,353026,,3633393,49200,4712187,77161
7/31/20,GA,A,3752,,81,,18689,18689,3155,386,3414,,1388335,29232,,,,,,186352,186352,4066,0,14138,,,,171513,,,0,1604130,34533,222213,,,,,0,1604130,34533
7/31/20,GU,B,5,,0,,,,2,0,,2,21526,338,,,,,,356,348,2,0,2,,,,,304,,0,21882,340,145,,,,,0,21873,340
7/31/20,HI,C,26,,0,,177,177,65,4,,14,119379,2032,,,,,10,1989,,124,0,,,,,1941,1226,149396,2500,149396,2500,,,,,121368,2156,150394,2841
7/31/20,IA,A+,867,,10,,,,225,0,,71,429830,4770,,36439,,,29,44582,44582,544,0,,,2744,,,32578,,0,474412,5314,,,39222,,476322,5316,,0
7/31/20,ID,A,177,155,4,22,835,835,236,27,247,51,158864,3024,,,,,,20246,19020,567,0,,,,,,6744,,0,177884,3541,,,,,177884,3541,,0
7/31/20,IL,A,7692,7495,22,197,,,1369,0,,346,2520731,47841,,,,,148,180118,178837,1980,0,,,,,,,,0,2700849,49821,,,,,,0,2699568,49782
7/31/20,IN,A+,2965,2765,19,200,8727,8727,865,60,1825,280,681229,10634,,,,,81,66154,,901,0,,,,,71180,46466,,0,996265,16140,,,,,747383,11535,996265,16140
7/31/20,KS,A+,358,,9,,1751,1751,366,51,494,98,264695,6616,,,,179,26,27812,,942,0,,,,,,1178,,0,292507,7558,,,,,292507,7558,,0
7/31/20,KY,B,735,731,4,4,3314,3314,597,10,1133,150,557672,7752,,,,,,30151,28404,765,0,,,,,,7481,,0,586076,8440,43408,222,,,,0,586076,8440
7/31/20,LA,A,3949,3835,24,114,,,1546,0,,,1225963,23054,,,,,222,116280,116280,1799,0,,,,,,74246,,0,1342243,24853,,,,,,0,1342243,24853
7/31/20,MA,A+,8609,8389,14,220,11908,11908,347,15,,58,1070818,18764,,,,,28,117612,109787,514,0,,,,,146758,97595,,0,1602496,21526,,,96180,,1180605,19151,1602496,21526
7/31/20,MD,A,3493,3362,5,131,12593,12593,590,93,,128,822845,16057,,88627,,,,88346,88346,1169,0,,,7891,,103840,5689,,0,1209223,28632,,,96518,,911191,17226,1209223,28632
7/31/20,ME,A+,123,122,1,1,388,388,12,2,,7,163255,2336,8396,,161670,,2,3912,3499,24,0,413,,,,4880,3361,,0,167167,2360,8821,,,,,0,166754,2358
7/31/20,MI,A+,6450,6199,7,251,,,727,0,,238,1753873,30476,,,1753873,,144,90574,81621,793,0,,,,,114283,57502,,0,1844447,31269,214923,,,,,0,1868156,31572
7/31/20,MN,A,1640,1600,6,40,5155,5155,312,43,1510,151,779891,-174299,,,,,,54463,54463,771,0,,,,,,47289,1024916,17034,1024916,17034,,,,,834354,13537,,0
7/31/20,MO,B,1243,,10,,,,869,0,,,636450,10151,,57432,836423,,108,50323,50323,1489,0,,,2178,,57753,,,0,895691,18007,,,59610,,686773,11640,895691,18007
7/31/20,MP,D,2,,0,,4,4,,0,,,11719,0,,,,,,42,42,0,0,,,,,,29,,0,11761,0,,,,,11759,0,12745,0
7/31/20,MS,A+,1663,1620,52,43,4276,4276,1229,63,,297,395758,3456,,,,,176,58747,57912,1168,0,95,,,,,35071,,0,454505,4624,16378,,,,,0,453670,4598
7/31/20,MT,C,60,,5,,230,230,71,9,,,166005,1203,,,,,,3965,3965,151,0,,,,,,2331,,0,169970,1354,,,,,,0,169970,1354
7/31/20,NC,A+,1924,1924,21,,,,1229,0,,363,1634954,30224,,,,,,122148,122148,1954,0,,,,,,92302,,0,1757102,32178,,,,,,0,1757102,32178
7/31/20,ND,C,107,,0,,364,364,47,8,,,147495,1935,7093,,,,,6454,6454,167,0,261,,,,,5289,301509,5031,301509,5031,7354,,,,151245,1981,310230,5237
7/31/20,NE,A,328,,4,,1610,1610,150,0,,,245190,3719,,,314873,,,25766,25766,344,0,,,,,31707,18997,,0,347418,5885,,,,,271245,4068,347418,5885
7/31/20,NH,B,415,,4,,692,692,21,2,207,,151765,881,,,,,,6544,6544,31,0,,,,,,5722,,0,234028,2534,27391,,26810,,158309,912,234028,2534
7/31/20,NJ,A+,15719,13944,11,1775,21565,21565,695,0,,113,1914669,36075,,,,,45,181660,181660,690,0,,,,,,32475,,0,2096329,36765,,,,,,0,2096329,36765
7/31/20,NM,B,642,,7,,2686,2686,152,19,,,537412,6163,,,,,,20600,20600,212,0,,,,,,8139,,0,558012,6375,,,,,,0,558012,6375
7/31/20,NV,A+,830,,29,,,,1159,0,,333,421815,4994,,,,,191,48088,48088,1264,0,,,,,,,642189,7751,642189,7751,,,,,468967,6082,616731,9443
7/31/20,NY,A,25150,,5,,89995,89995,576,0,,140,5474223,68225,,,,,70,415014,415014,644,0,,,,,,73055,5889237,68869,5889237,68869,,,,,,0,,0
7/31/20,OH,B,3489,3222,47,267,10790,10790,1024,112,2552,330,1377175,20329,,,,,185,91159,86333,1533,0,,,,,,65788,,0,1468334,21862,,,,,,0,1463508,21800
7/31/20,OK,A+,541,,5,,3161,3161,621,57,,253,589091,9815,,,589091,,,36487,36487,747,0,2071,,,,42245,29187,,0,625578,10562,57683,,,,,0,632535,10902
7/31/20,OR,A+,322,,6,,1607,1607,208,20,,65,385701,5193,,,602798,,32,18492,17540,361,0,,,,,32621,3872,,0,635419,8651,,,,,403241,5536,635419,8651
7/31/20,PA,A+,7189,,13,,,,522,0,,,1104824,15965,,,,,89,112048,108907,970,0,,,,,,84036,,0,1216872,16935,,,,,1213731,16914,,0
7/31/20,PR,B,219,113,5,106,,,488,0,,62,305972,0,,,303412,,39,5997,5997,77,0,10784,,,,7002,,,0,311969,77,,,,,,0,310546,0
7/31/20,RI,A+,1007,,0,,2211,2211,76,9,,15,186994,1425,,,337466,,5,19022,19022,72,0,,,,,27600,1823,364126,4031,364126,4031,,,,,206016,1497,365066,4119
7/31/20,SC,A+,1712,1647,45,65,5117,5117,1516,0,,373,603819,0,48977,,580768,,237,89016,88523,1444,0,3430,,,,110168,32859,,0,692835,1444,52407,,,,,0,690936,0
7/31/20,SD,B,130,,1,,824,824,31,9,,,102871,1211,,,,,,8764,,79,0,,,,,,7761,,0,111635,1290,,,,,111635,1290,,0
7/31/20,TN,A,1060,1023,27,37,4661,4661,1494,89,,,1407446,29505,,,1387314,,,105959,104778,3088,0,,,,,124910,66357,,0,1513405,32593,,,,,,0,1512224,32555
7/31/20,TX,A,6569,,295,,,,9336,0,,3117,3957896,44252,,,,,,420946,420946,8839,0,11712,9307,,,627128,273191,,0,4378842,53091,241518,55473,,,,0,4378842,53091
7/31/20,UT,A+,304,,4,,2377,2377,258,31,618,81,490072,3988,,,595387,250,,40196,40196,500,0,,518,,489,44961,28130,,0,640348,6368,,1402,,1166,530372,4470,640348,6368
7/31/20,VA,A+,2174,2067,33,107,7866,7866,1334,80,,279,1020859,14790,,,,,145,89888,86501,984,0,,,,,106630,11937,1107360,15745,1107360,15745,,,,,,0,,0
7/31/20,VI,C,8,8,0,,,,,0,,,8775,356,,,,,,406,,21,0,,,,,,338,,0,9181,377,,,,,,0,9193,360
7/31/20,VT,B,57,57,0,,,,16,0,,,91077,1022,,,,,,1416,1416,8,0,,,,,,1211,,0,118674,1620,,,,,92493,1030,118674,1620
7/31/20,WA,B,1564,1564,9,,5568,5568,526,92,,,1036352,14129,,,,,56,59196,59029,898,0,,,,,,,1096302,14816,1096302,14816,,,,,973654,15347,,0
7/31/20,WI,A+,941,934,15,7,4637,4637,308,47,900,108,882149,14547,,,,,,56934,52940,855,0,,,,,,42317,1247008,20018,1247008,20018,,,,,935089,15379,,0
7/31/20,WV,B,116,,1,,,,108,0,,39,277346,6287,,,,,18,6642,6502,220,0,,,,,,4815,,0,283988,6507,14221,,,,,0,283848,6505
7/31/20,WY,B,26,,0,,166,166,18,0,,,50573,618,,,79140,,,2726,2254,40,0,,,,,2527,2123,,0,81667,891,,,,,52827,655,81667,891
7/30/20,AK,A,23,23,1,,147,147,45,2,,,222170,1309,,,,,3,2887,,84,0,,,,,,885,,0,225057,1393,,,,,,0,225057,1393
7/30/20,AL,B,1565,1516,27,49,10070,10070,1512,177,1129,,594346,9853,,,,605,,85762,83495,1980,0,,,,,,35401,,0,677841,11776,,,,,677841,11776,,0
7/30/20,AR,A,442,,8,,2747,2747,508,0,,,460958,6321,,,,387,108,41759,41759,791,0,,,,,,34737,,0,502717,7112,,,,,,0,502717,7112
7/30/20,AS,C,0,,0,,,,,0,,,1037,0,,,,,,0,0,0,0,,,,,,,,0,1037,0,,,,,,0,1037,0
7/30/20,AZ,A+,3626,2431,172,152,11172,11172,2348,1112,,758,742468,9312,,,,,531,170798,137710,2525,0,,,,,,22358,,0,1313170,16351,226306,,,,913266,11837,1313170,16351
7/30/20,CA,B,8909,,194,,,,8198,0,,2220,7148338,106177,,,,,,485502,485502,10197,0,,,,,,,,0,7633840,116374,,,,,,0,7633840,116374
7/30/20,CO,A,1822,1483,0,339,6413,6413,350,15,,,480142,6266,127421,,,,,46204,43032,408,0,9293,,,,,5309,678823,10578,678823,10578,136714,,,,523174,6672,,0
7/30/20,CT,B,4431,3550,6,881,10807,10807,66,95,,,729058,12822,,,,,,49670,47717,130,0,,,,,,8613,,0,778728,12952,,,,,,0,776775,12958
7/30/20,DC,A+,584,,0,,,,87,0,,17,170933,2883,,,,,7,12057,,58,0,,,,,,9777,182990,2941,182990,2941,,,,,126874,1607,,0
7/30/20,DE,A+,581,511,0,70,,,69,0,,11,164174,1760,,,,,,14689,13692,87,0,,,,,18159,8140,246059,1695,246059,1695,,,,,178863,1847,,0
7/30/20,FL,A,6709,6709,252,,26386,26386,8395,519,,,3117738,42396,339059,334221,4035319,,,454457,,9835,0,19175,,18780,,580808,,4411574,80116,4411574,80116,358283,,353026,,3584193,52472,4635026,78026
7/30/20,GA,A,3671,,29,,18303,18303,3200,339,3354,,1359103,24962,,,,,,182286,182286,3963,0,13886,,,,167603,,,0,1569597,29573,219867,,,,,0,1569597,29573
7/30/20,GU,B,5,,0,,,,2,0,,2,21188,210,,,,,,354,346,3,0,2,,,,,297,,0,21542,213,145,,,,,0,21533,213
7/30/20,HI,C,26,,0,,173,173,61,6,,11,117347,1545,,,,,9,1865,,108,0,,,,,1826,1215,146896,2740,146896,2740,,,,,119212,1653,147553,2149
7/30/20,IA,A+,857,,11,,,,237,0,,76,425060,5625,,36194,,,31,44038,44038,761,0,,,2738,,,31835,,0,469098,6386,,,38971,,471006,6489,,0
7/30/20,ID,A,173,152,13,21,808,808,236,25,236,51,155840,2020,,,,,,19679,18503,457,0,,,,,,6472,,0,174343,2451,,,,,174343,2451,,0
7/30/20,IL,A,7670,7478,16,192,,,1452,0,,353,2472890,39362,,,,,149,178138,176896,1772,0,,,,,,,,0,2651028,41134,,,,,,0,2649786,41134
7/30/20,IN,A+,2946,2746,14,200,8667,8667,831,80,1808,301,670595,10656,,,,,69,65253,,954,0,,,,,70277,45751,,0,980125,16212,,,,,735848,11610,980125,16212
7/30/20,KS,A+,349,,0,,1700,1700,393,0,483,83,258079,0,,,,174,29,26870,,0,0,,,,,,1149,,0,284949,0,,,,,284949,0,,0
7/30/20,KY,B,731,727,7,4,3304,3304,587,23,1133,110,549920,10306,,,,,,29386,27716,659,0,,,,,,7590,,0,577636,10849,43348,222,,,,0,577636,10849
7/30/20,LA,A,3925,3811,42,114,,,1524,0,,,1202909,20551,,,,,205,114481,114481,1708,0,,,,,,74246,,0,1317390,22259,,,,,,0,1317390,22259
7/30/20,MA,A+,8595,8375,15,220,11893,11893,367,17,,55,1052054,11920,,,,,29,117098,109400,414,0,,,,,146308,97595,,0,1580970,22921,,,95217,,1161454,12224,1580970,22921
7/30/20,MD,A,3488,3357,10,131,12500,12500,585,52,,139,806788,14114,,88627,,,,87177,87177,892,0,,,7891,,102659,5592,,0,1180591,25689,,,96518,,893965,15006,1180591,25689
7/30/20,ME,A+,122,121,1,1,386,386,11,1,,8,160919,2708,8371,,159348,,3,3888,3477,22,0,412,,,,4846,3345,,0,164807,2730,8795,,,,,0,164396,2728
7/30/20,MI,A+,6443,6191,21,252,,,727,0,,238,1723397,19138,,,1723397,,153,89781,80887,807,0,,,,,113187,57502,,0,1813178,19945,212732,,,,,0,1836584,16779
7/30/20,MN,A,1634,1594,5,40,5112,5112,298,35,1490,141,954190,14046,,,767125,,,53692,53692,745,0,,,,,,46965,1007882,14791,1007882,14791,,,,,820817,820817,,0
7/30/20,MO,B,1233,,13,,,,813,0,,,626299,12150,,57073,821441,,111,48834,48834,2084,0,,,2137,,54787,,,0,877684,21248,,,59210,,675133,14234,877684,21248
7/30/20,MP,D,2,,0,,4,4,,0,,,11719,0,,,,,,42,42,2,0,,,,,,29,,0,11761,2,,,,,11759,0,12745,0
7/30/20,MS,A+,1611,1570,48,41,4213,4213,1245,61,,296,392302,4802,,,,,177,57579,56770,1775,0,95,,,,,35071,,0,449881,6577,16284,,,,,0,449072,6526
7/30/20,MT,C,55,,1,,221,221,69,10,,,164802,3123,,,,,,3814,3814,138,0,,,,,,2240,,0,168616,3261,,,,,,0,168616,3261
7/30/20,NC,A+,1903,1903,38,,,,1239,0,,358,1604730,31146,,,,,,120194,120194,2344,0,,,,,,92302,,0,1724924,33490,,,,,,0,1724924,33490
7/30/20,ND,C,107,,1,,356,356,43,5,,,145560,704,6514,,,,,6287,6287,72,0,248,,,,,5181,296478,3864,296478,3864,6762,,,,149264,818,304993,3962
7/30/20,NE,A,324,,3,,1610,1610,137,4,,,241471,2595,,,309489,,,25422,25422,265,0,,,,,31216,18802,,0,341533,3523,,,,,267177,2864,341533,3523
7/30/20,NH,B,411,,2,,690,690,22,0,205,,150884,1301,,,,,,6513,6513,13,0,,,,,,5710,,0,231494,3142,27245,,26674,,157397,1314,231494,3142
7/30/20,NJ,A+,15708,13934,11,1774,21565,21565,759,244,,123,1878594,16678,,,,,51,180970,180970,204,0,,,,,,32423,,0,2059564,16882,,,,,,0,2059564,16882
7/30/20,NM,B,635,,3,,2667,2667,156,24,,,531249,6774,,,,,,20388,20388,252,0,,,,,,8015,,0,551637,7026,,,,,,0,551637,7026
7/30/20,NV,A+,801,,21,,,,1145,0,,327,416821,5242,,,,,187,46824,46824,1018,0,,,,,,,634438,8595,634438,8595,,,,,462885,6283,607288,10493
7/30/20,NY,A,25145,,13,,89995,89995,586,0,,142,5405998,72769,,,,,72,414370,414370,777,0,,,,,,72973,5820368,73546,5820368,73546,,,,,,0,,0
7/30/20,OH,B,3442,3177,20,265,10678,10678,1049,125,2534,319,1356846,23902,,,,,184,89626,84862,1733,0,,,,,,64311,,0,1446472,25635,,,,,,0,1441708,25551
7/30/20,OK,A+,536,,13,,3104,3104,647,63,,244,579276,7386,,,579276,,,35740,35740,1117,0,2071,,,,41179,28411,,0,615016,8503,57683,,,,,0,621633,8431
7/30/20,OR,A+,316,,5,,1587,1587,229,19,,66,380508,4074,,,594630,,30,18131,17197,410,0,,,,,32138,3835,,0,626768,7162,,,,,397705,4456,626768,7162
7/30/20,PA,A+,7176,,14,,,,756,0,,,1088859,14996,,,,,109,111078,107958,860,0,,,,,,83308,,0,1199937,15856,,,,,1196817,15816,,0
7/30/20,PR,B,214,109,3,105,,,504,0,,63,305972,0,,,303412,,40,5920,5920,220,0,10652,,,,7002,,,0,311892,220,,,,,,0,310546,0
7/30/20,RI,A+,1007,,0,,2202,2202,77,7,,13,185569,1904,,,333452,,5,18950,18950,150,0,,,,,27495,1813,360095,4899,360095,4899,,,,,204519,2054,360947,4761
7/30/20,SC,A+,1667,1600,52,67,5117,5117,1563,0,,389,603819,8675,48977,,580768,,245,87572,87117,1726,0,3430,,,,110168,32859,,0,691391,10401,52407,,,,,0,690936,10369
7/30/20,SD,B,129,,0,,815,815,44,5,,,101660,587,,,,,,8685,,44,0,,,,,,7690,,0,110345,631,,,,,110345,631,,0
7/30/20,TN,A,1033,996,13,37,4572,4572,1493,90,,,1377941,22524,,,1358551,,,102871,101728,2049,0,,,,,121118,64234,,0,1480812,24573,,,,,,0,1479669,24549
7/30/20,TX,A,6274,,84,,,,9296,0,,3087,3913644,47568,,,,,,412107,412107,8800,0,11430,9125,,,619790,260542,,0,4325751,56368,239566,53809,,,,0,4325751,56368
7/30/20,UT,A+,300,,8,,2346,2346,238,22,610,87,486084,4524,,,589565,249,,39696,39696,502,0,,503,,476,44415,27261,,0,633980,7269,,1348,,1128,525902,5111,633980,7269
7/30/20,VA,A+,2141,2035,16,106,7786,7786,1357,48,,284,1006069,17306,,,,,147,88904,85546,911,0,,,,,105369,11728,1091615,18152,1091615,18152,,,,,,0,,0
7/30/20,VI,C,8,8,0,,,,,0,,,8419,0,,,,,,385,,0,0,,,,,,296,,0,8804,0,,,,,,0,8833,0
7/30/20,VT,B,57,57,1,,,,18,0,,,90055,704,,,,,,1408,1408,1,0,,,,,,1207,,0,117054,1215,,,,,91463,705,117054,1215
7/30/20,WA,B,1555,1555,7,,5476,5476,530,2,,,1022223,13855,,,,,57,58298,58149,959,0,,,,,,,1081486,14588,1081486,14588,,,,,958307,13073,,0
7/30/20,WI,A+,926,919,8,7,4590,4590,341,51,893,111,867602,16211,,,,,,56079,52108,1091,0,,,,,,41319,1226990,24201,1226990,24201,,,,,919710,17270,,0
7/30/20,WV,B,115,,3,,,,102,0,,40,271059,3258,,,,,19,6422,6284,96,0,,,,,,4703,,0,277481,3354,14144,,,,,0,277343,3355
7/30/20,WY,B,26,,0,,166,166,18,1,,,49955,571,,,78275,,,2686,2217,58,0,,,,,2501,2065,,0,80776,1038,,,,,52172,616,80776,1038
7/29/20,AK,A,22,22,0,,145,145,45,2,,,220861,9721,,,,,3,2803,,68,0,,,,,,854,,0,223664,9789,,,,,,0,223664,9789
7/29/20,AL,B,1538,1489,47,49,9893,9893,1605,0,1109,,584493,1460,,,,595,,83782,81572,1416,0,,,,,,32510,,0,666065,2723,,,,,666065,2723,,0
7/29/20,AR,A,434,,6,,2747,2747,508,61,,,454637,4912,,,,387,108,40968,40968,787,0,,,,,,33938,,0,495605,5699,,,,,,0,495605,5699
7/29/20,AS,C,0,,0,,,,,0,,,1037,0,,,,,,0,0,0,0,,,,,,,,0,1037,0,,,,,,0,1037,0
7/29/20,AZ,A+,3454,2431,46,152,10060,10060,2424,666,,800,733156,8159,,,,,561,168273,137710,2339,0,,,,,,21994,,0,1296819,17261,224276,,,,901429,10498,1296819,17261
7/29/20,CA,B,8715,,197,,,,8439,0,,2209,7042161,90845,,,,,,475305,475305,8755,0,,,,,,,,0,7517466,99600,,,,,,0,7517466,99600
7/29/20,CO,A,1822,1483,15,339,6398,6398,341,79,,,473876,7013,126496,,,,,45796,42626,482,0,9224,,,,,5277,668245,11940,668245,11940,135720,,,,516502,7490,,0
7/29/20,CT,B,4425,3544,2,881,10712,10712,53,0,,,716236,12625,,,,,,49540,47581,463,0,,,,,,8516,,0,765776,13088,,,,,,0,763817,13117
7/29/20,DC,A+,584,,1,,,,83,0,,17,168050,1973,,,,,8,11999,,54,0,,,,,,9723,180049,2027,180049,2027,,,,,125267,1240,,0
7/29/20,DE,A+,581,511,1,70,,,68,0,,15,162414,2267,,,,,,14602,13606,126,0,,,,,18067,8108,244364,3096,244364,3096,,,,,177016,2393,,0
7/29/20,FL,A,6457,6457,217,,25867,25867,8720,587,,,3075342,37020,,334221,3971204,,,444622,,9320,0,,,18780,,567610,,4331458,74521,4331458,74521,,,353026,,3531721,46580,4557000,71960
7/29/20,GA,A,3642,,79,,17964,17964,3188,420,3301,,1334141,21867,,,,,,178323,178323,3271,0,13606,,,,163951,,,0,1540024,26141,217543,,,,,0,1540024,26141
7/29/20,GU,B,5,,0,,,,4,0,,2,20978,535,,,,,,351,343,2,0,2,,,,,297,,0,21329,537,145,,,,,0,21320,547
7/29/20,HI,D,26,,0,,167,167,47,2,,,115802,1126,,,,,,1757,,46,0,,,,,1719,1205,144156,1031,144156,1031,,,,,117559,1172,145404,1613
7/29/20,IA,A+,846,,7,,,,246,0,,76,419435,4777,,36041,,,32,43277,43277,500,0,,,2728,,,31246,,0,462712,5277,,,38808,,464517,5291,,0
7/29/20,ID,A,160,139,8,21,783,783,209,33,232,40,153820,1797,,,,,,19222,18072,528,0,,,,,,6203,,0,171892,2304,,,,,171892,2304,,0
7/29/20,IL,A,7654,7462,16,192,,,1491,0,,355,2433528,36794,,,,,152,176366,175124,1393,0,,,,,,,,0,2609894,38187,,,,,,0,2608652,38187
7/29/20,IN,A+,2932,2733,8,199,8587,8587,837,82,1796,279,659939,6808,,,,,69,64299,,621,0,,,,,69162,45058,,0,963913,17840,,,,,724238,7429,963913,17840
7/29/20,KS,A+,349,,14,,1700,1700,393,56,483,83,258079,5315,,,,174,29,26870,,698,0,,,,,,1149,,0,284949,6013,,,,,284949,6552,,0
7/29/20,KY,B,724,720,5,4,3281,3281,571,2,1133,112,539614,10027,,,,,,28727,27173,601,0,,,,,,7495,,0,566787,10544,42980,222,,,,0,566787,10544
7/29/20,LA,A,3883,3769,71,114,,,1544,0,,,1182358,17092,,,,,221,112773,112773,1735,0,,,,,,74246,,0,1295131,18827,,,,,,0,1295131,18827
7/29/20,MA,A+,8580,8360,29,220,11876,11876,390,21,,62,1040134,15200,,,,,23,116684,109096,502,0,,,,,145779,97595,,0,1558049,22042,,,94348,,1149230,15556,1558049,22042
7/29/20,MD,A,3478,3347,20,131,12448,12448,571,59,,145,792674,9942,,88627,,,,86285,86285,761,0,,,7891,,101638,5592,,0,1154902,15747,,,96518,,878959,10703,1154902,15747
7/29/20,ME,A+,121,120,0,1,385,385,11,1,,8,158211,2949,8332,,156649,,5,3866,3457,28,0,407,,,,4819,3336,,0,162077,2977,8751,,,,,0,161668,2973
7/29/20,MI,A+,6422,6172,1,250,,,670,0,,195,1704259,64335,,,1704259,,135,88974,80172,1016,0,,,,,115546,57502,,0,1793233,65351,210763,,,,,0,1819805,67930
7/29/20,MN,A,1629,1589,9,40,5077,5077,310,49,1484,143,940144,12437,,,,,,52947,52947,666,0,,,,,,46636,993091,13103,993091,13103,,,,,,0,,0
7/29/20,MO,B,1220,,7,,,,797,0,,,614149,6048,,56719,802399,,112,46750,46750,1927,0,,,2114,,52623,,,0,856436,9779,,,58833,,660899,7975,856436,9779
7/29/20,MP,D,2,,0,,4,4,,0,,,11719,0,,,,,,40,40,0,0,,,,,,29,,0,11759,0,,,,,11759,0,12745,0
7/29/20,MS,A+,1563,1524,20,39,4152,4152,1211,49,,296,387500,8666,,,,,178,55804,55046,1505,0,95,,,,,35071,,0,443304,10171,16140,,,,,0,442546,10124
7/29/20,MT,C,54,,3,,211,211,59,6,,,161679,3746,,,,,,3676,3676,201,0,,,,,,2212,,0,165355,3947,,,,,,0,165355,3947
7/29/20,NC,A+,1865,1865,45,,,,1291,0,,361,1573584,26131,,,,,,117850,117850,1763,0,,,,,,92302,,0,1691434,27894,,,,,,0,1691434,27894
7/29/20,ND,C,106,,2,,351,351,39,8,,,144856,951,6514,,,,,6215,6215,89,0,248,,,,,5087,292614,3299,292614,3299,6762,,,,148446,1186,301031,3460
7/29/20,NE,A,321,,4,,1606,1606,122,19,,,238876,2672,,,306284,,,25157,25157,258,0,,,,,30910,18702,,0,338010,5561,,,,,264313,2930,338010,5561
7/29/20,NH,B,409,,0,,690,690,21,0,202,,149583,0,,,,,,6500,6500,0,0,,,,,,5688,,0,228352,2697,27084,,26524,,156083,0,228352,2697
7/29/20,NJ,A+,15697,13923,18,1774,21321,21321,761,0,,116,1861916,57907,,,,,49,180766,180766,471,0,,,,,,32365,,0,2042682,58378,,,,,,0,2042682,58841
7/29/20,NM,B,632,,6,,2643,2643,158,29,,,524475,7413,,,,,,20136,20136,345,0,,,,,,7817,,0,544611,7758,,,,,,0,544611,7758
7/29/20,NV,A+,780,,21,,,,1110,0,,325,411579,5629,,,,,190,45806,45806,870,0,,,,,,,625843,8756,625843,8756,,,,,456602,6882,596795,11059
7/29/20,NY,A,25132,,6,,89995,89995,619,0,,154,5333229,61561,,,,,76,413593,413593,715,0,,,,,,72900,5746822,62276,5746822,62276,,,,,,0,,0
7/29/20,OH,B,3422,3156,40,266,10553,10553,1100,128,2513,348,1332944,20708,,,,,179,87893,83213,1396,0,,,,,,62695,,0,1420837,22104,,,,,,0,1416157,22025
7/29/20,OK,A+,523,,14,,3041,3041,663,54,,228,571890,16539,,,571890,,,34623,34623,848,0,2071,,,,40163,27386,,0,606513,17387,57683,,,,,0,613202,17925
7/29/20,OR,A+,311,,8,,1568,1568,235,31,,62,376434,6194,,,587836,,32,17721,16815,305,0,,,,,31770,3736,,0,619606,8562,,,,,393249,6463,619606,8562
7/29/20,PA,A+,7162,,16,,,,756,0,,,1073863,14087,,,,,109,110218,107138,834,0,,,,,,82663,,0,1184081,14921,,,,,1181001,14894,,0
7/29/20,PR,B,211,106,2,105,,,495,0,,66,305972,0,,,303412,,37,5700,5700,115,0,10361,,,,7002,,,0,311672,115,,,,,,0,310546,0
7/29/20,RI,A+,1007,,2,,2195,2195,74,13,,12,183665,1430,,,328838,,6,18800,18800,75,0,,,,,27348,1810,355196,3724,355196,3724,,,,,202465,1505,356186,3686
7/29/20,SC,A+,1615,1551,50,64,5117,5117,1596,0,,404,595144,8923,48452,,572645,,242,85846,85423,1737,0,3319,,,,107922,32859,,0,680990,10660,51771,,,,,0,680567,10626
7/29/20,SD,B,129,,6,,810,810,46,2,,,101073,2074,,,,,,8641,,149,0,,,,,,7609,,0,109714,2223,,,,,109714,2223,,0
7/29/20,TN,A,1020,983,42,37,4482,4482,1417,202,,,1355417,17950,,,1336405,,,100822,99703,1778,0,,,,,118715,62129,,0,1456239,19728,,,,,,0,1455120,44724
7/29/20,TX,A,6190,,313,,,,9595,0,,3136,3866076,45557,,,,,,403307,403307,9042,0,11227,8922,,,611266,251346,,0,4269383,54599,237895,51819,,,,0,4269383,54599
7/29/20,UT,A+,292,,6,,2324,2324,232,29,605,88,481560,4858,,,582970,244,,39194,39194,339,0,,487,,460,43741,26643,,0,626711,7075,,1311,,1097,520791,5316,626711,7075
7/29/20,VA,A+,2125,2020,30,105,7738,7738,1350,52,,276,988763,16347,,,,,155,87993,84700,999,0,,,,,104037,11650,1073463,17315,1073463,17315,,,,,,0,,0
7/29/20,VI,C,8,8,1,,,,,0,,,8419,124,,,,,,385,,10,0,,,,,,296,,0,8804,134,,,,,,0,8833,126
7/29/20,VT,B,56,56,0,,,,18,0,,,89351,550,,,,,,1407,1407,1,0,,,,,,1199,,0,115839,845,,,,,90758,551,115839,845
7/29/20,WA,B,1548,1548,30,,5474,5474,509,77,,,1008368,14401,,,,,48,57339,57202,1001,0,,,,,,,1066898,15276,1066898,15276,,,,,945234,11930,,0
7/29/20,WI,A+,918,911,5,7,4539,4539,271,46,886,86,851391,13824,,,,,,54988,51049,924,0,,,,,,40416,1202789,21024,1202789,21024,,,,,902440,14694,,0
7/29/20,WV,B,112,,1,,,,98,0,,40,267801,4130,,,,,13,6326,6187,153,0,,,,,,4589,,0,274127,4283,13990,,,,,0,273988,4284
7/29/20,WY,B,26,,0,,165,165,16,3,,,49384,1193,,,77279,,,2628,2172,39,0,,,,,2459,2022,,0,79738,1085,,,,,51556,1229,79738,1085
7/28/20,AK,A,22,22,1,,143,143,44,5,,,211140,6503,,,,,4,2735,,108,0,,,,,,836,,0,213875,6611,,,,,,0,213875,6611
7/28/20,AL,B,1491,1446,0,45,9893,9893,1598,199,1094,,583033,6189,,,,584,,82366,80309,1251,0,,,,,,32510,,0,663342,7369,,,,,663342,7369,,0
7/28/20,AR,A,428,,20,,2686,2686,501,62,,,449725,4281,,,,377,110,40181,40181,734,0,,,,,,33188,,0,489906,5015,,,,,,0,489906,5015
7/28/20,AS,C,0,,0,,,,,0,,,1037,0,,,,,,0,0,0,0,,,,,,,,0,1037,0,,,,,,0,1037,0
7/28/20,AZ,A+,3408,2431,104,152,9394,9394,2564,1643,,814,724997,10491,,,,,574,165934,137710,2107,0,,,,,,21626,,0,1279558,19111,221894,,,,890931,12598,1279558,19111
7/28/20,CA,B,8518,,73,,,,8317,0,,2198,6951316,115288,,,,,,466550,466550,6000,0,,,,,,,,0,7417866,121288,,,,,,0,7417866,121288
7/28/20,CO,A,1807,1470,8,337,6319,6319,353,48,,,466863,10998,125718,,,,,45314,42149,749,0,9159,,,,,5243,656305,17337,656305,17337,134877,,,,509012,11747,,0
7/28/20,CT,B,4423,3541,5,882,10712,10712,54,0,,,703611,7543,,,,,,49077,47089,94,0,,,,,,8516,,0,752688,7637,,,,,,0,750700,7638
7/28/20,DC,A+,583,,1,,,,106,0,,20,166077,3787,,,,,9,11945,,87,0,,,,,,9664,178022,3874,178022,3874,,,,,124027,2351,,0
7/28/20,DE,A+,580,510,1,70,,,62,0,,14,160147,1494,,,,,,14476,13480,70,0,,,,,17964,8076,241268,3688,241268,3688,,,,,174623,1564,,0
7/28/20,FL,A,6240,6240,191,,25280,25280,8992,590,,,3038322,39572,,334221,3912374,,,435302,,9138,0,,,18780,,555415,,4256937,76414,4256937,76414,,,353026,,3485141,48871,4485040,73756
7/28/20,GA,A,3563,,54,,17544,17544,3157,406,3236,,1312274,30154,,,,,,175052,175052,4209,0,13511,,,,161005,,,0,1513883,34855,216727,,,,,0,1513883,34855
7/28/20,GU,B,5,,0,,,,5,0,,2,20443,308,,,,,,349,341,3,0,2,,,,,291,,0,20792,311,145,,,,,0,20773,301
7/28/20,HI,D,26,,0,,165,165,39,2,,,114676,2244,,,,,,1711,,28,0,,,,,1680,1191,143125,1234,143125,1234,,,,,116387,2335,143791,891
7/28/20,IA,A+,839,,6,,,,253,0,,75,414658,2367,,35876,,,31,42777,42777,223,0,,,2719,,,30623,,0,457435,2590,,,38634,,459226,2707,,0
7/28/20,ID,A,152,130,6,22,750,750,209,9,224,40,152023,2206,,,,,,18694,17565,517,0,,,,,,5964,,0,169588,2685,,,,,169588,2685,,0
7/28/20,IL,A,7638,7446,30,192,,,1383,0,,329,2396734,27255,,,,,128,174973,173731,1076,0,,,,,,,,0,2571707,28331,,,,,,0,2570465,28331
7/28/20,IN,A+,2924,2725,18,199,8505,8505,907,61,1772,304,653131,8247,,,,,69,63678,,771,0,,,,,68086,44548,,0,946073,18320,,,,,716809,9018,946073,18320
7/28/20,KS,A+,335,,0,,1644,1644,212,0,465,58,252764,0,,,,171,24,26172,,0,0,,,,,,1108,,0,278936,0,,,,,278397,0,,0
7/28/20,KY,B,719,715,10,4,3279,3279,584,3,1132,115,529587,9738,,,,,,28126,26656,525,0,,,,,,7470,,0,556243,10185,42814,,,,,0,556243,10185
7/28/20,LA,A,3812,3700,26,112,,,1583,0,,,1165266,15161,,,,,214,111038,111038,1121,0,,,,,,61456,,0,1276304,16282,,,,,,0,1276304,16282
7/28/20,MA,A+,8551,8331,15,220,11855,11855,364,22,,54,1024934,9703,,,,,27,116182,108740,256,0,,,,,145395,96452,,0,1536007,25590,,,93124,,1133674,9881,1536007,25590
7/28/20,MD,A,3458,3327,11,131,12389,12389,544,50,,150,782732,12090,,,,,,85524,85524,648,0,,,,,100717,5592,,0,1139155,23944,,,,,868256,12738,1139155,23944
7/28/20,ME,A+,121,120,2,1,384,384,12,1,,7,155262,1653,8317,,153711,,2,3838,3433,6,0,405,,,,4786,3319,,0,159100,1659,8734,,,,,0,158695,1664
7/28/20,MI,A+,6421,6170,16,251,,,670,0,,195,1639924,26608,,,1639924,,135,87958,79176,785,0,,,,,111951,57502,,0,1727882,27393,209655,,,,,0,1751875,27983
7/28/20,MN,A,1620,1580,4,40,5028,5028,294,67,1474,138,927707,8784,,,,,,52281,52281,478,0,,,,,,45987,979988,9262,979988,9262,,,,,,0,,0
7/28/20,MO,B,1213,,12,,,,797,0,,,608101,9247,,56380,794773,,112,44823,44823,1773,0,,,2087,,50511,,,0,846657,16643,,,58467,,652924,11020,846657,16643
7/28/20,MP,D,2,,0,,4,4,,0,,,11719,0,,,,,,40,40,0,0,,,,,,29,,0,11759,0,,,,,11759,0,12745,0
7/28/20,MS,A+,1543,1504,42,39,4103,4103,1184,71,,288,378834,4194,,,,,169,54299,53588,1342,0,95,,,,,35071,,0,433133,5536,16053,,,,,0,432422,5496
7/28/20,MT,C,51,,4,,205,205,62,4,,,157933,2659,,,,,,3475,3475,94,0,,,,,,2104,,0,161408,2753,,,,,,0,161408,2753
7/28/20,NC,A+,1820,1820,30,,,,1244,0,,364,1547453,26315,,,,,,116087,116087,1749,0,,,,,,92302,,0,1663540,28064,,,,,,0,1663540,28064
7/28/20,ND,C,104,,1,,343,343,35,6,,,143905,1525,6478,,,,,6126,6126,151,0,246,,,,,4957,289315,4001,289315,4001,6724,,,,147260,1857,297571,4308
7/28/20,NE,A,317,,1,,1587,1587,117,17,,,236204,1995,,,301136,,,24899,24899,281,0,,,,,30501,18520,,0,332449,3029,,,,,261383,2278,332449,3029
7/28/20,NH,B,409,,0,,690,690,21,2,202,,149583,2410,,,,,,6500,6500,64,0,,,,,,5688,,0,225655,2964,26925,,26524,,156083,2474,225655,2964
7/28/20,NJ,A+,15679,13905,22,1774,21321,21321,718,0,,112,1804009,-20,,,,,50,180295,180295,483,0,,,,,,32313,,0,1984304,463,,,,,,0,1983841,0
7/28/20,NM,B,626,,7,,2614,2614,160,24,,,517062,7674,,,,,,19791,19791,289,0,,,,,,7657,,0,536853,7963,,,,,,0,536853,7963
7/28/20,NV,A+,759,,20,,,,1147,0,,319,405950,5102,,,,,191,44936,44936,1105,0,,,,,,,617087,8949,617087,8949,,,,,449720,6112,585736,10309
7/28/20,NY,A,25126,,9,,89995,89995,648,0,,152,5271668,56863,,,,,81,412878,412878,534,0,,,,,,72813,5684546,57397,5684546,57397,,,,,,0,,0
7/28/20,OH,B,3382,3118,38,264,10425,10425,1144,140,2488,363,1312236,53315,,,,,176,86497,81896,1320,0,,,,,,61056,,0,1398733,54635,,,,,,0,1394132,54583
7/28/20,OK,A+,509,,13,,2987,2987,596,115,,207,555351,19723,,,555351,,,33775,33775,1089,0,2071,,,,38785,26363,,0,589126,20812,57683,,,,,0,595277,22092
7/28/20,OR,A+,303,,14,,1537,1537,230,23,,58,370240,4762,,,579765,,31,17416,16546,328,0,,,,,31279,3736,,0,611044,8134,,,,,386786,5068,611044,8134
7/28/20,PA,A+,7146,,24,,,,716,0,,,1059776,17352,,,,,98,109384,106331,1120,0,,,,,,82038,,0,1169160,18472,,,,,1166107,18455,,0
7/28/20,PR,B,209,104,8,105,,,469,0,,66,305972,0,,,303412,,37,5585,5585,169,0,10255,,,,7002,,,0,311557,169,,,,,,0,310546,0
7/28/20,RI,A+,1005,,1,,2182,2182,68,8,,10,182235,4132,,,325253,,7,18725,18725,210,0,,,,,27247,1803,351472,4037,351472,4037,,,,,200960,4342,352500,6848
7/28/20,SC,A+,1565,1505,59,60,5117,5117,1575,290,,401,586221,9737,48268,,564492,,256,84109,83720,1692,0,3235,,,,105449,32859,,0,670330,11429,51503,,,,,0,669941,11386
7/28/20,SD,B,123,,0,,808,808,49,2,,,98999,616,,,,,,8492,,48,0,,,,,,7474,,0,107491,664,,,,,107491,664,,0
7/28/20,TN,A,978,943,0,35,4280,4280,1420,0,,,1337467,22504,,,1296839,,,99044,97966,2555,0,,,,,113557,57239,,0,1436511,25059,,,,,,0,1410396,0
7/28/20,TX,A,5877,,164,,,,9593,0,,3136,3820519,51611,,,,,,394265,394265,8342,0,11227,8721,,,603167,244449,,0,4214784,59953,237895,49956,,,,0,4214784,59953
7/28/20,UT,A+,286,,5,,2295,2295,233,42,592,90,476702,4539,,,576422,240,,38855,38855,446,0,,471,,444,43214,25905,,0,619636,6631,,1270,,1062,515475,5027,619636,6631
7/28/20,VA,A+,2095,1991,13,104,7686,7686,1294,39,,261,972416,19277,,,,,153,86994,83732,922,0,,,,,101450,11550,1056148,20138,1056148,20138,,,,,,0,,0
7/28/20,VI,C,7,7,0,,,,,0,,,8295,262,,,,,,375,,11,0,,,,,,292,,0,8670,273,,,,,,0,8707,297
7/28/20,VT,B,56,56,0,,,,18,0,,,88801,895,,,,,,1406,1406,3,0,,,,,,1194,,0,114994,1210,,,,,90207,898,114994,1210
7/28/20,WA,B,1518,1518,17,,5397,5397,478,23,,,993967,15194,,,,,49,56338,56217,337,0,,,,,,,1051622,16103,1051622,16103,,,,,933304,13957,,0
7/28/20,WI,A+,913,906,13,7,4493,4493,246,73,880,86,837567,13662,,,,,,54064,50179,783,0,,,,,,39513,1181765,12190,1181765,12190,,,,,887746,14424,,0
7/28/20,WV,B,111,,5,,,,94,0,,37,263671,3692,,,,,15,6173,6033,119,0,,,,,,4481,,0,269844,3811,13894,,,,,0,269704,3812
7/28/20,WY,B,26,,1,,162,162,15,4,,,48191,2368,,,76247,,,2589,2136,69,0,,,,,2406,1970,,0,78653,1156,,,,,50327,2582,78653,1156
7/27/20,AK,A,21,21,1,,138,138,38,3,,,204637,-94,,,,,3,2627,,94,0,,,,,,817,,0,207264,0,,,,,,0,207264,0
7/27/20,AL,B,1491,1446,18,45,9694,9694,1473,537,1081,,576844,6452,,,,577,,81115,79129,1821,0,,,,,,32510,,0,655973,8230,,,,,655973,8230,,0
7/27/20,AR,A,408,,7,,2624,2624,489,82,,,445444,6800,,,,369,110,39447,39447,824,0,,,,,,32365,,0,484891,7624,,,,,,0,484891,7624
7/27/20,AS,C,0,,0,,,,,0,,,1037,0,,,,,,0,0,0,0,,,,,,,,0,1037,0,,,,,,0,1037,0
7/27/20,AZ,A+,3304,2431,-1,152,7751,7751,2626,45,,820,714506,9417,,,,,567,163827,137710,1813,0,,,,,,21321,,0,1260447,7668,221349,,,,878333,11230,1260447,7668
7/27/20,CA,B,8445,,29,,,,8820,0,,2284,6836028,121548,,,,,,460550,460550,6891,0,,,,,,,,0,7296578,128439,,,,,,0,7296578,128439
7/27/20,CO,A,1799,1463,5,336,6271,6271,359,3,,,455865,2413,124853,,,,,44565,41400,229,0,9091,,,,,5212,638968,3393,638968,3393,133944,,,,497265,2639,,0
7/27/20,CT,B,4418,3536,5,882,10712,10712,59,0,,,696068,31772,,,,,,48983,46994,207,0,,,,,,8516,,0,745051,31979,,,,,,0,743062,31960
7/27/20,DC,A+,582,,1,,,,102,0,,20,162290,2472,,,,,8,11858,,78,0,,,,,,9639,174148,2550,174148,2550,,,,,121676,1417,,0
7/27/20,DE,A+,579,509,0,70,,,63,0,,18,158653,2950,,,,,,14406,13410,116,0,,,,,17882,8035,237580,2967,237580,2967,,,,,173059,3066,,0
7/27/20,FL,A,6049,6049,77,,24690,24690,9098,269,,,2998750,36102,,334221,3851809,,,426164,,8804,0,,,18780,,542920,,4180523,75332,4180523,75332,,,353026,,3436270,45137,4411284,70623
7/27/20,GA,A,3509,,11,,17138,17138,3181,47,3172,,1282120,21128,,,,,,170843,170843,2890,0,13456,,,,156870,,,0,1479028,23968,216240,,,,,0,1479028,23968
7/27/20,GU,B,5,,0,,,,4,0,,,20135,440,,,,,,346,338,9,0,2,,,,,291,,0,20481,449,145,,,,,0,20472,681
7/27/20,HI,D,26,,0,,163,163,26,2,,,112432,0,,,,,,1683,,63,0,,,,,1635,1179,141891,2541,141891,2541,,,,,114052,0,142900,2458
7/27/20,IA,A+,833,,6,,,,241,0,,78,412291,3892,,35747,,,32,42554,42554,354,0,,,2705,,,29873,,0,454845,4246,,,38491,,456519,4239,,0
7/27/20,ID,A,146,125,0,21,741,741,204,18,222,45,149817,1420,,,,,,18177,17086,350,0,,,,,,5731,,0,166903,1771,,,,,166903,1771,,0
7/27/20,IL,A,7608,7416,18,192,,,1417,0,,350,2369479,29336,,,,,124,173897,172655,1231,0,,,,,,,,0,2543376,30567,,,,,,0,2542134,30567
7/27/20,IN,A+,2906,2709,3,197,8444,8444,835,43,1767,291,644884,5945,,,,,66,62907,,535,0,,,,,66936,44124,,0,927753,3593,,,,,707791,6480,927753,3593
7/27/20,KS,A+,335,,9,,1644,1644,212,48,465,58,252764,-94,,,,171,24,26172,,1063,0,,,,,,1108,,0,278936,969,,,,,278397,430,,0
7/27/20,KY,B,709,705,9,4,3276,3276,609,10,1129,131,519849,5030,,,,,,27601,26209,522,0,,,,,,7466,,0,546058,5849,42699,,,,,0,546058,5849
7/27/20,LA,A,3786,3674,23,112,,,1600,0,,,1150105,24415,,,,,208,109917,109917,2343,0,,,,,,61456,,0,1260022,26758,,,,,,0,1260022,26758
7/27/20,MA,A+,8536,8317,7,219,11833,11833,350,5,,57,1015231,10109,,,,,28,115926,108562,289,0,,,,,144998,96452,,0,1510417,22023,,,92664,,1123793,10291,1510417,22023
7/27/20,MD,A,3447,3315,7,132,12339,12339,536,56,,145,770642,15818,,,,,,84876,84876,1128,0,,,,,99680,5434,,0,1115211,23395,,,,,855518,16946,1115211,23395
7/27/20,ME,A+,119,118,0,1,383,383,13,2,,8,153609,2105,8304,,152067,,3,3832,3422,18,0,405,,,,4766,3292,,0,157441,2123,8721,,,,,0,157031,2119
7/27/20,MI,A+,6405,6154,5,251,,,670,0,,195,1613316,29233,,,1613316,,113,87173,78507,512,0,,,,,110576,57502,,0,1700489,29745,208729,,,,,0,1723892,30180
7/27/20,MN,A,1616,1576,2,40,4961,4961,257,41,1458,126,918923,12702,,,,,,51803,51803,650,0,,,,,,45198,970726,13352,970726,13352,,,,,,0,,0
7/27/20,MO,B,1201,,4,,,,1057,0,,,598854,13830,,56042,780858,,159,43050,43050,1123,0,,,2027,,47812,,,0,830014,23261,,,58069,,641904,14953,830014,23261
7/27/20,MP,D,2,,0,,4,4,,0,,,11719,419,,,,,,40,40,0,0,,,,,,29,,0,11759,419,,,,,11759,421,12745,0
7/27/20,MS,A+,1501,1464,6,37,4032,4032,1179,50,,304,374640,3851,,,,,166,52957,52286,653,0,95,,,,,35071,,0,427597,4504,15922,,,,,0,426926,5693
7/27/20,MT,C,47,,1,,201,201,61,2,,,155274,6301,,,,,,3381,3381,39,0,,,,,,2090,,0,158655,6340,,,,,,0,158655,6340
7/27/20,NC,A+,1790,1790,5,,,,1169,0,,352,1521138,20466,,,,,,114338,114338,1625,0,,,,,,92302,,0,1635476,22091,,,,,,0,1635476,22091
7/27/20,ND,C,103,,0,,337,337,43,4,,,142380,1777,6411,,,,,5975,5975,111,0,243,,,,,4829,285314,4241,285314,4241,6654,,,,145403,1843,293263,4405
7/27/20,NE,A,316,,0,,1570,1570,109,3,,,234209,3140,,,298461,,,24618,24618,223,0,,,,,30148,18097,,0,329420,3841,,,,,259105,3365,329420,3841
7/27/20,NH,B,409,,0,,688,688,20,0,200,,147173,0,,,,,,6436,6436,0,0,,,,,,5438,,0,222691,2375,26858,,26428,,153609,0,222691,2375
7/27/20,NJ,A+,15657,13884,18,1773,21321,21321,695,7,,128,1804029,30103,,,,,54,179812,179812,449,0,,,,,,32275,,0,1983841,30552,,,,,,0,1983841,30552
7/27/20,NM,B,619,,5,,2590,2590,159,30,,,509388,7712,,,,,,19502,19502,460,0,,,,,,7459,,0,528890,8172,,,,,,0,528890,8172
7/27/20,NV,A+,739,,5,,,,1112,0,,310,400848,4760,,,,,184,43831,43831,997,0,,,,,,,608138,2544,608138,2544,,,,,443608,5800,575427,9051
7/27/20,NY,A,25117,,11,,89995,89995,642,0,,149,5214805,56662,,,,,84,412344,412344,608,0,,,,,,72766,5627149,57270,5627149,57270,,,,,,0,,0
7/27/20,OH,B,3344,3082,37,262,10285,10285,1110,86,2466,356,1258921,16563,,,,,164,85177,80628,1104,0,,,,,,59413,,0,1344098,17667,,,,,,0,1339549,17618
7/27/20,OK,A+,496,,0,,2872,2872,625,37,,225,535628,0,,,535628,,,32686,32686,1401,0,2071,,,,36489,25252,,0,568314,1401,57683,,,,,0,573185,0
7/27/20,OR,A+,289,,0,,1514,1514,237,40,,58,365478,3761,,,572096,,27,17088,16240,330,0,,,,,30814,3684,,0,602910,6312,,,,,381718,15982,602910,6312
7/27/20,PA,A+,7122,,4,,,,704,0,,,1042424,13648,,,,,98,108264,105228,839,0,,,,,,81198,,0,1150688,14487,,,,,1147652,14475,,0
7/27/20,PR,B,201,99,0,102,,,509,0,,66,305972,0,,,303412,,37,5416,5416,180,0,10015,,,,7002,,,0,311388,180,,,,,,0,310546,0
7/27/20,RI,A+,1004,,2,,2174,2174,71,28,,8,178103,6299,,,318691,,6,18515,18515,291,0,,,,,26961,1792,347435,3001,347435,3001,,,,,196618,6590,345652,16096
7/27/20,SC,A+,1506,1452,15,54,4827,4827,1668,0,,,576484,9870,48187,,555317,,263,82417,82071,1218,0,3214,,,,103238,29378,,0,658901,11088,51401,,,,,0,658555,11085
7/27/20,SD,B,123,,0,,806,806,47,5,,,98383,-148,,,,,,8444,,49,0,,,,,,7404,,0,106827,-99,,,,,106827,-99,,0
7/27/20,TN,A,978,943,11,35,4280,4280,1328,36,,,1314963,26047,,,1296839,,,96489,95433,2553,0,,,,,113557,57239,,0,1411452,28600,,,,,,0,1410396,28537
7/27/20,TX,A,5713,,675,,,,10893,0,,3281,3768908,11546,,,,,,385923,385923,4267,0,10921,8474,,,593896,229107,,0,4154831,15813,235797,47788,,,,0,4154831,15813
7/27/20,UT,A+,281,,7,,2253,2253,225,19,580,83,472163,3717,,,570357,239,,38409,38409,436,0,,454,,427,42648,25321,,0,613005,5629,,1207,,1006,510448,4117,613005,5629
7/27/20,VA,A+,2082,1978,4,104,7647,7647,1200,54,,260,953139,9466,,,,,140,86072,82871,1505,0,,,,,101450,10940,1036010,10944,1036010,10944,,,,,,0,,0
7/27/20,VI,C,7,7,0,,,,,0,,,8033,42,,,,,,364,,3,0,,,,,,250,,0,8397,45,,,,,,0,8410,38
7/27/20,VT,B,56,56,0,,,,13,0,,,87906,830,,,,,,1403,1403,2,0,,,,,,1190,,0,113784,1143,,,,,89309,832,113784,1143
7/27/20,WA,B,1501,1501,7,,5374,5374,481,33,,,978773,16323,,,,,42,56001,55882,475,0,,,,,,,1035519,17296,1035519,17296,,,,,919347,15673,,0
7/27/20,WI,A+,900,893,1,7,4420,4420,250,26,872,85,823905,6356,,,,,,53281,49417,601,0,,,,,,38633,1169575,14956,1169575,14956,,,,,873322,6946,,0
7/27/20,WV,B,106,,3,,,,85,0,,37,259979,4213,,,,,10,6054,5913,94,0,,,,,,4332,,0,266033,4307,13825,,,,,0,265892,4301
7/27/20,WY,B,25,,0,,158,158,17,0,,,45823,0,,,75120,,,2520,2072,45,0,,,,,2377,1915,,0,77497,2224,,,,,47745,0,77497,2224
7/26/20,AK,A,20,20,0,,135,135,43,3,,,204731,2013,,,,,4,2533,,185,0,,,,,,817,,0,207264,2198,,,,,,0,207264,2198
7/26/20,AL,B,1473,1428,17,45,9157,9157,1512,0,1076,,570392,6911,,,,573,,79294,77351,1164,0,,,,,,32510,,0,647743,7948,,,,,647743,7948,,0
7/26/20,AR,A+,401,,7,,2542,2542,479,181,,,438644,14429,,,,358,105,38623,38623,1374,0,,,,,,31622,,0,477267,15803,,,,,,0,477267,15803
7/26/20,AS,C,0,,0,,,,,0,,,1037,0,,,,,,0,0,0,0,,,,,,,,0,1037,0,,,,,,0,1037,0
7/26/20,AZ,A+,3305,2431,19,152,7706,7706,2650,79,,837,705089,7521,,,,,581,162014,137710,1973,0,,,,,,20978,,0,1252779,11726,220444,,,,867103,9494,1252779,11726
7/26/20,CA,B,8416,,79,,,,8820,0,,2284,6714480,112525,,,,,,453659,453659,8259,0,,,,,,,,0,7168139,120784,,,,,,0,7168139,120784
7/26/20,CO,A,1794,1458,0,336,6268,6268,365,7,,,453452,6845,124565,,,,,44336,41174,547,0,9075,,,,,5182,635575,11224,635575,11224,133640,,,,494626,7391,,0
7/26/20,CT,B,4413,3531,0,882,10712,10712,71,0,,,664296,0,,,,,,48776,46806,0,0,,,,,,8516,,0,713072,0,,,,,,0,711102,0
7/26/20,DC,A+,581,,0,,,,85,0,,22,159818,2526,,,,,9,11780,,63,0,,,,,,9607,171598,2589,171598,2589,,,,,120259,1246,,0
7/26/20,DE,A+,579,509,0,70,,,57,0,,9,155703,2956,,,,,,14290,13294,115,0,,,,,17788,7996,234613,2579,234613,2579,,,,,169993,3071,,0
7/26/20,FL,A,5972,5972,78,,24421,24421,8951,335,,,2962648,40782,,334221,3793442,,,417360,,9246,0,,,18780,,531369,,4105191,81480,4105191,81480,,,353026,,3391133,50204,4340661,77484
7/26/20,GA,A,3498,,3,,17091,17091,3079,62,3168,,1260992,18340,,,,,,167953,167953,2765,0,13147,,,,153582,,,0,1455060,23372,213487,,,,,0,1455060,23372
7/26/20,GU,B,5,,0,,,,1,0,,,19695,0,,,,,,337,329,0,0,2,,,,,244,,0,20032,0,145,,,,,0,19791,0
7/26/20,HI,D,26,,0,,161,161,29,5,,,112432,1191,,,,,,1620,,71,0,,,,,1572,1167,139350,2247,139350,2247,,,,,114052,1262,140442,2088
7/26/20,IA,A+,827,,1,,,,226,0,,77,408399,3807,,35699,,,29,42200,42200,529,0,,,2700,,,29625,,0,450599,4336,,,38438,,452280,4357,,0
7/26/20,ID,A,146,125,2,21,723,723,204,14,217,45,148397,2221,,,,,,17827,16735,563,0,,,,,,5483,,0,165132,2748,,,,,165132,2748,,0
7/26/20,IL,A,7590,7398,1,192,,,1394,0,,345,2340143,39303,,,,,119,172666,171424,1541,0,,,,,,,,0,2512809,40844,,,,,,0,2511567,40844
7/26/20,IN,A+,2903,2706,8,197,8401,8401,834,221,1758,282,638939,10185,,,,,62,62372,,852,0,,,,,66662,43809,,0,924160,6791,,,,,701311,11037,924160,6791
7/26/20,KS,A+,326,,0,,1596,1596,315,0,459,98,252858,0,,,,166,24,25109,,0,0,,,,,,1077,,0,277967,0,,,,,277967,0,,0
7/26/20,KY,B,700,696,4,4,3266,3266,595,0,1126,132,514819,0,,,,,,27079,25699,315,0,,,,,,7421,,0,540209,0,42175,,,,,0,540209,0
7/26/20,LA,A,3763,3651,48,112,,,1557,0,,,1125690,29698,,,,,184,107574,107574,3840,0,,,,,,61456,,0,1233264,33538,,,,,,0,1233264,33538
7/26/20,MA,A+,8529,8310,19,219,11828,11828,364,15,,56,1005122,9507,,,,,30,115637,108380,369,0,,,,,144566,96452,,0,1488394,7350,,,92459,,1113502,9780,1488394,7350
7/26/20,MD,A,3440,3309,7,131,12283,12283,540,95,,153,754824,12552,,,,,,83748,83748,694,0,,,,,98314,5434,,0,1091816,22041,,,,,838572,13246,1091816,22041
7/26/20,ME,A+,119,118,0,1,381,381,14,2,,10,151504,1921,8279,,149972,,3,3814,3408,24,0,404,,,,4744,3284,,0,155318,1945,8695,,,,,0,154912,1942
7/26/20,MI,A+,6400,6149,0,251,,,680,0,,210,1584083,54509,,,1584083,,113,86661,78019,1589,0,,,,,109629,57502,,0,1670744,56098,207540,,,,,0,1693712,56695
7/26/20,MN,A,1614,1574,3,40,4920,4920,273,31,1448,115,906221,15816,,,,,,51153,51153,862,0,,,,,,44431,957374,16678,957374,16678,,,,,,0,,0
7/26/20,MO,B,1197,,15,,,,1057,0,,,585024,6012,,55456,757625,,159,41927,41927,1218,0,,,2027,,47784,,,0,806753,10787,,,57483,,626951,7230,806753,10787
7/26/20,MP,D,2,,0,,4,4,,0,,,11300,0,,,,,,40,40,1,0,,,,,,29,,0,11340,1,,,,,11338,0,12745,0
7/26/20,MS,A+,1495,1458,15,37,3982,3982,1172,0,,295,370789,0,,,,,159,52304,51639,1207,0,95,,,,,30315,,0,423093,1207,15740,,,,,0,421233,0
7/26/20,MT,C,46,,0,,199,199,62,4,,,148973,1218,,,,,,3342,3342,82,0,,,,,,2079,,0,152315,1300,,,,,,0,152315,1300
7/26/20,NC,A+,1785,1785,7,,,,1170,0,,350,1500672,32722,,,,,,112713,112713,1621,0,,,,,,78707,,0,1613385,34343,,,,,,0,1613385,34343
7/26/20,ND,C,103,,0,,333,333,42,5,,,140603,2079,6402,,,,,5864,5864,140,0,243,,,,,4752,281073,4524,281073,4524,6645,,,,143560,2190,288858,4725
7/26/20,NE,A,316,,0,,1567,1567,103,19,,,231069,2638,,,294864,,,24395,24395,221,0,,,,,29911,18097,,0,325579,3583,,,,,255740,2859,325579,3583
7/26/20,NH,B,409,,0,,688,688,20,2,200,,147173,1298,,,,,,6436,6436,21,0,,,,,,5438,,0,220316,2134,26818,,26428,,153609,1319,220316,2134
7/26/20,NJ,A+,15639,13867,12,1772,21314,21314,725,0,,126,1773926,64627,,,,,54,179363,179363,505,0,,,,,,32133,,0,1953289,65132,,,,,,0,1953289,65645
7/26/20,NM,B,614,,7,,2560,2560,144,18,,,501676,8039,,,,,,19042,19042,254,0,,,,,,7349,,0,520718,8293,,,,,,0,520718,8293
7/26/20,NV,A+,734,,2,,,,1147,0,,314,396088,7383,,,,,180,42834,42834,1018,0,,,,,,,605594,5465,605594,5465,,,,,437808,8761,566376,13895
7/26/20,NY,A,25106,,3,,89995,89995,637,0,,155,5158143,53032,,,,,90,411736,411736,536,0,,,,,,72716,5569879,53568,5569879,53568,,,,,,0,,0
7/26/20,OH,B,3307,3049,10,258,10199,10199,1075,54,2444,357,1242358,31720,,,,,177,84073,79573,889,0,,,,,,58465,,0,1326431,32609,,,,,,0,1321931,32558
7/26/20,OK,A+,496,,0,,2835,2835,625,67,,225,535628,0,,,535628,,,31285,31285,1204,0,2071,,,,36489,24698,,0,566913,1204,57683,,,,,0,573185,0
7/26/20,OR,A+,289,,3,,1474,1474,233,0,,58,361717,4199,,,566141,,30,16758,15273,266,0,,,,,30457,3541,,0,596598,7227,,,,,365736,0,596598,7227
7/26/20,PA,A+,7118,,4,,,,707,0,,,1028776,12071,,,,,104,107425,104401,800,0,,,,,,80568,,0,1136201,12871,,,,,1133177,12840,,0
7/26/20,PR,B,201,99,0,102,,,496,0,,61,305972,0,,,303412,,34,5236,5236,194,0,9907,,,,7002,,,0,311208,194,,,,,,0,310546,0
7/26/20,RI,A+,1002,,0,,2146,2146,66,0,,6,171804,0,,,302963,,5,18224,18224,0,0,,,,,26593,1769,344434,4371,344434,4371,,,,,190028,0,329556,0
7/26/20,SC,A+,1491,1436,26,55,4827,4827,1668,0,,,566614,8132,48039,,545900,,263,81199,80856,1191,0,3183,,,,101570,29378,,0,647813,9323,51222,,,,,0,647470,9314
7/26/20,SD,B,123,,1,,801,801,48,3,,,98531,923,,,,,,8395,,90,0,,,,,,7364,,0,106926,1013,,,,,106926,1013,,0
7/26/20,TN,A,967,933,3,34,4244,4244,1313,48,,,1288916,47338,,,1271424,,,93936,92943,3140,0,,,,,110435,54730,,0,1382852,50478,,,,,,0,1381859,50431
7/26/20,TX,A,5038,,153,,,,10893,0,,3281,3757362,16804,,,,,,381656,381656,5810,0,10751,8384,,,591218,229107,,0,4139018,22614,234534,47065,,,,0,4139018,22614
7/26/20,UT,A+,274,,0,,2234,2234,251,21,577,83,468446,3511,,,565198,239,,37973,37973,350,0,,448,,421,42178,24798,,0,607376,4671,,1195,,997,506331,3813,607376,4671
7/26/20,VA,A+,2078,1975,3,103,7593,7593,1174,23,,268,943673,16839,,,,,143,84567,81393,958,0,,,,,100785,10882,1025066,17752,1025066,17752,,,,,,0,,0
7/26/20,VI,C,7,7,0,,,,,0,,,7991,90,,,,,,361,,9,0,,,,,,238,,0,8352,99,,,,,,0,8372,99
7/26/20,VT,B,56,56,0,,,,10,0,,,87076,886,,,,,,1401,1401,4,0,,,,,,1186,,0,112641,1390,,,,,88477,890,112641,1390
7/26/20,WA,B,1494,1494,-1,,5341,5341,494,40,,,962450,4623,,,,,51,55526,55408,810,0,,,,,,,1018223,4944,1018223,4944,,,,,903674,19692,,0
7/26/20,WI,A+,899,892,1,7,4394,4394,165,26,870,64,817549,9021,,,,,,52680,48827,965,0,,,,,,37971,1154619,16452,1154619,16452,,,,,866376,9978,,0
7/26/20,WV,B,103,,0,,,,82,0,,35,255766,4673,,,,,11,5960,5825,139,0,,,,,,4168,,0,261726,4812,13751,,,,,0,261591,4811
7/26/20,WY,B,25,,0,,158,158,14,0,,,45823,0,,,72982,,,2475,2029,29,0,,,,,2291,1883,,0,75273,259,,,,,47745,0,75273,259
7/25/20,AK,A,20,20,1,,132,132,38,6,,,202718,4406,,,,,2,2348,,88,0,,,,,,815,,0,205066,4494,,,,,,0,205066,4494
7/25/20,AL,B,1456,1413,18,43,9157,9157,1499,0,1069,,563481,10502,,,,567,,78130,76314,2125,0,,,,,,32510,,0,639795,12451,,,,,639795,12451,,0
7/25/20,AR,A+,394,,0,,2361,2361,497,0,,,424215,0,,,,329,109,37249,37249,0,0,,,,,,29827,,0,461464,0,,,,,,0,461464,0
7/25/20,AS,C,0,,0,,,,,0,,,1037,0,,,,,,0,0,0,0,,,,,,,,0,1037,0,,,,,,0,1037,0
7/25/20,AZ,A+,3286,2431,144,152,7627,7627,2758,166,,842,697568,17052,,,,,594,160041,137710,3740,0,,,,,,20566,,0,1241053,16169,218559,,,,857609,20792,1241053,16169
7/25/20,CA,B,8337,,151,,,,8820,0,,2284,6601955,121413,,,,,,445400,445400,10066,0,,,,,,,,0,7047355,131479,,,,,,0,7047355,131479
7/25/20,CO,A,1794,1458,4,336,6261,6261,338,34,,,446607,9843,123881,,,,,43789,40628,809,0,9035,,,,,5158,624351,16281,624351,16281,132916,,,,487235,10649,,0
7/25/20,CT,B,4413,3531,0,882,10712,10712,71,0,,,664296,0,,,,,,48776,46806,0,0,,,,,,8516,,0,713072,0,,,,,,0,711102,0
7/25/20,DC,A+,581,,0,,,,97,0,,28,157292,3681,,,,,9,11717,,68,0,,,,,,9603,169009,3749,169009,3749,,,,,119013,2198,,0
7/25/20,DE,A+,579,509,1,70,,,55,0,,11,152747,2623,,,,,,14175,13179,-27,0,,,,,17693,7961,232034,3115,232034,3115,,,,,166922,2596,,0
7/25/20,FL,A,5894,5894,126,,24086,24086,9035,511,,,2921866,47542,,334221,3728507,,,408114,,12045,0,,,18780,,519405,,4023711,102503,4023711,102503,,,353026,,3340929,59842,4263177,96533
7/25/20,GA,A,3495,,53,,17029,17029,3094,277,3158,,1242652,21609,,,,,,165188,165188,3787,0,12875,,,,150794,,,0,1431688,30895,211405,,,,,0,1431688,30895
7/25/20,GU,B,5,,0,,,,1,0,,,19695,563,,,,,,337,329,0,0,2,,,,,244,,0,20032,563,145,,,,,0,19791,0
7/25/20,HI,D,26,,0,,156,156,29,1,,,111241,1440,,,,,,1549,,59,0,,,,,1502,1148,137103,1951,137103,1951,,,,,112790,1499,138354,2346
7/25/20,IA,A+,826,,3,,,,220,0,,72,404592,3990,,35600,,,28,41671,41671,400,0,,,2693,,,29477,,0,446263,4390,,,38332,,447923,4424,,0
7/25/20,ID,A,144,123,6,21,709,709,204,12,210,45,146176,2719,,,,,,17264,16208,528,0,,,,,,5251,,0,162384,3221,,,,,162384,3221,,0
7/25/20,IL,A,7589,7397,12,192,,,1438,0,,341,2300840,36774,,,,,110,171125,169883,1426,0,,,,,,,,0,2471965,38200,,,,,,0,2470723,38200
7/25/20,IN,A+,2895,2698,11,197,8180,8180,824,52,1736,281,628754,10603,,,,,63,61520,,922,0,,,,,66239,43535,,0,917369,17350,,,,,690274,11525,917369,17350
7/25/20,KS,A+,326,,0,,1596,1596,315,0,459,98,252858,0,,,,166,24,25109,,0,0,,,,,,1077,,0,277967,0,,,,,277967,0,,0
7/25/20,KY,B,696,692,5,4,3266,3266,595,18,1126,132,514819,7274,,,,,,26764,25390,833,0,,,,,,7421,,0,540209,8049,42175,,,,,0,540209,8049
7/25/20,LA,A,3715,3603,0,112,,,1600,0,,,1095992,0,,,,,197,103734,103734,0,0,,,,,,61456,,0,1199726,0,,,,,,0,1199726,0
7/25/20,MA,A+,8510,8291,12,219,11813,11813,371,28,,50,995615,11120,,,,,27,115268,108107,283,0,,,,,144440,96452,,0,1481044,11377,,,91756,,1103722,11330,1481044,11377
7/25/20,MD,A,3433,3304,11,129,12188,12188,545,69,,157,742272,19688,,,,,,83054,83054,1288,0,,,,,97488,5434,,0,1069775,34874,,,,,825326,20976,1069775,34874
7/25/20,ME,A+,119,118,1,1,379,379,11,1,,8,149583,2720,8249,,148061,,2,3790,3387,33,0,401,,,,4715,3281,,0,153373,2753,8660,,,,,0,152970,2750
7/25/20,MI,A+,6400,6151,0,249,,,751,0,,215,1529574,0,,,1529574,,113,85072,76541,0,0,,,,,107443,55162,,0,1614646,0,204810,,,,,0,1637017,0
7/25/20,MN,A,1611,1571,5,40,4889,4889,287,37,1440,115,890405,17017,,,,,,50291,50291,803,0,,,,,,43625,940696,17820,940696,17820,,,,,,0,,0
7/25/20,MO,B,1182,,4,,,,1057,0,,,579012,5749,,55158,748933,,159,40709,40709,1357,0,,,1994,,45726,,,0,795966,11196,,,57152,,619721,7106,795966,11196
7/25/20,MP,D,2,,0,,4,4,,0,,,11300,0,,,,,,39,39,1,0,,,,,,29,,0,11339,1,,,,,11338,0,12745,0
7/25/20,MS,A+,1480,1443,17,37,3982,3982,1172,59,,295,370789,8972,,,,,159,51097,50444,1434,0,95,,,,,30315,,0,421886,10406,15740,,,,,0,421233,10366
7/25/20,MT,C,46,,0,,195,195,59,4,,,147755,1594,,,,,,3260,3260,221,0,,,,,,1977,,0,151015,1815,,,,,,0,151015,1815
7/25/20,NC,A+,1778,1778,32,,,,1168,0,,362,1467950,26648,,,,,,111092,111092,2097,0,,,,,,78707,,0,1579042,28745,,,,,,0,1579042,28745
7/25/20,ND,C,103,,0,,328,328,39,3,,,138524,1430,6394,,,,,5724,5724,121,0,243,,,,,4671,276549,4011,276549,4011,6637,,,,141370,1484,284133,4180
7/25/20,NE,A,316,,0,,1548,1548,122,0,,,228431,3175,,,291539,,,24174,24174,356,0,,,,,29657,17999,,0,321996,5844,,,,,252881,3537,321996,5844
7/25/20,NH,B,409,,4,,686,686,27,5,200,,145875,2401,,,,,,6415,6415,97,0,,,,,,5438,,0,218182,3047,26657,,26256,,152290,2498,218182,3047
7/25/20,NJ,A+,15627,13856,11,1771,21314,21314,831,130,,143,1709299,0,,,,,56,178858,178858,513,0,,,,,,32061,,0,1888157,513,,,,,,0,1887644,0
7/25/20,NM,B,607,,6,,2542,2542,148,17,,,493637,6935,,,,,,18788,18788,313,0,,,,,,7268,,0,512425,7248,,,,,,0,512425,7248
7/25/20,NV,A+,732,,10,,,,1147,0,,314,388705,7719,,,,,180,41816,41816,931,0,,,,,,,600129,10306,600129,10306,,,,,429047,9237,552481,14761
7/25/20,NY,A,25103,,13,,89995,89995,646,0,,149,5105111,70716,,,,,94,411200,411200,750,0,,,,,,72632,5516311,71466,5516311,71466,,,,,,0,,0
7/25/20,OH,B,3297,3039,0,258,10145,10145,1054,73,2437,356,1210638,24756,,,,,167,83184,78735,1438,0,,,,,,57731,,0,1293822,26194,,,,,,0,1289373,26182
7/25/20,OK,A+,496,,12,,2768,2768,625,81,,225,535628,41702,,,535628,,,30081,30081,965,0,2071,,,,36489,24053,,0,565709,42667,57683,,,,,0,573185,45290
7/25/20,OR,A+,286,,4,,1474,1474,233,0,,58,357518,7055,,,559356,,30,16492,15273,388,0,,,,,30015,3541,,0,589371,12063,,,,,365736,0,589371,12063
7/25/20,PA,A+,7114,,13,,,,709,0,,,1016705,17328,,,,,102,106625,103632,1054,0,,,,,,79968,,0,1123330,18382,,,,,1120337,18358,,0
7/25/20,PR,B,201,99,10,102,,,496,0,,57,305972,0,,,303412,,35,5042,5042,248,0,9498,,,,7002,,,0,311014,248,,,,,,0,310546,0
7/25/20,RI,A+,1002,,0,,2146,2146,66,0,,6,171804,0,,,302963,,5,18224,18224,0,0,,,,,26593,1769,340063,5825,340063,5825,,,,,190028,0,329556,0
7/25/20,SC,A+,1465,1412,80,53,4827,4827,1668,0,,,558482,7717,47636,,538066,,263,80008,79674,1401,0,3105,,,,100090,29378,,0,638490,9118,50741,,,,,0,638156,9093
7/25/20,SD,B,122,,0,,798,798,46,2,,,97608,2318,,,,,,8305,,105,0,,,,,,7307,,0,105913,2423,,,,,105913,2423,,0
7/25/20,TN,A,964,930,26,34,4196,4196,1414,76,,,1241578,8043,,,1226772,,,90796,89850,1718,0,,,,,104656,53808,,0,1332374,9761,,,,,,0,1331428,9721
7/25/20,TX,A,4885,,168,,,,10893,0,,3281,3740558,55079,,,,,,375846,375846,6020,0,10595,8286,,,587592,221510,,0,4116404,61099,233410,46285,,,,0,4116404,61099
7/25/20,UT,A+,274,,1,,2213,2213,232,25,576,79,464935,5535,,,560860,238,,37623,37623,661,0,,438,,412,41845,24390,,0,602705,8093,,1130,,943,502518,6119,602705,8093
7/25/20,VA,A+,2075,1972,8,103,7570,7570,1201,55,,266,926834,18899,,,,,138,83609,80480,1245,0,,,,,99636,10800,1007314,20126,1007314,20126,,,,,,0,,0
7/25/20,VI,C,7,7,0,,,,,0,,,7901,401,,,,,,352,,16,0,,,,,,236,,0,8253,417,,,,,,0,8273,383
7/25/20,VT,B,56,56,0,,,,13,0,,,86190,1013,,,,,,1397,1397,13,0,,,,,,1182,,0,111251,1507,,,,,87587,1026,111251,1507
7/25/20,WA,B,1495,1495,13,,5301,5301,520,25,,,957827,9087,,,,,52,54716,54608,907,0,,,,,,,1013279,9569,1013279,9569,,,,,883982,13219,,0
7/25/20,WI,A+,898,891,13,7,4368,4368,209,41,868,75,808528,13248,,,,,,51715,47870,988,0,,,,,,37287,1138167,19979,1138167,19979,,,,,856398,14201,,0
7/25/20,WV,B,103,,0,,,,80,0,,35,251093,3615,,,,,11,5821,5687,126,0,,,,,,4115,,0,256914,3741,13604,,,,,0,256780,3740
7/25/20,WY,B,25,,0,,158,158,14,3,,,45823,0,,,72737,,,2446,2008,41,0,,,,,2277,1866,,0,75014,185,,,,,47745,0,75014,185
7/24/20,AK,A,19,19,0,,126,126,37,2,,,198312,11006,,,,,1,2260,,57,0,,,,,,800,,0,200572,11063,,,,,,0,200572,11063
7/24/20,AL,B,1438,1395,41,43,9157,9157,1536,162,1058,,552979,7664,,,,565,,76005,74365,1793,0,,,,,,32510,,0,627344,9333,,,,,627344,9333,,0
7/24/20,AR,A+,394,,8,,2361,2361,497,0,,,424215,13994,,,,329,109,37249,37249,990,0,,,,,,29827,,0,461464,15997,,,,,,0,461464,15997
7/24/20,AS,C,0,,0,,,,,0,,,1037,0,,,,,,0,0,0,0,,,,,,,,0,1037,0,,,,,,0,1037,0
7/24/20,AZ,A+,3142,2431,79,152,7461,7461,2844,225,,837,680516,10747,,,,,575,156301,137710,3357,0,,,,,,20171,,0,1224884,16189,217015,,,,836817,14104,1224884,16189
7/24/20,CA,B,8186,,159,,,,8820,0,,2284,6480542,127854,,,,,,435334,435334,9718,0,,,,,,,,0,6915876,137572,,,,,,0,6915876,137572
7/24/20,CO,A,1790,1454,4,336,6227,6227,357,78,,,436764,8201,122545,,,,,42980,39822,666,0,8979,,,,,5133,608070,13339,608070,13339,131524,,,,476586,8860,,0
7/24/20,CT,B,4413,3531,3,882,10712,10712,71,0,,,664296,24640,,,,,,48776,46806,544,0,,,,,,8516,,0,713072,25184,,,,,,0,711102,25233
7/24/20,DC,A+,581,,0,,,,97,0,,21,153611,3161,,,,,9,11649,,78,0,,,,,,9582,165260,3239,165260,3239,,,,,116815,1462,,0
7/24/20,DE,A+,578,508,49,70,,,55,0,,9,150124,1697,,,,,,14202,13205,278,0,,,,,17570,7936,228919,2854,228919,2854,,,,,164326,1975,,0
7/24/20,FL,A,5768,5768,136,,23575,23575,9200,584,,,2874324,53250,,311824,3649517,,,396069,,12320,0,,,14627,,502625,,3921208,90669,3921208,90669,,,326476,,3281087,65902,4166644,91588
7/24/20,GA,A,3442,,82,,16752,16752,3135,399,3119,,1221043,40693,,,,,,161401,161401,4813,0,12547,,,,147362,,,0,1400793,46886,208597,,,,,0,1400793,46886
7/24/20,GU,B,5,,0,,,,0,0,,,19132,0,,,,,,337,329,5,0,2,,,,,244,,0,19469,5,145,,,,,0,19791,335
7/24/20,HI,D,26,,1,,155,155,39,1,,,109801,2423,,,,,,1490,,55,0,,,,,1445,1125,135152,2412,135152,2412,,,,,111291,2478,136008,3647
7/24/20,IA,A+,823,,5,,,,230,0,,72,400602,4950,,35425,,,27,41271,41271,637,0,,,2673,,,29216,,0,441873,5587,,,38137,,443499,5651,,0
7/24/20,ID,A,138,117,3,21,697,697,204,23,207,46,143457,2953,,,,,,16736,15706,414,0,,,,,,5008,,0,159163,3338,,,,,159163,3338,,0
7/24/20,IL,A,7577,7385,17,192,,,1471,0,,325,2264066,42798,,,,,115,169699,168457,1599,0,,,,,,,,0,2433765,44397,,,,,,0,2432523,44330
7/24/20,IN,A+,2884,2687,4,197,8128,8128,850,62,1725,313,618151,11470,,,,,69,60598,,996,0,,,,,65223,43066,,0,900019,16580,,,,,678749,12466,900019,16580
7/24/20,KS,A+,326,,18,,1596,1596,,51,459,98,252858,8276,,,,166,24,25109,,1005,0,,,,,,1077,,0,277967,9281,,,,,277967,9281,,0
7/24/20,KY,B,691,687,7,4,3248,3248,618,327,1125,130,507545,7897,,,,,,25931,24615,784,0,,,,,,7396,,0,532160,8630,41959,,,,,0,532160,8630
7/24/20,LA,A,3715,3603,29,112,,,1600,0,,,1095992,22774,,,,,197,103734,103734,2084,0,,,,,,61456,,0,1199726,24858,,,,,,0,1199726,24858
7/24/20,MA,A+,8498,8297,14,219,11785,11785,397,15,,49,984495,12890,,,,,29,114985,107897,338,0,,,,,144243,96452,,0,1469667,17274,,,89569,,1092392,13104,1469667,17274
7/24/20,MD,A,3422,3293,13,129,12119,12119,533,82,,143,722584,14379,,,,,,81766,81766,930,0,,,,,96121,5434,,0,1034901,24220,,,,,804350,15309,1034901,24220
7/24/20,ME,A+,118,117,0,1,378,378,12,0,,9,146863,2925,8213,,145352,,3,3757,3357,20,0,395,,,,4678,3259,,0,150620,2945,8618,,,,,0,150220,2948
7/24/20,MI,A+,6400,6151,5,249,,,751,0,,215,1529574,27281,,,1529574,,113,85072,76541,641,0,,,,,107443,55162,,0,1614646,27922,204810,,,,,0,1637017,28357
7/24/20,MN,A,1606,1566,5,40,4852,4852,278,34,1437,108,873388,16794,,,,,,49488,49488,767,0,,,,,,42882,922876,17561,922876,17561,,,,,,0,,0
7/24/20,MO,B,1178,,-1,,,,1057,0,,,573263,7679,,54849,739825,,159,39352,39352,1652,0,,,1935,,43687,,,0,784770,15154,,,56784,,612615,9331,784770,15154
7/24/20,MP,D,2,,0,,4,4,,0,,,11300,0,,,,,,38,38,0,0,,,,,,29,,0,11338,0,,,,,11338,0,12745,0
7/24/20,MS,A+,1463,1428,27,35,3923,3923,1216,45,,279,361817,5858,,,,,163,49663,49050,1610,0,95,,,,,30315,,0,411480,7468,15453,,,,,0,410867,8393
7/24/20,MT,C,46,,3,,191,191,56,8,,,146161,2853,,,,,,3039,3039,129,0,,,,,,1815,,0,149200,2982,,,,,,0,149200,2982
7/24/20,NC,A+,1746,1746,20,,,,1182,0,,363,1441302,24520,,,,,,108995,108995,2102,0,,,,,,78707,,0,1550297,26622,,,,,,0,1550297,26622
7/24/20,ND,C,103,,2,,325,325,37,3,,,137094,1771,6364,,,,,5603,5603,122,0,240,,,,,4545,272538,4305,272538,4305,6604,,,,139886,1820,279953,4667
7/24/20,NE,A,316,,5,,1548,1548,126,26,,,225256,3169,,,286153,,,23818,23818,332,0,,,,,29208,17745,,0,316152,4473,,,,,249344,3501,316152,4473
7/24/20,NH,B,405,,3,,681,681,26,1,198,,143474,2890,,,,,,6318,6318,23,0,,,,,,5345,,0,215135,4224,26523,,25979,,149792,2913,215135,4224
7/24/20,NJ,A+,15616,13845,35,1771,21184,21184,800,0,,138,1709299,27548,,,,,62,178345,178345,458,0,,,,,,32001,,0,1887644,28006,,,,,,0,1887644,28006
7/24/20,NM,B,601,,5,,2525,2525,161,25,,,486702,7880,,,,,,18475,18475,312,0,,,,,,7156,,0,505177,8192,,,,,,0,505177,8192
7/24/20,NV,A+,722,,13,,,,1160,0,,315,380986,6769,,,,,165,40885,40885,966,0,,,,,,,589823,10581,589823,10581,,,,,419810,8115,537720,11445
7/24/20,NY,A,25090,,9,,89995,89995,650,0,,156,5034395,75754,,,,,93,410450,410450,753,0,,,,,,72552,5444845,76507,5444845,76507,,,,,,0,,0
7/24/20,OH,B,3297,3039,41,258,10072,10072,1085,104,2419,354,1185882,21042,,,,,169,81746,77309,1560,0,,,,,,56823,,0,1267628,22602,,,,,,0,1263191,22532
7/24/20,OK,A+,484,,7,,2687,2687,628,91,,260,493926,8720,,,493926,,,29116,29116,1147,0,1854,,,,32927,23277,,0,523042,9867,55185,,,,,0,527895,9761
7/24/20,OR,A+,282,,9,,1474,1474,233,9,,58,350463,7685,,,548033,,30,16104,15273,391,0,,,,,29275,3541,,0,577308,10461,,,,,365736,8058,577308,10461
7/24/20,PA,A+,7101,,22,,,,736,0,,,999377,18118,,,,,96,105571,102602,1213,0,,,,,,79178,,0,1104948,19331,,,,,1101979,19312,,0
7/24/20,PR,B,191,90,3,101,,,460,0,,58,305972,0,,,303412,,31,4794,4794,220,0,9173,,,,7002,,,0,310766,220,,,,,,0,310546,0
7/24/20,RI,A+,1002,,1,,2146,2146,66,9,,6,171804,613,,,302963,,5,18224,18224,76,0,,,,,26593,1769,334238,4166,334238,4166,,,,,190028,689,329556,3577
7/24/20,SC,A+,1385,1339,51,46,4827,4827,1668,329,,,550765,8897,47120,,530891,,263,78607,78298,2001,0,3048,,,,98172,29378,,0,629372,10898,50168,,,,,0,629063,10880
7/24/20,SD,B,122,,1,,796,796,45,4,,,95290,897,,,,,,8200,,57,0,,,,,,7261,,0,103490,954,,,,,103490,954,,0
7/24/20,TN,A,938,904,13,34,4120,4120,1460,104,,,1233535,24537,,,1217433,,,89078,88172,2091,0,,,,,104274,52983,,0,1322613,26628,,,,,,0,1321707,26592
7/24/20,TX,A,4717,,196,,,,10893,0,,3281,3685479,57058,,,,,,369826,369826,8701,0,10565,8098,,,577854,212216,,0,4055305,65759,233139,44448,,,,0,4055305,65759
7/24/20,UT,A+,273,,6,,2188,2188,250,38,574,97,459400,5517,,,553431,237,,36962,36962,863,0,,427,,404,41181,23715,,0,594612,7982,,1115,,933,496399,6118,594612,7982
7/24/20,VA,A+,2067,1964,13,103,7515,7515,1250,78,,274,907935,16972,,,,,142,82364,79253,1127,0,,,,,98175,10576,987188,18043,987188,18043,,,,,,0,,0
7/24/20,VI,C,7,7,0,,,,,0,,,7500,0,,,,,,336,,0,0,,,,,,182,,0,7836,0,,,,,,0,7890,0
7/24/20,VT,B,56,56,0,,,,12,0,,,85177,1064,,,,,,1384,1384,5,0,,,,,,1177,,0,109744,1614,,,,,86561,1069,109744,1614
7/24/20,WA,B,1482,1482,14,,5276,5276,517,65,,,948740,14382,,,,,47,53809,53726,1027,0,,,,,,,1003710,15175,1003710,15175,,,,,870763,15611,,0
7/24/20,WI,A+,885,878,0,7,4327,4327,312,54,861,60,795280,16438,,,,,,50727,46917,1058,0,,,,,,36333,1118188,23660,1118188,23660,,,,,842197,17456,,0
7/24/20,WV,B,103,,0,,,,76,0,,37,247478,1956,,,,,15,5695,5562,145,0,,,,,,4013,,0,253173,2101,13490,,,,,0,253040,2098
7/24/20,WY,B,25,,0,,155,155,14,2,,,45823,0,,,72573,,,2405,1972,58,0,,,,,2256,1857,,0,74829,765,,,,,47745,0,74829,765
7/23/20,AK,A,19,19,0,,124,124,36,6,,,187306,4112,,,,,1,2203,,64,0,,,,,,787,,0,189509,4176,,,,,,0,189509,4176
7/23/20,AL,B,1397,1357,33,40,8995,8995,1561,457,1043,,545315,7640,,,,553,,74212,72696,2399,0,,,,,,32510,,0,618011,9923,,,,,618011,9923,,0
7/23/20,AR,A+,386,,6,,2361,2361,480,44,,,410221,5241,,,,329,107,36259,36259,1013,0,,,,,,28864,,0,445467,5832,,,,,,0,445467,5832
7/23/20,AS,C,0,,0,,,,,0,,,1037,0,,,,,,0,0,0,0,,,,,,,,0,1037,0,,,,,,0,1037,0
7/23/20,AZ,A+,3063,2431,89,152,7236,7236,2966,189,,851,669769,6397,,,,,617,152944,137710,2335,0,,,,,,19737,,0,1208695,18413,215211,,,,822713,8732,1208695,18413
7/23/20,CA,B,8027,,157,,,,8820,0,,2284,6352688,101845,,,,,,425616,425616,12040,0,,,,,,,,0,6778304,113885,,,,,,0,6778304,113885
7/23/20,CO,A,1786,1450,15,336,6149,6149,356,16,,,428563,4850,121269,,,,,42314,39163,616,0,8889,,,,,5122,594731,9180,594731,9180,130158,,,,467726,5451,,0
7/23/20,CT,B,4410,3530,4,880,10712,10712,72,58,,,639656,13473,,,,,,48232,46213,9,0,,,,,,8516,,0,687888,13482,,,,,,0,685869,13483
7/23/20,DC,A+,581,,1,,,,91,0,,22,150450,2407,,,,,9,11571,,42,0,,,,,,2020,162021,2449,162021,2449,,,,,115353,1495,,0
7/23/20,DE,A+,529,471,2,58,,,56,0,,7,148427,2786,,,,,,13924,12933,132,0,,,,,17479,7893,226065,1969,226065,1969,,,,,162351,2918,,0
7/23/20,FL,A,5632,5632,173,,22991,22991,9422,403,,,2821074,45982,,311824,3574573,,,383749,,10112,0,,,14627,,486782,,3830539,80043,3830539,80043,,,326476,,3215185,56444,4075056,81189
7/23/20,GA,A,3360,,25,,16353,16353,3157,431,3034,,1180350,15808,,,,,,156588,156588,4286,0,12208,,,,142249,,,0,1353907,20564,205171,,,,,0,1353907,20564
7/23/20,GU,B,5,,0,,,,0,0,,,19132,380,,,,,,332,324,2,0,2,,,,,244,,0,19464,382,145,,,,,0,19456,382
7/23/20,HI,D,25,,1,,154,154,39,3,,,107378,614,,,,,,1435,,17,0,,,,,1399,1113,132740,2614,132740,2614,,,,,108813,631,132361,990
7/23/20,IA,A+,818,,10,,,,232,0,,73,395652,9009,,35257,,,32,40634,40634,841,0,,,2663,,,28924,,0,436286,9850,,,37958,,437848,9940,,0
7/23/20,ID,A,135,114,9,21,674,674,188,18,201,46,140504,2355,,,,,,16322,15321,500,0,,,,,,4746,,0,155825,2816,,,,,155825,2816,,0
7/23/20,IL,A,7560,7367,20,193,,,1473,0,,309,2221268,38082,,,,,135,168100,166925,1624,0,,,,,,,,0,2389368,39706,,,,,,0,2388193,39706
7/23/20,IN,A+,2880,2683,17,197,8066,8066,869,46,1708,327,606681,10941,,,,,85,59602,,929,0,,,,,64176,42603,,0,883439,16316,,,,,666283,11870,883439,16316
7/23/20,KS,A+,308,,0,,1545,1545,,0,450,112,244582,0,,,,164,28,24104,,0,0,,,,,,1050,,0,268686,0,,,,,268686,0,,0
7/23/20,KY,B,684,680,7,4,2921,2921,581,7,1040,135,499648,5113,,,,,,25147,23882,607,0,,,,,,7046,,0,523530,5659,41859,,,,,0,523530,5659
7/23/20,LA,A,3686,3574,16,112,,,1585,0,,,1073218,19671,,,,,197,101650,101650,2296,0,,,,,,61456,,0,1174868,21967,,,,,,0,1174868,21967
7/23/20,MA,A+,8484,8265,16,219,11770,11770,351,9,,59,971605,15863,,,,,30,114647,107683,327,0,,,,,143913,96452,,0,1452393,20211,,,88712,,1079288,16133,1452393,20211
7/23/20,MD,A,3409,3281,4,128,12037,12037,528,40,,133,708205,5544,,,,,,80836,80836,664,0,,,,,95073,5434,,0,1010681,16044,,,,,789041,6208,1010681,16044
7/23/20,ME,A+,118,117,0,1,378,378,12,1,,8,143938,2643,8189,,142434,,3,3737,3334,14,0,390,,,,4648,3239,,0,147675,2657,8589,,,,,0,147272,2656
7/23/20,MI,A+,6395,6148,7,247,,,680,0,,210,1502293,26410,,,1502293,,120,84431,75947,701,0,,,,,106367,55162,,0,1586724,27111,202720,,,,,0,1608660,27375
7/23/20,MN,A,1601,1561,9,40,4818,4818,282,47,1431,107,856594,16004,,,,,,48721,48721,760,0,,,,,,42524,905315,16764,905315,16764,,,,,,0,,0
7/23/20,MO,B,1179,,20,,,,875,0,,,565584,12187,,54394,726302,,86,37700,37700,1637,0,,,1909,,42073,,,0,769616,20565,,,56303,,603284,13824,769616,20565
7/23/20,MP,D,2,,0,,4,4,,0,,,11300,-1407,,,,,,38,38,0,0,,,,,,29,,0,11338,-1407,,,,,11338,0,12745,0
7/23/20,MS,A+,1436,1401,13,35,3878,3878,1207,34,,293,355959,0,,,,,140,48053,47468,982,0,95,,,,,30315,,0,404012,982,15210,,,,,0,402474,0
7/23/20,MT,C,43,,1,,183,183,54,4,,,143308,2603,,,,,,2910,2910,97,0,,,,,,1587,,0,146218,2700,,,,,,0,146218,2700
7/23/20,NC,A+,1726,1726,28,,,,1188,0,,360,1416782,29963,,,,,,106893,106893,1892,0,,,,,,78707,,0,1523675,31855,,,,,,0,1523675,31855
7/23/20,ND,C,101,,1,,322,322,57,5,,,135323,1424,6325,,,,,5481,5481,125,0,238,,,,,4475,268233,4212,268233,4212,6563,,,,138066,1526,275286,4311
7/23/20,NE,A,311,,1,,1522,1522,125,14,,,222087,2656,,,282068,,,23486,23486,296,0,,,,,28823,17499,,0,311679,4211,,,,,245843,2954,311679,4211
7/23/20,NH,B,402,,2,,680,680,24,3,198,,140584,1308,,,,,,6295,6295,33,0,,,,,,5341,,0,210911,3670,26345,,25796,,146879,1341,210911,3670
7/23/20,NJ,A+,15581,13810,24,1771,21184,21184,869,0,,152,1681751,18467,,,,,73,177887,177887,242,0,,,,,,31925,,0,1859638,18709,,,,,,0,1859638,18709
7/23/20,NM,B,596,,5,,2500,2500,167,30,,,478822,7316,,,,,,18163,18163,335,0,,,,,,7056,,0,496985,7651,,,,,,0,496985,7651
7/23/20,NV,A+,709,,5,,,,1136,0,,306,374217,8566,,,,,156,39919,39919,1262,0,,,,,,,579242,12062,579242,12062,,,,,411695,10255,526275,15297
7/23/20,NY,A,25081,,13,,89995,89995,706,0,,160,4958641,68887,,,,,93,409697,409697,811,0,,,,,,72466,5368338,69698,5368338,69698,,,,,,0,,0
7/23/20,OH,B,3256,2997,21,259,9968,9968,1105,104,2403,365,1164840,21987,,,,,178,80186,75819,1444,0,,,,,,55702,,0,1245026,23431,,,,,,0,1240659,23397
7/23/20,OK,A+,477,,3,,2596,2596,607,56,,255,485206,6909,,,485206,,,27969,27969,668,0,1854,,,,31903,22441,,0,513175,7577,55185,,,,,0,518134,7775
7/23/20,OR,A+,273,,4,,1465,1465,225,32,,52,342778,5377,,,538145,,28,15713,14900,320,0,,,,,28702,3509,,0,566847,9233,,,,,357678,5691,566847,9233
7/23/20,PA,A+,7079,,16,,,,736,0,,,981259,13178,,,,,96,104358,101408,962,0,,,,,,78268,,0,1085617,14140,,,,,1082667,14103,,0
7/23/20,PR,B,188,87,3,101,,,442,0,,56,305972,50206,,,303412,,40,4574,4574,244,0,8899,,,,7002,,,0,310546,50450,,,,,,0,310546,52545
7/23/20,RI,A+,1001,,4,,2137,2137,67,10,,7,171191,2397,,,299490,,4,18148,18148,86,0,,,,,26489,1759,330072,3895,330072,3895,,,,,189339,2483,325979,4107
7/23/20,SC,A,1334,1294,49,40,4498,4498,1723,0,,,541868,7750,46637,,522507,,,76606,76315,1564,0,2940,,,,95676,27062,,0,618474,9314,49577,,,,,0,618183,9304
7/23/20,SD,B,121,,2,,792,792,50,2,,,94393,1412,,,,,,8143,,66,0,,,,,,7214,,0,102536,1478,,,,,102536,1478,,0
7/23/20,TN,A,925,891,37,34,4016,4016,1465,109,,,1208998,29587,,,1193333,,,86987,86117,2570,0,,,,,101782,51661,,0,1295985,32157,,,,,,0,1295115,32122
7/23/20,TX,A,4521,,173,,,,10893,0,,3281,3628421,52287,,,,,,361125,361125,9507,0,10394,7873,,,567204,203826,,0,3989546,61794,232021,42653,,,,0,3989546,61794
7/23/20,UT,A+,267,,7,,2150,2150,249,15,568,98,453883,5738,,,546111,234,,36099,36099,521,0,,409,,387,40519,23093,,0,586630,8295,,1055,,881,490281,6385,586630,8295
7/23/20,VA,A+,2054,1951,3,103,7437,7437,1218,86,,257,890963,17169,,,,,136,81237,78182,844,0,,,,,96887,10479,969145,17971,969145,17971,,,,,,0,,0
7/23/20,VI,C,7,7,0,,,,,0,,,7500,354,,,,,,336,,16,0,,,,,,182,,0,7836,370,,,,,,0,7890,333
7/23/20,VT,B,56,56,0,,,,12,0,,,84113,701,,,,,,1379,1379,11,0,,,,,,1156,,0,108130,1096,,,,,85492,712,108130,1096
7/23/20,WA,B,1468,1468,3,,5211,5211,527,50,,,934358,13582,,,,,55,52782,52706,1096,0,,,,,,,988535,14453,988535,14453,,,,,855152,13968,,0
7/23/20,WI,A+,885,878,13,7,4273,4273,187,48,857,51,778842,14212,,,,,,49669,45899,1086,0,,,,,,35502,1094528,20183,1094528,20183,,,,,824741,15264,,0
7/23/20,WV,B,103,,2,,,,88,0,,38,245522,8341,,,,,16,5550,5420,344,0,,,,,,3913,,0,251072,8685,13368,,,,,0,250942,8680
7/23/20,WY,B,25,,0,,153,153,15,1,,,45823,3896,,,71853,,,2347,1923,59,0,,,,,2211,1794,,0,74064,968,,,,,47745,4140,74064,968
7/22/20,AK,A,19,19,1,,118,118,34,5,,,183194,6613,,,,,1,2139,,94,0,,,,,,753,,0,185333,6707,,,,,,0,185333,6707
7/22/20,AL,B,1364,1325,61,39,8538,8538,1468,0,1018,,537675,7652,,,,540,,71813,70413,1455,0,,,,,,29736,,0,608088,8990,,,,,608088,8990,,0
7/22/20,AR,A+,380,,6,,2317,2317,474,60,,,404980,0,,,,323,107,35246,35246,591,0,,,,,,27990,,0,439635,0,,,,,,0,439635,0
7/22/20,AS,C,0,,0,,,,,0,,,1037,0,,,,,,0,0,0,0,,,,,,,,0,1037,0,,,,,,0,1037,0
7/22/20,AZ,A+,2974,2431,56,152,7047,7047,3094,153,,870,663372,4389,,,,,609,150609,137710,1926,0,,,,,,19293,,0,1190282,18935,213144,,,,813981,6315,1190282,18935
7/22/20,CA,B,7870,,115,,,,8820,0,,2284,6250843,114680,,,,,,413576,413576,12807,0,,,,,,,,0,6664419,127487,,,,,,0,6664419,127487
7/22/20,CO,A,1771,1435,8,336,6133,6133,351,23,,,423713,7370,120398,,,,,41698,38562,639,0,8823,,,,,5095,585551,11389,585551,11389,129221,,,,462275,7985,,0
7/22/20,CT,B,4406,3527,0,879,10654,10654,63,0,,,626183,11442,,,,,,48223,46203,127,0,,,,,,8466,,0,674406,11569,,,,,,0,672386,11529
7/22/20,DC,A+,580,,0,,,,81,0,,18,148043,3759,,,,,11,11529,,102,0,,,,,,1974,159572,3861,159572,3861,,,,,113858,2614,,0
7/22/20,DE,A+,527,469,2,58,,,61,0,,7,145641,1040,,,,,,13792,12804,46,0,,,,,17391,7859,224096,3419,224096,3419,,,,,159433,1086,,0
7/22/20,FL,A,5459,5459,140,,22588,22588,9475,465,,,2775092,45176,,311824,3507785,,,373637,,9664,0,,,14627,,473128,,3750496,88585,3750496,88585,,,326476,,3158741,55067,3993867,80957
7/22/20,GA,A,3335,,81,,15922,15922,3179,428,2967,,1164542,18239,,,,,,152302,152302,3314,0,12035,,,,138819,,,0,1333343,22026,203453,,,,,0,1333343,22026
7/22/20,GU,B,5,,0,,,,3,0,,,18752,322,,,,,,330,322,3,0,2,,,,,242,,0,19082,325,145,,,,,0,19074,491
7/22/20,HI,D,24,,0,,151,151,47,1,,,106764,1374,,,,,,1418,,25,0,,,,,1374,1084,130126,1668,130126,1668,,,,,108182,1399,131371,1861
7/22/20,IA,A+,808,,6,,,,224,0,,71,386643,3684,,34967,,,31,39793,39793,319,0,,,2641,,,28607,,0,426436,4003,,,37646,,427908,4030,,0
7/22/20,ID,A,126,103,4,33,656,656,188,35,197,46,138149,2344,,,,,,15822,14860,556,0,,,,,,4504,,0,153009,2867,,,,,153009,2867,,0
7/22/20,IL,A,7540,7347,23,193,,,1456,0,,337,2183186,38035,,,,,132,166476,165301,1598,0,,,,,,,,0,2349662,39633,,,,,,0,2348487,39633
7/22/20,IN,A+,2863,2666,17,197,8020,8020,869,79,1703,327,595740,8851,,,,,85,58673,,757,0,,,,,63089,41322,,0,867123,17034,,,,,654413,9608,867123,17034
7/22/20,KS,A+,308,,1,,1545,1545,,48,450,112,244582,6385,,,,164,28,24104,,770,0,,,,,,1050,,0,268686,7155,,,,,268686,7155,,0
7/22/20,KY,B,677,673,3,4,2914,2914,603,14,1039,145,494535,9902,,,,,,24540,23336,480,0,,,,,,7000,,0,517871,10322,42223,,,,,0,517871,10322
7/22/20,LA,A,3670,3558,62,112,,,1581,0,,,1053547,27168,,,,,188,99354,99354,2771,0,,,,,,61456,,0,1152901,29939,,,,,,0,1152901,29939
7/22/20,MA,A+,8468,8249,18,219,11761,11761,532,15,,63,955742,10594,,,,,37,114320,107413,287,0,,,,,143566,96452,,0,1432182,18328,,,87346,,1063155,10786,1432182,18328
7/22/20,MD,A,3405,3276,3,129,11997,11997,505,48,,137,702661,17839,,,,,,80172,80172,627,0,,,,,94213,5434,,0,994637,21021,,,,,782833,18466,994637,21021
7/22/20,ME,A+,118,117,0,1,377,377,10,0,,8,141295,2775,8113,,139810,,4,3723,3321,0,0,386,,,,4619,3216,,0,145018,2775,8509,,,,,0,144616,2796
7/22/20,MI,A+,6388,6141,6,247,,,680,0,,210,1475883,29567,,,1475883,,120,83730,75248,671,0,,,,,105402,55162,,0,1559613,30238,200528,,,,,0,1581285,30588
7/22/20,MN,A,1592,1552,4,40,4771,4771,273,48,1423,119,840590,11188,,,,,,47961,47961,504,0,,,,,,42234,888551,11692,888551,11692,,,,,,0,,0
7/22/20,MO,B,1159,,16,,,,875,0,,,553397,7839,,53746,707077,,86,36063,36063,1301,0,,,1876,,40767,,,0,749051,9911,,,55622,,589460,9140,749051,9911
7/22/20,MP,D,2,,0,,4,4,,0,,,12707,1652,,,,,,38,38,0,0,,,,,,29,,0,12745,1652,,,,,11338,246,12745,509
7/22/20,MS,A+,1423,1390,34,33,3844,3844,1165,47,,293,355959,6285,,,,,138,47071,46515,1547,0,95,,,,,30315,,0,403030,7832,15210,,,,,0,402474,7801
7/22/20,MT,C,42,,2,,179,179,52,5,,,140705,2415,,,,,,2813,2813,101,0,,,,,,1543,,0,143518,2516,,,,,,0,143518,2516
7/22/20,NC,A+,1698,1698,30,,,,1137,0,,338,1386819,30683,,,,,,105001,105001,2140,0,,,,,,78707,,0,1491820,32823,,,,,,0,1491820,32823
7/22/20,ND,C,100,,2,,317,317,52,8,,,133899,1813,6277,,,,,5356,5356,159,0,234,,,,,4407,264021,4035,264021,4035,6511,,,,136540,1882,270975,4256
7/22/20,NE,A,310,,4,,1508,1508,118,6,,,219431,3837,,,278266,,,23190,23190,343,0,,,,,28419,17389,,0,307468,6691,,,,,242889,4197,307468,6691
7/22/20,NH,B,400,,2,,677,677,23,4,196,,139276,703,,,,,,6262,6262,13,0,,,,,,5316,,0,207241,2206,26173,,25611,,145538,716,207241,2206
7/22/20,NJ,A+,15557,13787,24,1770,21184,21184,873,85,,151,1663284,22585,,,,,77,177645,177645,389,0,,,,,,31850,,0,1840929,22974,,,,,,0,1840929,22974
7/22/20,NM,B,591,,3,,2470,2470,178,37,,,471506,7492,,,,,,17828,17828,311,0,,,,,,6974,,0,489334,7803,,,,,,0,489334,7803
7/22/20,NV,A+,704,,28,,,,1102,0,,299,365651,4357,,,,,154,38657,38657,1129,0,,,,,,,567180,11806,567180,11806,,,,,401440,5361,510978,7514
7/22/20,NY,A,25068,,10,,89995,89995,714,0,,179,4889754,66954,,,,,96,408886,408886,705,0,,,,,,72386,5298640,67659,5298640,67659,,,,,,0,,0
7/22/20,OH,B,3235,2976,16,259,9864,9864,1098,128,2386,347,1142853,20045,,,,,169,78742,74409,1527,0,,,,,,54426,,0,1221595,21572,,,,,,0,1217262,21491
7/22/20,OK,A+,474,,13,,2540,2540,630,137,,257,478297,6240,,,478297,,,27301,27301,975,0,1854,,,,31051,21596,,0,505598,7215,55185,,,,,0,510359,7033
7/22/20,OR,A+,269,,0,,1433,1433,231,27,,61,337401,7277,,,529320,,30,15393,14586,254,0,,,,,28294,3381,,0,557614,17978,,,,,351987,7508,557614,17978
7/22/20,PA,A+,7063,,25,,,,735,0,,,968081,15083,,,,,100,103396,100483,631,0,,,,,,77547,,0,1071477,15714,,,,,1068564,15691,,0
7/22/20,PR,B,185,84,5,101,,,415,0,,49,255766,0,,,253922,,31,4330,4330,75,0,8708,,,,3966,,,0,260096,75,,,,,,0,258001,0
7/22/20,RI,A+,997,,1,,2127,2127,67,11,,5,168794,1816,,,295522,,3,18062,18062,76,0,,,,,26350,1749,326177,4328,326177,4328,,,,,186856,1892,321872,4328
7/22/20,SC,A,1285,1242,64,43,4498,4498,1607,0,,,534118,8762,46124,,513352,,,75042,74761,1705,0,2883,,,,93527,27062,,0,609160,10467,49007,,,,,0,608879,10422
7/22/20,SD,B,119,,1,,790,790,56,14,,,92981,1155,,,,,,8077,,58,0,,,,,,7159,,0,101058,1213,,,,,101058,1213,,0
7/22/20,TN,A,888,855,17,33,3907,3907,1451,109,,,1179411,23122,,,1164250,,,84417,83582,2473,0,,,,,98743,49748,,0,1263828,25595,,,,,,0,1262993,25582
7/22/20,TX,A,4348,,197,,,,10893,0,,3281,3576134,54223,,,,,,351618,351618,9879,0,8737,7612,,,557438,195315,,0,3927752,64102,227696,40778,,,,0,3927752,64102
7/22/20,UT,A+,260,,9,,2135,2135,234,26,563,94,448145,5530,,,538558,231,,35578,35578,566,0,,390,,369,39777,22532,,0,578335,7953,,997,,830,483896,6140,578335,7953
7/22/20,VA,A+,2051,1948,3,103,7351,7351,1157,84,,253,873794,13073,,,,,136,80393,77380,1022,0,,,,,94379,10331,951174,14026,951174,14026,,,,,,0,,0
7/22/20,VI,C,7,7,1,,,,,0,,,7146,293,,,,,,320,,12,0,,,,,,172,,0,7466,305,,,,,,0,7557,278
7/22/20,VT,B,56,56,0,,,,14,0,,,83412,962,,,,,,1368,1368,2,0,,,,,,1152,,0,107034,1458,,,,,84780,964,107034,1458
7/22/20,WA,B,1465,1465,12,,5161,5161,546,59,,,920776,14751,,,,,51,51686,51617,1000,0,,,,,,,974082,15767,974082,15767,,,,,841184,14830,,0
7/22/20,WI,A+,872,865,6,7,4225,4225,167,31,848,63,764630,14068,,,,,,48583,44847,747,0,,,,,,34682,1074345,21969,1074345,21969,,,,,809477,14780,,0
7/22/20,WV,B,101,,0,,,,78,0,,33,237181,2054,,,,,16,5206,5081,7,0,,,,,,3625,,0,242387,2061,13019,,,,,0,242262,2061
7/22/20,WY,B,25,,0,,152,152,13,6,,,41927,0,,,70933,,,2288,1864,50,0,,,,,2163,1745,,0,73096,1267,,,,,43605,0,73096,1267
7/21/20,AK,A,18,18,0,,113,113,32,2,,,176581,2950,,,,,1,2045,,90,0,,,,,,737,,0,178626,3040,,,,,,0,178626,3040
7/21/20,AL,B,1303,1268,12,35,8538,8538,1549,170,1009,,530023,5126,,,,535,,70358,69075,1467,0,,,,,,29736,,0,599098,6490,,,,,599098,6490,,0
7/21/20,AR,A+,374,,17,,2257,2257,488,55,,,404980,6091,,,,316,111,34655,34655,728,0,,,,,,27283,,0,439635,6819,,,,,,0,439635,6819
7/21/20,AS,C,0,,0,,,,,0,,,1037,0,,,,,,0,0,0,0,,,,,,,,0,1037,0,,,,,,0,1037,0
7/21/20,AZ,A+,2918,2431,134,152,6894,6894,3041,196,,865,658983,10643,,,,,608,148683,137710,3500,0,,,,,,18863,,0,1171347,18865,211454,,,,807666,14143,1171347,18865
7/21/20,CA,B,7755,,61,,,,8681,0,,2226,6136163,113380,,,,,,400769,400769,9231,0,,,,,,,,0,6536932,122611,,,,,,0,6536932,122611
7/21/20,CO,A,1763,1430,5,333,6110,6110,373,53,,,416343,5610,119661,,,,,41059,37947,493,0,8762,,,,,5064,574162,8863,574162,8863,128423,,,,454290,6086,,0
7/21/20,CT,B,4406,3527,0,879,10654,10654,62,0,,,614741,0,,,,,,48096,46116,41,0,,,,,,8466,,0,662837,41,,,,,,0,660857,5548
7/21/20,DC,A+,580,,1,,,,83,0,,19,144284,3883,,,,,13,11427,,88,0,,,,,,1932,155711,3971,155711,3971,,,,,111244,2177,,0
7/21/20,DE,A+,525,467,2,58,,,58,0,,11,144601,5125,,,,,,13746,12763,227,0,,,,,17267,7362,220677,4013,220677,4013,,,,,158347,5352,,0
7/21/20,FL,A,5319,5319,136,,22123,22123,9520,518,,,2729916,38204,,311824,3439642,,,363973,,9263,0,,,14627,,460918,,3661911,66455,3661911,66455,,,326476,,3103674,47752,3912910,67640
7/21/20,GA,A,3254,,78,,15494,15494,3155,447,2904,,1146303,18097,,,,,,148988,148988,3413,0,12022,,,,136168,,,0,1311317,22036,203234,,,,,0,1311317,22036
7/21/20,GU,B,5,,0,,,,3,0,,,18430,178,,,,,,327,319,8,0,2,,,,,235,,0,18757,186,145,,,,,0,18583,0
7/21/20,HI,D,24,,0,,150,150,46,0,,,105390,815,,,,,,1393,,12,0,,,,,1348,1057,128458,1240,128458,1240,,,,,106783,827,129510,1136
7/21/20,IA,A+,802,,5,,,,223,0,,74,382959,3581,,34865,,,32,39474,39474,308,0,,,2632,,,28388,,0,422433,3889,,,37535,,423878,4016,,0
7/21/20,ID,A,122,100,3,22,621,621,188,21,186,46,135805,2790,,,,,,15266,14337,393,0,,,,,,4335,,0,150142,3148,,,,,150142,3148,,0
7/21/20,IL,A,7517,7324,23,193,,,1466,0,,320,2145151,28790,,,,,142,164878,163703,955,0,,,,,,,,0,2310029,29745,,,,,,0,2308854,29745
7/21/20,IN,A+,2846,2652,21,194,7941,7941,803,0,1691,267,586889,8435,,,,,82,57916,,710,0,,,,,61982,41322,,0,850089,17689,,,,,644805,9145,850089,17689
7/21/20,KS,A,307,,0,,1497,1497,,0,439,111,238197,0,,,,162,21,23334,,0,0,,,,,,1016,,0,261531,0,,,,,261531,0,,0
7/21/20,KY,B,674,670,3,4,2900,2900,532,18,1036,136,484633,13893,,,,,,24060,22916,646,0,,,,,,6927,,0,507549,14481,41592,,,,,0,507549,14481
7/21/20,LA,B,3608,3498,36,110,,,1527,0,,,1026379,18347,,,,,186,96583,96583,1691,0,,,,,,53288,,0,1122962,20038,,,,,,0,1122962,20038
7/21/20,MA,A+,8450,8231,17,219,11746,11746,513,24,,63,945148,7656,,,,,33,114033,107221,244,0,,,,,143238,95390,,0,1413854,19710,,,87006,,1052369,7821,1413854,19710
7/21/20,MD,A,3402,3272,20,130,11949,11949,484,52,,131,684822,14228,,,,,,79545,79545,860,0,,,,,93322,5380,,0,973616,20550,,,,,764367,15088,973616,20550
7/21/20,ME,A+,118,117,1,1,377,377,12,2,,8,138520,3009,8084,,137047,,4,3723,3300,12,0,386,,,,4586,3191,,0,142243,3021,8479,,,,,0,141820,3022
7/21/20,MI,A+,6382,6135,9,247,,,680,0,,210,1446316,21922,,,1446316,,130,83059,74725,664,0,,,,,104381,55162,,0,1529375,22586,199230,,,,,0,1550697,22893
7/21/20,MN,A,1588,1548,3,40,4723,4723,266,45,1412,112,829402,9099,,,,,,47457,47457,350,0,,,,,,41511,876859,9449,876859,9449,,,,,,0,,0
7/21/20,MO,B,1143,,11,,,,875,0,,,545558,7270,,53130,698398,,86,34762,34762,1138,0,,,1861,,39567,,,0,739140,11003,,,54991,,580320,8408,739140,11003
7/21/20,MP,D,2,,0,,4,4,,0,,,11055,0,,,,,,38,38,1,0,,,,,,29,,0,11093,1,,,,,11092,0,12236,0
7/21/20,MS,A,1389,1358,31,31,3797,3797,1154,31,,293,349674,3588,,,,,140,45524,44999,1635,0,95,,,,,30315,,0,395198,5223,15176,,,,,0,394673,5207
7/21/20,MT,C,40,,1,,174,174,49,7,,,138290,1869,,,,,,2712,2712,91,0,,,,,,1493,,0,141002,1960,,,,,,0,141002,1960
7/21/20,NC,A,1668,1668,26,,,,1179,0,,,1356136,33294,,,,,,102861,102861,1815,0,,,,,,78707,,0,1458997,35109,,,,,,0,1458997,35109
7/21/20,ND,D,98,,1,,309,309,46,4,,,132086,1234,6241,,,,,5197,5197,82,0,233,,,,,4319,259986,3573,259986,3573,6474,,,,134658,1238,266719,3745
7/21/20,NE,B,306,,5,,1502,1502,115,20,,,215594,3281,,,272028,,,22847,22847,264,0,,,,,27991,17237,,0,300777,4406,,,,,238692,3543,300777,4406
7/21/20,NH,B,398,,0,,673,673,20,0,193,,138573,1398,,,,,,6249,6249,46,0,,,,,,5286,,0,205035,1830,25992,,25499,,144822,1444,205035,1830
7/21/20,NJ,A+,15533,13763,23,1770,21099,21099,833,41,,169,1640699,14788,,,,,79,177256,177256,293,0,,,,,,31781,,0,1817955,15081,,,,,,0,1817955,15081
7/21/20,NM,B,588,,10,,2433,2433,154,34,,,464014,4732,,,,,,17517,17517,302,0,,,,,,6870,,0,481531,5034,,,,,,0,481531,5034
7/21/20,NV,A+,676,,28,,,,1095,0,,301,361294,2586,,,,,143,37528,37528,815,0,,,,,,,555374,8821,555374,8821,,,,,396079,3091,503464,4725
7/21/20,NY,A,25058,,2,,89995,89995,724,0,,163,4822800,65314,,,,,91,408181,408181,855,0,,,,,,72302,5230981,66169,5230981,66169,,,,,,0,,0
7/21/20,OH,B,3219,2959,30,260,9736,9736,1097,126,2367,342,1122808,17064,,,,,168,77215,72963,1047,0,,,,,,53077,,0,1200023,18111,,,,,,0,1195771,18075
7/21/20,OK,A+,461,,9,,2403,2403,613,0,,248,472057,21382,,,472057,,,26326,26326,893,0,1854,,,,30273,20663,,0,498383,22275,55185,,,,,0,503326,23779
7/21/20,OR,A+,269,,7,,1406,1406,237,19,,64,330124,4927,,,511905,,34,15139,14355,292,0,,,,,27731,3381,,0,539636,7955,,,,,344479,5197,539636,7955
7/21/20,PA,A+,7038,,20,,,,736,0,,,952998,14823,,,,,98,102765,99875,1027,0,,,,,,77073,,0,1055763,15850,,,,,1052873,15826,,0
7/21/20,PR,B,180,81,0,99,,,375,0,,40,255766,0,,,253922,,24,4255,4255,244,0,8685,,,,3966,,,0,260021,244,,,,,,0,258001,0
7/21/20,RI,A+,996,,1,,2116,2116,64,6,,4,166978,1257,,,291322,,2,17986,17986,82,0,,,,,26222,1741,321849,2662,321849,2662,,,,,184964,1339,317544,2388
7/21/20,SC,A,1221,1203,57,18,4498,4498,1593,316,,,525356,8485,45784,,506998,,,73337,73101,1892,0,2806,,,,91459,27062,,0,598693,10377,48590,,,,,0,598457,10373
7/21/20,SD,B,118,,0,,776,776,62,2,,,91826,1115,,,,,,8019,,76,0,,,,,,7081,,0,99845,1191,,,,,99845,1191,,0
7/21/20,TN,A,871,840,24,31,3798,3798,1461,86,,,1156289,20876,,,1141646,,,81944,81122,2190,0,,,,,95765,47852,,0,1238233,23066,,,,,,0,1237411,23028
7/21/20,TX,B,4151,,131,,,,10848,0,,,3521911,59005,,,,,,341739,341739,9305,0,8562,7378,,,546991,186529,,0,3863650,68310,226323,38804,,,,0,3863650,68310
7/21/20,UT,A+,251,,4,,2109,2109,219,43,554,96,442615,5086,,,531294,229,,35012,35012,486,0,,373,,354,39088,22032,,0,570382,7559,,954,,799,477756,5648,570382,7559
7/21/20,VA,A+,2048,1945,17,103,7267,7267,1189,66,,258,860721,18635,,,,,127,79371,76427,996,0,,,,,94379,10235,937148,19647,937148,19647,,,,,,0,,0
7/21/20,VI,C,6,6,0,,,,,0,,,6853,236,,,,,,308,,4,0,,,,,,158,,0,7161,240,,,,,,0,7279,307
7/21/20,VT,B,56,56,0,,,,19,0,,,82450,946,,,,,,1366,1366,7,0,,,,,,1148,,0,105576,1334,,,,,83816,953,105576,1334
7/21/20,WA,B,1453,1453,6,,5102,5102,494,39,,,906025,15973,,,,,43,50686,50620,343,0,,,,,,,958315,17057,958315,17057,,,,,826354,17015,,0
7/21/20,WI,A+,866,859,13,7,4194,4194,354,65,838,101,750562,13371,,,,,,47836,44135,1161,0,,,,,,33902,1052376,17640,1052376,17640,,,,,794697,14488,,0
7/21/20,WV,B,101,,1,,,,77,0,,33,235127,5289,,,,,16,5199,5074,57,0,,,,,,3546,,0,240326,5346,12970,,,,,0,240201,5344
7/21/20,WY,B,25,,1,,146,146,13,2,,,41927,0,,,69717,,,2238,1830,51,0,,,,,2112,1694,,0,71829,1492,,,,,43605,0,71829,1492
7/20/20,AK,A,18,18,0,,111,111,29,1,,,173631,2503,,,,,0,1955,,73,0,,,,,,712,,0,175586,2576,,,,,,0,175586,2576
7/20/20,AL,B,1291,1257,4,34,8368,8368,1571,586,994,,524897,6375,,,,528,,68891,67711,1880,0,,,,,,29736,,0,592608,8221,,,,,592608,8221,,0
7/20/20,AR,A+,357,,0,,2202,2202,471,25,,,398889,12251,,,,309,111,33927,33927,1394,0,,,,,,26397,,0,432816,13645,,,,,,0,432816,13645
7/20/20,AS,C,0,,0,,,,,0,,,1037,0,,,,,,0,0,0,0,,,,,,,,0,1037,0,,,,,,0,1037,0
7/20/20,AZ,A+,2784,2431,23,152,6698,6698,3084,66,,886,648340,5985,,,,,622,145183,137710,1559,0,,,,,,18518,,0,1152482,7363,210464,,,,793523,7544,1152482,7363
7/20/20,CA,B,7694,,9,,,,8419,0,,2157,6022783,120623,,,,,,391538,391538,6846,0,,,,,,,,0,6414321,127469,,,,,,0,6414321,127469
7/20/20,CO,A,1758,1426,6,332,6057,6057,386,25,,,410733,8706,119169,,,,,40566,37471,424,0,8717,,,,,5019,565299,12383,565299,12383,127886,,,,448204,9136,,0
7/20/20,CT,B,4406,3525,10,881,10654,10654,54,0,,,614741,5503,,,,,,48055,46071,162,0,,,,,,8466,,0,662796,5665,,,,,,0,655309,27323
7/20/20,DC,A+,579,,1,,,,83,0,,19,140401,3897,,,,,12,11339,,78,0,,,,,,1909,151740,3975,151740,3975,,,,,109067,2142,,0
7/20/20,DE,A+,523,465,0,58,,,47,0,,9,139476,0,,,,,,13519,12537,0,0,,,,,17165,7362,216664,4709,216664,4709,,,,,152995,0,,0
7/20/20,FL,A,5183,5183,92,,21605,21605,9489,296,,,2691712,39118,,284980,3384679,,,354710,,10405,0,,,12002,,448764,,3595456,68914,3595456,68914,,,297009,,3055922,49632,3845270,69334
7/20/20,GA,A,3176,,3,,15047,15047,3183,37,2829,,1128206,16010,,,,,,145575,145575,2452,0,11985,,,,133176,,,0,1289281,16442,202941,,,,,0,1289281,16442
7/20/20,GU,B,5,,0,,,,3,0,,,18252,314,,,,,,319,311,4,0,2,,,,,235,,0,18571,318,145,,,,,0,18583,339
7/20/20,HI,D,24,,0,,150,150,33,10,,,104575,1294,,,,,,1381,,27,0,,,,,1336,1043,127218,1983,127218,1983,,,,,105956,1321,128374,1920
7/20/20,IA,A+,797,,3,,,,221,0,,76,379378,2610,,34610,,,30,39166,39166,443,0,,,2619,,,28024,,0,418544,3053,,,37265,,419862,3127,,0
7/20/20,ID,A,119,97,0,22,600,600,224,17,181,33,133015,1131,,,,,,14873,13979,571,0,,,,,,4149,,0,146994,1691,,,,,146994,1691,,0
7/20/20,IL,A,7494,7301,6,193,,,1410,0,,308,2116361,33425,,,,,133,163923,162748,1173,0,,,,,,,,0,2280284,34598,,,,,,0,2279109,34598
7/20/20,IN,A+,2825,2632,3,193,7941,7941,805,46,1691,248,578454,8145,,,,,85,57206,,635,0,,,,,60881,41322,,0,832400,4207,,,,,635660,8780,832400,4207
7/20/20,KS,A,307,,8,,1497,1497,,44,439,111,238197,10809,,,,162,21,23334,,1369,0,,,,,,1016,,0,261531,12178,,,,,261531,12178,,0
7/20/20,KY,B,671,667,1,4,2882,2882,542,2,1035,114,470740,1177,,,,,,23414,22328,253,0,,,,,,6876,,0,493068,1410,40357,,,,,0,493068,1410
7/20/20,LA,B,3572,3462,29,110,,,1508,0,,,1008032,30434,,,,,192,94892,94892,3186,0,,,,,,53288,,0,1102924,33620,,,,,,0,1102924,33620
7/20/20,MA,A+,8433,8214,2,219,11722,11722,483,5,,67,937492,10491,,,,,38,113789,107056,255,0,,,,,142899,95390,,0,1394144,17430,,,86433,,1044548,10665,1394144,17430
7/20/20,MD,A,3382,3252,5,130,11897,11897,463,56,,136,670594,8940,,,,,,78685,78685,554,0,,,,,92337,5344,,0,953066,14755,,,,,749279,9494,953066,14755
7/20/20,ME,A+,117,116,0,1,375,375,12,0,,10,135511,1761,8068,,134046,,4,3711,3287,24,0,385,,,,4567,3159,,0,139222,1785,8463,,,,,0,138798,1782
7/20/20,MI,A+,6373,6126,7,247,,,680,0,,210,1424394,21803,,,1424394,,102,82395,74152,527,0,,,,,103410,55162,,0,1506789,22330,198479,,,,,0,1527804,22600
7/20/20,MN,A,1585,1545,4,40,4678,4678,247,51,1397,115,820303,13319,,,,,,47107,47107,903,0,,,,,,40742,867410,14222,867410,14222,,,,,,0,,0
7/20/20,MO,B,1132,,3,,,,875,0,,,538288,12303,,52923,688187,,86,33624,33624,530,0,,,1842,,38855,,,0,728137,19094,,,54765,,571912,12833,728137,19094
7/20/20,MP,D,2,,0,,4,4,,0,,,11055,391,,,,,,37,37,0,0,,,,,,29,,0,11092,391,,,,,11092,395,12236,901
7/20/20,MS,A,1358,1327,3,31,3766,3766,1119,39,,284,346086,10647,,,,,143,43889,43380,1251,0,95,,,,,30315,,0,389975,11898,15082,,,,,0,389466,12673
7/20/20,MT,C,39,,2,,167,167,48,2,,,136421,5795,,,,,,2621,2621,88,0,,,,,,1334,,0,139042,5883,,,,,,0,139042,5883
7/20/20,NC,A,1642,1642,8,,,,1086,0,,,1322842,27756,,,,,,101046,101046,1268,0,,,,,,78707,,0,1423888,29024,,,,,,0,1423888,29024
7/20/20,ND,D,97,,1,,305,305,47,3,,,130852,2017,6129,,,,,5115,5115,106,0,230,,,,,4219,256413,5509,256413,5509,6359,,,,133420,2046,262974,5718
7/20/20,NE,B,301,,0,,1482,1482,121,1,,,212313,2393,,,267985,,,22583,22583,102,0,,,,,27632,17112,,0,296371,2890,,,,,235149,2495,296371,2890
7/20/20,NH,B,398,,0,,673,673,17,0,193,,137175,0,,,,,,6203,6203,0,0,,,,,,5251,,0,203205,3001,25837,,25466,,143378,0,203205,3001
7/20/20,NJ,A+,15510,13741,10,1769,21058,21058,798,-6,,146,1625911,11557,,,,,72,176963,176963,180,0,,,,,,31448,,0,1802874,11737,,,,,,0,1802874,11737
7/20/20,NM,B,578,,7,,2399,2399,154,12,,,459282,7038,,,,,,17215,17215,244,0,,,,,,6814,,0,476497,7282,,,,,,0,476497,7282
7/20/20,NV,A+,648,,1,,,,1086,0,,304,358708,4685,,,,,156,36713,36713,948,0,,,,,,,546553,2720,546553,2720,,,,,392988,5914,498739,8095
7/20/20,NY,A,25056,,8,,89995,89995,716,0,,158,4757486,48823,,,,,93,407326,407326,519,0,,,,,,72229,5164812,49342,5164812,49342,,,,,,0,,0
7/20/20,OH,B,3189,2931,15,258,9610,9610,1065,55,2344,318,1105744,17762,,,,,165,76168,71952,1236,0,,,,,,51860,,0,1181912,18998,,,,,,0,1177696,18959
7/20/20,OK,A+,452,,1,,2403,2403,604,15,,232,450675,0,,,450675,,,25433,25433,168,0,1854,,,,27903,19750,,0,476108,168,55185,,,,,0,479547,0
7/20/20,OR,A+,262,,2,,1387,1387,233,60,,70,325197,4186,,,504347,,34,14847,14085,268,0,,,,,27334,3338,,0,531681,7586,,,,,339282,15804,531681,7586
7/20/20,PA,A+,7018,,3,,,,706,0,,,938175,11823,,,,,98,101738,98872,711,0,,,,,,76780,,0,1039913,12534,,,,,1037047,12531,,0
7/20/20,PR,B,180,81,2,99,,,336,0,,31,255766,0,,,253922,,20,4011,4011,220,0,8450,,,,3966,,,0,259777,220,,,,,,0,258001,0
7/20/20,RI,A+,995,,5,,2110,2110,61,22,,2,165721,4313,,,289004,,2,17904,17904,111,0,,,,,26152,1738,319187,2647,319187,2647,,,,,183625,4424,315156,10386
7/20/20,SC,A,1164,1147,9,17,4182,4182,1593,0,,,516871,9471,45729,,498977,,,71445,71213,1459,0,2781,,,,89107,22553,,0,588316,10930,48510,,,,,0,588084,10919
7/20/20,SD,B,118,,0,,774,774,65,0,,,90711,530,,,,,,7943,,37,0,,,,,,6996,,0,98654,567,,,,,98654,567,,0
7/20/20,TN,A,847,816,4,31,3712,3712,1368,31,,,1135413,16231,,,1121126,,,79754,78970,1639,0,,,,,93257,45974,,0,1215167,17870,,,,,,0,1214383,17840
7/20/20,TX,B,4020,,62,,,,10569,0,,,3462906,13926,,,,,,332434,332434,7404,0,7976,7114,,,534477,177871,,0,3795340,21330,223303,36603,,,,0,3795340,21330
7/20/20,UT,A+,247,,4,,2066,2066,247,33,543,105,437529,4433,,,524417,224,,34526,34526,409,0,,355,,336,38406,21504,,0,562823,6278,,912,,767,472108,4842,562823,6278
7/20/20,VA,A+,2031,1927,4,104,7201,7201,1158,36,,265,842086,12153,,,,,125,78375,75415,945,0,,,,,93228,10107,917501,7498,917501,7498,,,,,,0,,0
7/20/20,VI,C,6,6,0,,,,,0,,,6617,30,,,,,,304,,7,0,,,,,,135,,0,6921,37,,,,,,0,6972,34
7/20/20,VT,B,56,56,0,,,,22,0,,,81504,1326,,,,,,1359,1359,10,0,,,,,,1139,,0,104242,1790,,,,,82863,1336,104242,1790
7/20/20,WA,B,1447,1447,3,,5063,5063,511,30,,,890052,16737,,,,,42,50343,50278,535,0,,,,,,,941258,17727,941258,17727,,,,,809339,17553,,0
7/20/20,WI,A+,853,846,2,7,4129,4129,367,22,829,110,737191,6289,,,,,,46675,43018,727,0,,,,,,33130,1034736,16414,1034736,16414,,,,,780209,6992,,0
7/20/20,WV,B,100,,0,,,,77,0,,33,229838,3892,,,,,17,5142,5019,100,0,,,,,,3466,,0,234980,3992,12947,,,,,0,234857,3993
7/20/20,WY,B,24,,0,,144,144,13,1,,,41927,0,,,68260,,,2187,1790,61,0,,,,,2077,1652,,0,70337,2255,,,,,43605,0,70337,2255
7/19/20,AK,A,18,18,0,,110,110,27,3,,,171128,4564,,,,,1,1882,,83,0,,,,,,712,,0,173010,4647,,,,,,0,173010,4647
7/19/20,AL,B,1287,1254,1,33,7782,7782,1524,0,988,,518522,9261,,,,526,,67011,65865,1777,0,,,,,,29736,,0,584387,10946,,,,,584387,10946,,0
7/19/20,AR,A+,357,,4,,2177,2177,453,42,,,386638,5395,,,,307,97,32533,32533,771,0,,,,,,25292,,0,419171,6166,,,,,,0,419171,6166
7/19/20,AS,C,0,,0,,,,,0,,,1037,0,,,,,,0,0,0,0,,,,,,,,0,1037,0,,,,,,0,1037,0
7/19/20,AZ,A+,2761,2431,31,152,6632,6632,3136,65,,894,642355,11629,,,,,622,143624,137710,2359,0,,,,,,18149,,0,1145119,12791,209531,,,,785979,13988,1145119,12791
7/19/20,CA,B,7685,,90,,,,8398,0,,2107,5902160,110305,,,,,,384692,384692,9329,0,,,,,,,,0,6286852,119634,,,,,,0,6286852,119634
7/19/20,CO,A,1752,1420,0,332,6032,6032,397,13,,,402027,5877,118484,,,,,40142,37041,354,0,8676,,,,,4969,552916,9246,552916,9246,127160,,,,439068,6220,,0
7/19/20,CT,B,4396,3519,0,877,10654,10654,66,0,,,609238,27162,,,,,,47893,45910,0,0,,,,,,8466,,0,657131,27162,,,,,,0,627986,0
7/19/20,DC,A+,578,,0,,,,91,0,,17,136504,2743,,,,,12,11261,,67,0,,,,,,1886,147765,2810,147765,2810,,,,,106925,1654,,0
7/19/20,DE,A+,523,465,0,58,,,47,0,,9,139476,2148,,,,,,13519,12537,90,0,,,,,17030,7362,211955,3925,211955,3925,,,,,152995,2238,,0
7/19/20,FL,A,5091,5091,89,,21309,21309,9363,340,,,2652594,58175,,284980,3329053,,,344305,,12385,0,,,12002,,435616,,3526542,101596,3526542,101596,,,297009,,3006290,70769,3775936,98792
7/19/20,GA,A,3173,,5,,15010,15010,3036,49,2822,,1112196,20262,,,,,,143123,143123,3251,0,11782,,,,131008,,,0,1272839,28268,200457,,,,,0,1272839,28268
7/19/20,GU,B,5,,0,,,,4,0,,,17938,0,,,,,,315,307,0,0,2,,,,,222,,0,18253,0,145,,,,,0,18244,0
7/19/20,HI,D,24,,1,,140,140,39,1,,,103281,1620,,,,,,1354,,20,0,,,,,1309,1019,125235,2368,125235,2368,,,,,104635,1640,126454,2386
7/19/20,IA,A+,794,,7,,,,214,0,,75,376768,10946,,34549,,,31,38723,38723,816,0,,,2595,,,27894,,0,415491,11762,,,37180,,416735,13006,,0
7/19/20,ID,A,119,97,1,22,583,583,224,13,180,33,131884,3131,,,,,,14302,13419,550,0,,,,,,3989,,0,145303,3667,,,,,145303,3667,,0
7/19/20,IL,A,7488,7295,5,193,,,1356,0,,320,2082936,31148,,,,,132,162750,161575,965,0,,,,,,,,0,2245686,32113,,,,,,0,2244511,32113
7/19/20,IN,A+,2822,2629,2,193,7895,7895,786,34,1675,244,570309,11508,,,,,81,56571,,917,0,,,,,60583,40965,,0,828193,7240,,,,,626880,12425,828193,7240
7/19/20,KS,A,299,,0,,1453,1453,,0,427,58,227388,0,,,,161,14,21965,,0,0,,,,,,983,,0,249353,0,,,,,249353,0,,0
7/19/20,KY,B,670,666,3,4,2880,2880,511,5,1035,102,469563,1546,,,,,,23161,22095,977,0,,,,,,6874,,0,491658,2513,40309,,,,,0,491658,2513
7/19/20,LA,B,3543,3433,34,110,,,1469,0,,,977598,22248,,,,,177,91706,91706,3116,0,,,,,,53288,,0,1069304,25364,,,,,,0,1069304,25364
7/19/20,MA,A+,8431,8213,12,218,11717,11717,498,8,,64,927001,13406,,,,,41,113534,106882,296,0,,,,,142539,95390,,0,1376714,7616,,,86165,,1033883,13624,1376714,7616
7/19/20,MD,A,3377,3247,9,130,11841,11841,449,53,,131,661654,17874,,,,,,78131,78131,925,0,,,,,91615,5344,,0,938311,28899,,,,,739785,18799,938311,28899
7/19/20,ME,A+,117,116,0,1,375,375,10,0,,9,133750,2467,8050,,132293,,7,3687,3266,41,0,385,,,,4542,3148,,0,137437,2508,8445,,,,,0,137016,2481
7/19/20,MI,A+,6366,6119,2,247,,,680,0,,201,1402591,27851,,,1402591,,102,81868,73663,530,0,,,,,102613,55162,,0,1484459,28381,197569,,,,,0,1505204,28819
7/19/20,MN,A,1581,1541,3,40,4627,4627,258,25,1389,120,806984,16492,,,,,,46204,46204,734,0,,,,,,40001,853188,17226,853188,17226,,,,,,0,,0
7/19/20,MO,B,1129,,-1,,,,875,0,,,525985,7357,,51704,670037,,86,33094,33094,846,0,,,1829,,37936,,,0,709043,12752,,,53533,,559079,8203,709043,12752
7/19/20,MP,D,2,,0,,4,4,,0,,,10664,0,,,,,,37,37,0,0,,,,,,29,,0,10701,0,,,,,10697,0,11335,0
7/19/20,MS,A,1355,1324,9,31,3727,3727,1129,0,,278,335439,0,,,,,132,42638,42130,792,0,95,,,,,25932,,0,378077,792,14559,,,,,0,376793,0
7/19/20,MT,C,37,,0,,165,165,47,1,,,130626,1218,,,,,,2533,2533,62,0,,,,,,1075,,0,133159,1280,,,,,,0,133159,1280
7/19/20,NC,A,1634,1634,5,,,,1115,0,,,1295086,13901,,,,,,99778,99778,1820,0,,,,,,67124,,0,1394864,15721,,,,,,0,1394864,15721
7/19/20,ND,D,96,,2,,302,302,45,7,,,128835,2227,6124,,,,,5009,5009,113,0,229,,,,,4131,250904,5412,250904,5412,6353,,,,131374,2352,257256,5544
7/19/20,NE,B,301,,0,,1481,1481,113,1,,,209920,1130,,,265190,,,22481,22481,120,0,,,,,27538,16801,,0,293481,2836,,,,,232654,1247,293481,2836
7/19/20,NH,B,398,,3,,673,673,17,3,193,,137175,1554,,,,,,6203,6203,38,0,,,,,,5251,,0,200204,3147,25815,,25466,,143378,1592,200204,3147
7/19/20,NJ,A+,15500,13732,8,1768,21064,21064,766,0,,149,1614354,9718,,,,,65,176783,176783,-31,0,,,,,,31405,,0,1791137,9687,,,,,,0,1791137,9687
7/19/20,NM,B,571,,2,,2387,2387,161,23,,,452244,8316,,,,,,16971,16971,235,0,,,,,,6764,,0,469215,8551,,,,,,0,469215,8551
7/19/20,NV,A+,647,,1,,,,1045,0,,287,354023,5963,,,,,149,35765,35765,1288,0,,,,,,,543833,7176,543833,7176,,,,,387074,7195,490644,10202
7/19/20,NY,A,25048,,13,,89995,89995,722,0,,160,4708663,45702,,,,,96,406807,406807,502,0,,,,,,72161,5115470,46204,5115470,46204,,,,,,0,,0
7/19/20,OH,B,3174,2916,42,258,9555,9555,1065,42,2315,318,1087982,23368,,,,,163,74932,70755,1110,0,,,,,,51086,,0,1162914,24478,,,,,,0,1158737,24439
7/19/20,OK,A+,451,,0,,2388,2388,547,13,,232,450675,0,,,450675,,,25265,25265,209,0,1854,,,,27903,19466,,0,475940,209,55185,,,,,0,479547,0
7/19/20,OR,A+,260,,3,,1327,1327,242,0,,64,321011,4367,,,497209,,34,14579,13085,430,0,,,,,26886,3225,,0,524095,7591,,,,,323478,0,524095,7591
7/19/20,PA,A+,7015,,8,,,,703,0,,,926352,13866,,,,,96,101027,98164,786,0,,,,,,76780,,0,1027379,14652,,,,,1024516,14642,,0
7/19/20,PR,B,178,81,0,97,,,315,0,,26,255766,0,,,253922,,18,3791,3791,330,0,8272,,,,3966,,,0,259557,330,,,,,,0,258001,0
7/19/20,RI,A+,990,,0,,2088,2088,62,0,,4,161408,0,,,278804,,2,17793,17793,0,0,,,,,25966,1717,316540,3213,316540,3213,,,,,179201,0,304770,0
7/19/20,SC,A,1155,1138,20,17,4182,4182,1593,0,,,507400,13019,45462,,489808,,,69986,69765,2374,0,2764,,,,87357,22553,,0,577386,15393,48226,,,,,0,577165,15388
7/19/20,SD,B,118,,2,,774,774,63,3,,,90181,796,,,,,,7906,,44,0,,,,,,6952,,0,98087,840,,,,,98087,840,,0
7/19/20,TN,A,843,812,5,31,3681,3681,1327,32,,,1119182,21866,,,1105248,,,78115,77361,1779,0,,,,,91295,44319,,0,1197297,23645,,,,,,0,1196543,23630
7/19/20,TX,B,3958,,93,,,,10592,0,,,3448980,29856,,,,,,325030,325030,7300,0,7752,7019,,,530494,172936,,0,3774010,37156,221259,35788,,,,0,3774010,37156
7/19/20,UT,A+,243,,0,,2033,2033,296,19,543,102,433096,4922,,,518607,222,,34117,34117,785,0,,350,,331,37938,20915,,0,556545,7040,,907,,762,467266,5370,556545,7040
7/19/20,VA,A+,2027,1923,2,104,7165,7165,1186,18,,249,829933,16605,,,,,127,77430,74490,1057,0,,,,,92712,10017,910003,12739,910003,12739,,,,,,0,,0
7/19/20,VI,C,6,6,0,,,,,0,,,6587,348,,,,,,297,,14,0,,,,,,135,,0,6884,362,,,,,,0,6938,284
7/19/20,VT,B,56,56,0,,,,24,0,,,80178,2057,,,,,,1349,1349,10,0,,,,,,1137,,0,102452,2695,,,,,81527,2067,102452,2695
7/19/20,WA,B,1444,1444,10,,5033,5033,534,49,,,873315,4877,,,,,62,49808,49743,908,0,,,,,,,923531,5211,923531,5211,,,,,791786,24129,,0
7/19/20,WI,A+,851,844,1,7,4107,4107,339,25,826,99,730902,7259,,,,,,45948,42315,849,0,,,,,,32628,1018322,19944,1018322,19944,,,,,773217,8089,,0
7/19/20,WV,B,100,,0,,,,76,0,,32,225946,5329,,,,,15,5042,4918,148,0,,,,,,3373,,0,230988,5477,12825,,,,,0,230864,5479
7/19/20,WY,B,24,,0,,143,143,17,1,,,41927,0,,,66065,,,2126,1728,18,0,,,,,2017,1615,,0,68082,246,,,,,43605,0,68082,246
7/18/20,AK,A,18,18,1,,107,107,26,2,,,166564,2887,,,,,1,1799,,62,0,,,,,,708,,0,168363,2949,,,,,,0,168363,2949
7/18/20,AL,B,1286,1253,21,33,7782,7782,1463,198,982,,509261,9237,,,,524,,65234,64180,2143,0,,,,,,29736,,0,573441,11306,,,,,573441,11306,,0
7/18/20,AR,A+,353,,0,,2135,2135,464,65,,,381243,5508,,,,304,97,31762,31762,0,0,,,,,,24776,,0,413005,6156,,,,,,0,413005,6156
7/18/20,AS,C,0,,0,,,,,0,,,1037,0,,,,,,0,0,0,0,,,,,,,,0,1037,0,,,,,,0,1037,0
7/18/20,AZ,A+,2730,2431,147,152,6567,6567,3238,165,,894,630726,4281,,,,,657,141265,137710,2742,0,,,,,,17661,,0,1132328,21913,206872,,,,771991,7836,1132328,21913
7/18/20,CA,B,7595,,120,,,,8502,0,,2125,5791855,113920,,,,,,375363,375363,9199,0,,,,,,,,0,6167218,123119,,,,,,0,6167218,123119
7/18/20,CO,A,1752,1420,1,332,6019,6019,401,25,,,396150,4711,117712,,,,,39788,36698,444,0,8621,,,,,4948,543670,9049,543670,9049,126333,,,,432848,5149,,0
7/18/20,CT,B,4396,3519,0,877,10654,10654,66,0,,,582076,-139,,,,,,47893,45910,0,0,,,,,,8466,,0,629969,-139,,,,,,0,627986,0
7/18/20,DC,A+,578,,1,,,,88,0,,17,133761,3269,,,,,12,11194,,79,0,,,,,,1877,144955,3348,144955,3348,,,,,105271,1422,,0
7/18/20,DE,A+,523,465,2,58,,,51,0,,8,137328,2055,,,,,,13429,12447,92,0,,,,,16901,7362,208030,5260,208030,5260,,,,,150757,2147,,0
7/18/20,FL,A,5002,5002,90,,20969,20969,9144,443,,,2594419,40892,,284980,3246327,,,331920,,10173,0,,,12002,,420156,,3424946,80694,3424946,80694,,,297009,,2935521,51276,3677144,76406
7/18/20,GA,A,3168,,36,,14961,14961,2929,314,2819,,1091934,28439,,,,,,139872,139872,4689,0,11530,,,,127550,,,0,1244571,33436,197631,,,,,0,1244571,33436
7/18/20,GU,B,5,,0,,,,4,0,,,17938,0,,,,,,315,307,1,0,2,,,,,222,,0,18253,1,145,,,,,0,18244,20
7/18/20,HI,D,23,,1,,139,139,39,1,,,101661,1768,,,,,,1334,,23,0,,,,,1287,994,122867,2420,122867,2420,,,,,102995,1791,124068,2556
7/18/20,IA,A+,787,,3,,,,210,0,,70,365822,1091,,34104,,,27,37907,37907,185,0,,,2516,,,27820,,0,403729,1276,,,36656,,403729,38,,0
7/18/20,ID,A,118,96,4,22,570,570,224,16,170,33,128753,1567,,,,,,13752,12883,619,0,,,,,,3827,,0,141636,2155,,,,,141636,2155,,0
7/18/20,IL,A,7483,7290,18,193,,,1360,0,,326,2051788,44823,,,,,119,161785,160610,1276,0,,,,,,,,0,2213573,46099,,,,,,0,2212398,46099
7/18/20,IN,A+,2820,2627,17,193,7861,7861,798,47,1667,245,558801,8979,,,,,84,55654,,841,0,,,,,60196,40722,,0,820953,17273,,,,,614455,9820,820953,17273
7/18/20,KS,A,299,,0,,1453,1453,,0,427,58,227388,0,,,,161,14,21965,,0,0,,,,,,983,,0,249353,0,,,,,249353,0,,0
7/18/20,KY,B,667,662,9,5,2875,2875,514,11,1033,109,468017,6560,,,,,,22184,21128,579,0,,,,,,6824,,0,489145,7081,40308,,,,,0,489145,7081
7/18/20,LA,B,3509,3399,0,110,,,1413,0,,,955350,0,,,,,161,88590,88590,0,0,,,,,,53288,,0,1043940,0,,,,,,0,1043940,0
7/18/20,MA,A+,8419,8201,17,218,11709,11709,499,18,,86,913595,11887,,,,,43,113238,106664,359,0,,,,,142431,95390,,0,1369098,10959,,,85623,,1020259,12064,1369098,10959
7/18/20,MD,A,3368,3238,9,130,11788,11788,448,60,,137,643780,11935,,,,,,77206,77206,835,0,,,,,90508,5344,,0,909412,18053,,,,,720986,12770,909412,18053
7/18/20,ME,A+,117,116,2,1,375,375,9,0,,8,131283,1474,7989,,129845,,5,3646,3252,10,0,380,,,,4510,3136,,0,134929,1484,8378,,,,,0,134535,1487
7/18/20,MI,A+,6364,6117,9,247,,,680,0,,201,1374740,29827,,,1374740,,102,81338,73180,745,0,,,,,101645,55162,,0,1456078,30572,195843,,,,,0,1476385,31024
7/18/20,MN,A,1578,1538,5,40,4602,4602,265,39,1377,117,790492,15994,,,,,,45470,45470,457,0,,,,,,39310,835962,16451,835962,16451,,,,,,0,,0
7/18/20,MO,B,1130,,9,,,,875,0,,,518628,12020,,51143,658406,,86,32248,32248,960,0,,,1817,,36842,,,0,696291,19253,,,52960,,550876,12980,696291,19253
7/18/20,MP,D,2,,0,,4,4,,0,,,10664,0,,,,,,37,37,0,0,,,,,,29,,0,10701,0,,,,,10697,0,11335,0
7/18/20,MS,A,1346,1316,14,30,3727,3727,1076,15,,253,335439,4804,,,,,129,41846,41354,1017,0,95,,,,,25932,,0,377285,5821,14559,,,,,0,376793,5800
7/18/20,MT,C,37,,0,,164,164,46,5,,,129408,1370,,,,,,2471,2471,105,0,,,,,,1075,,0,131879,1475,,,,,,0,131879,1475
7/18/20,NC,A,1629,1629,23,,,,1154,0,,,1281185,32688,,,,,,97958,97958,2481,0,,,,,,67124,,0,1379143,35169,,,,,,0,1379143,35169
7/18/20,ND,D,94,,0,,295,295,38,5,,,126608,1925,6114,,,,,4896,4896,115,0,229,,,,,4029,245492,4622,245492,4622,6343,,,,129022,2001,251712,4789
7/18/20,NE,B,301,,2,,1480,1480,105,27,,,208790,4728,,,262493,,,22361,22361,227,0,,,,,27399,16665,,0,290645,4832,,,,,231407,4955,290645,4832
7/18/20,NH,B,395,,0,,670,670,24,0,192,,135621,0,,,,,,6165,6165,0,0,,,,,,5188,,0,197057,2205,25659,,25093,,141786,0,197057,2205
7/18/20,NJ,A+,15492,13725,15,1767,21064,21064,800,61,,141,1604636,12259,,,,,73,176814,176814,263,0,,,,,,31400,,0,1781450,12522,,,,,,0,1781450,12522
7/18/20,NM,B,569,,4,,2364,2364,160,27,,,443928,8086,,,,,,16736,16736,280,0,,,,,,6736,,0,460664,8366,,,,,,0,460664,8366
7/18/20,NV,A+,646,,9,,,,1006,0,,285,348060,4348,,,,,150,34477,34477,1182,0,,,,,,,536657,14175,536657,14175,,,,,379879,5332,480442,7453
7/18/20,NY,A,25035,,11,,89995,89995,743,0,,172,4662961,69063,,,,,100,406305,406305,754,0,,,,,,72064,5069266,69817,5069266,69817,,,,,,0,,0
7/18/20,OH,B,3132,2875,20,257,9513,9513,1024,68,2311,315,1064614,20770,,,,,159,73822,69684,1542,0,,,,,,50280,,0,1138436,22312,,,,,,0,1134298,22279
7/18/20,OK,A+,451,,6,,2375,2375,547,86,,232,450675,9771,,,450675,,,25056,25056,916,0,1854,,,,27903,19186,,0,475731,10687,55185,,,,,0,479547,10903
7/18/20,OR,A+,257,,3,,1327,1327,242,0,,64,316644,6251,,,490051,,34,14149,13085,347,0,,,,,26453,3225,,0,516504,10633,,,,,323478,0,516504,10633
7/18/20,PA,A+,7007,,15,,,,699,0,,,912486,12574,,,,,93,100241,97388,763,0,,,,,,76183,,0,1012727,13337,,,,,1009874,13311,,0
7/18/20,PR,B,178,81,1,97,,,316,0,,29,255766,0,,,253922,,25,3461,3461,189,0,7992,,,,3966,,,0,259227,189,,,,,,0,258001,0
7/18/20,RI,A+,990,,0,,2088,2088,62,0,,4,161408,0,,,278804,,2,17793,17793,0,0,,,,,25966,1717,313327,4259,313327,4259,,,,,179201,0,304770,0
7/18/20,SC,A,1135,1117,39,18,4182,4182,1593,0,,,494381,7066,44686,,477230,,,67612,67396,1552,0,2398,,,,84547,23849,,0,561993,8618,47084,,,,,0,561777,8605
7/18/20,SD,B,116,,0,,771,771,70,8,,,89385,1201,,,,,,7862,,73,0,,,,,,6891,,0,97247,1274,,,,,97247,1274,,0
7/18/20,TN,A,838,807,23,31,3649,3649,1378,87,,,1097316,20463,,,1083781,,,76336,75597,2517,0,,,,,89132,43706,,0,1173652,22980,,,,,,0,1172913,22922
7/18/20,TX,B,3865,,130,,,,10658,0,,,3419124,56871,,,,,,317730,317730,10158,0,7819,6886,,,523803,169581,,0,3736854,67029,224935,34835,,,,0,3736854,67029
7/18/20,UT,A+,243,,8,,2014,2014,251,30,541,91,428174,5990,,,512087,222,,33332,33332,760,0,,345,,328,37418,20421,,0,549505,8708,,883,,748,461896,6558,549505,8708
7/18/20,VA,A+,2025,1921,12,104,7147,7147,1166,60,,254,813328,12057,,,,,108,76373,73420,940,0,,,,,91652,9976,897264,16938,897264,16938,,,,,,0,,0
7/18/20,VI,C,6,6,0,,,,,0,,,6239,449,,,,,,283,,20,0,,,,,,133,,0,6522,469,,,,,,0,6654,489
7/18/20,VT,B,56,56,0,,,,25,0,,,78121,968,,,,,,1339,1339,3,0,,,,,,1125,,0,99757,1338,,,,,79460,971,99757,1338
7/18/20,WA,B,1434,1434,7,,4984,4984,524,40,,,868438,9163,,,,,46,48900,48849,861,0,,,,,,,918320,9687,918320,9687,,,,,767657,14483,,0
7/18/20,WI,A+,850,843,10,7,4082,4082,315,51,823,90,723643,11446,,,,,,45099,41485,1031,0,,,,,,32004,998378,22253,998378,22253,,,,,765128,12424,,0
7/18/20,WV,B,100,,0,,,,74,0,,33,220617,2848,,,,,16,4894,4768,111,0,,,,,,3295,,0,225511,2959,12642,,,,,0,225385,2958
7/18/20,WY,B,24,,0,,142,142,16,2,,,41927,0,,,65836,,,2108,1713,39,0,,,,,2000,1611,,0,67836,328,,,,,43605,0,67836,328
7/17/20,AK,A,17,17,0,,105,105,32,2,,,163677,2350,,,,,0,1737,,42,0,,,,,,697,,0,165414,2392,,,,,,0,165414,2392
7/17/20,AL,B,1265,1232,35,33,7584,7584,1433,0,967,,500024,10003,,,,521,,63091,62111,2003,0,,,,,,29736,,0,562135,11956,,,,,562135,11956,,0
7/17/20,AR,A,353,,12,,2070,2070,464,76,,,375735,5888,,,,298,97,31762,31762,648,0,,,,,,24776,,0,406849,6705,,,,,,0,406849,6705
7/17/20,AS,C,0,,0,,,,,0,,,1037,0,,,,,,0,0,0,0,,,,,,,,0,1037,0,,,,,,0,1037,0
7/17/20,AZ,A+,2583,2431,91,152,6402,6402,3466,106,,944,626445,11792,,,,,687,138523,137710,3910,0,,,,,,17184,,0,1110415,20774,205682,,,,764155,15664,1110415,20774
7/17/20,CA,B,7475,,130,,,,8450,0,,2153,5677935,118605,,,,,,366164,366164,9986,0,,,,,,,,0,6044099,128591,,,,,,0,6044099,128591
7/17/20,CO,A,1751,1419,6,332,5994,5994,394,28,,,391439,5816,116522,,,,,39344,36260,618,0,8169,,,,,4927,534621,8941,534621,8941,124691,,,,427699,6386,,0
7/17/20,CT,B,4396,3519,7,877,10654,10654,66,0,,,582215,-118,,,,,,47893,45910,143,0,,,,,,8466,,0,630108,25,,,,,,0,627986,14417
7/17/20,DC,A+,577,,3,,,,87,0,,17,130492,1326,,,,,14,11115,,39,0,,,,,,1863,141607,1365,141607,1365,,,,,103849,1791,,0
7/17/20,DE,A+,521,463,0,58,,,55,0,,7,135273,3517,,,,,,13337,12355,223,0,,,,,16743,7315,202770,3513,202770,3513,,,,,148610,3740,,0
7/17/20,FL,A,4912,4912,130,,20526,20526,8961,372,,,2553527,53684,,284980,3183379,,,321747,,11174,0,,,12002,,407133,,3344252,91724,3344252,91724,,,297009,,2884245,65245,3600738,90949
7/17/20,GA,A,3132,,28,,14647,14647,2902,301,2781,,1063495,16548,,,,,,135183,135183,3908,0,10253,,,,123177,,,0,1211135,21023,193476,,,,,0,1211135,21023
7/17/20,GU,B,5,,0,,,,4,0,,,17938,241,,,,,,314,306,0,0,2,,,,,214,,0,18252,241,145,,,,,0,18224,221
7/17/20,HI,D,22,,0,,138,138,39,1,,,99893,1798,,,,,,1311,,19,0,,,,,1267,975,120447,2417,120447,2417,,,,,101204,1817,121512,2670
7/17/20,IA,A+,784,,6,,,,210,0,,70,364731,5412,,34104,,,32,37722,37722,590,0,,,2514,,,27609,,0,402453,6002,,,36654,,403691,6013,,0
7/17/20,ID,A,114,93,4,21,554,554,153,28,165,35,127186,2768,,,,,,13133,12295,688,0,,,,,,3676,,0,139481,3426,,,,,139481,3426,,0
7/17/20,IL,A,7465,7272,13,193,,,1431,0,,309,2006965,42308,,,,,128,160509,159334,1427,0,,,,,,,,0,2167474,43735,,,,,,0,2166299,43692
7/17/20,IN,A+,2803,2610,8,193,7814,7814,815,67,1658,258,549822,8344,,,,,80,54813,,733,0,,,,,59214,40421,,0,803680,17026,,,,,604635,9077,803680,17026
7/17/20,KS,A,299,,0,,1453,1453,,60,427,58,227388,8947,,,,161,14,21965,,1032,0,,,,,,983,,0,249353,9979,,,,,249353,9979,,0
7/17/20,KY,B,658,653,8,5,2864,2864,452,22,1031,89,461457,14536,,,,,,21605,20607,522,0,,,,,,6772,,0,482064,15025,40203,,,,,0,482064,15025
7/17/20,LA,B,3509,3399,24,110,,,1413,0,,,955350,17624,,,,,161,88590,88590,2179,0,,,,,,53288,,0,1043940,19803,,,,,,0,1043940,19803
7/17/20,MA,A+,8402,8184,22,218,11691,11691,515,28,,76,901708,12605,,,,,34,112879,106487,298,0,,,,,142262,95390,,0,1358139,17990,,,84539,,1008195,12821,1358139,17990
7/17/20,MD,A,3359,3227,12,132,11728,11728,434,41,,128,631845,14980,,,,,,76371,76371,707,0,,,,,89541,5286,,0,891359,24171,,,,,708216,15687,891359,24171
7/17/20,ME,A+,115,114,1,1,375,375,12,1,,11,129809,2945,7960,,128380,,5,3636,3239,38,0,377,,,,4491,3114,,0,133445,2983,8346,,,,,0,133048,2977
7/17/20,MI,A+,6355,6108,7,247,,,680,0,,201,1344913,29598,,,1344913,,88,80593,72502,754,0,,,,,100448,53867,,0,1425506,30352,192929,,,,,0,1445361,30559
7/17/20,MN,A,1573,1533,7,40,4563,4563,252,37,1369,110,774498,13633,,,,,,45013,45013,666,0,,,,,,38568,819511,14299,819511,14299,,,,,,0,,0
7/17/20,MO,B,1121,,8,,,,875,0,,,506608,7729,,50467,639989,,86,31288,31288,866,0,,,1798,,36023,,,0,677038,12228,,,52265,,537896,8595,677038,12228
7/17/20,MP,D,2,,0,,4,4,,0,,,10664,0,,,,,,37,37,1,0,,,,,,29,,0,10701,1,,,,,10697,0,11335,0
7/17/20,MS,A,1332,1303,24,29,3712,3712,1076,37,,253,330635,6532,,,,,129,40829,40358,1032,0,95,,,,,25932,,0,371464,7564,14384,,,,,0,370993,7506
7/17/20,MT,C,37,,2,,159,159,45,9,,,128038,2429,,,,,,2366,2366,135,0,,,,,,992,,0,130404,2564,,,,,,0,130404,2564
7/17/20,NC,A,1606,1606,18,,,,1180,0,,,1248497,29166,,,,,,95477,95477,2051,0,,,,,,67124,,0,1343974,31217,,,,,,0,1343974,31217
7/17/20,ND,D,94,,1,,290,290,36,5,,,124683,1295,5946,,,,,4781,4781,122,0,225,,,,,3903,240870,4021,240870,4021,6171,,,,127021,1506,246923,4140
7/17/20,NE,B,299,,8,,1453,1453,96,0,,,204062,2812,,,257927,,,22134,22134,155,0,,,,,27134,16501,,0,285813,3801,,,,,226452,2970,285813,3801
7/17/20,NH,B,395,,1,,670,670,24,2,192,,135621,3462,,,,,,6165,6165,52,0,,,,,,5188,,0,194852,3498,25450,,25093,,141786,3514,194852,3498
7/17/20,NJ,A+,15477,13710,19,1767,21003,21003,868,229,,141,1592377,8974,,,,,66,176551,176551,50,0,,,,,,31400,,0,1768928,9024,,,,,,0,1768928,9024
7/17/20,NM,B,565,,3,,2337,2337,166,25,,,435842,8612,,,,,,16456,16456,318,0,,,,,,6654,,0,452298,8930,,,,,,0,452298,8930
7/17/20,NV,A+,637,,11,,,,1000,0,,269,343712,4784,,,,,134,33295,33295,1380,0,,,,,,,522482,12783,522482,12783,,,,,374547,5343,472989,7307
7/17/20,NY,A,25024,,10,,89995,89995,765,0,,179,4593898,77463,,,,,98,405551,405551,776,0,,,,,,71970,4999449,78239,4999449,78239,,,,,,0,,0
7/17/20,OH,B,3112,2858,9,254,9445,9445,1016,121,2305,319,1043844,25652,,,,,161,72280,68175,1679,0,,,,,,49302,,0,1116124,27331,,,,,,0,1112019,27287
7/17/20,OK,A+,445,,7,,2289,2289,604,71,,247,440904,7528,,,440904,,,24140,24140,699,0,1592,,,,26785,18766,,0,465044,8227,49472,,,,,0,468644,8398
7/17/20,OR,A+,254,,5,,1327,1327,242,16,,64,310393,4956,,,480023,,34,13802,13085,293,0,,,,,25848,3199,,0,505871,8687,,,,,323478,5234,505871,8687
7/17/20,PA,A+,6992,,19,,,,680,0,,,899912,14717,,,,,98,99478,96651,1032,0,,,,,,75603,,0,999390,15749,,,,,996563,15736,,0
7/17/20,PR,B,177,80,5,97,,,302,0,,34,255766,0,,,253922,,27,3272,3272,153,0,7848,,,,3966,,,0,259038,153,,,,,,0,258001,0
7/17/20,RI,A+,990,,2,,2088,2088,62,4,,4,161408,1731,,,278804,,2,17793,17793,82,0,,,,,25966,1717,309068,3774,309068,3774,,,,,179201,1813,304770,3969
7/17/20,SC,A,1096,1078,26,18,4182,4182,1593,438,,,487315,11434,44524,,470536,,,66060,65857,1977,0,2358,,,,82636,23849,,0,553375,13411,46882,,,,,0,553172,13411
7/17/20,SD,B,116,,1,,763,763,61,6,,,88184,1842,,,,,,7789,,95,0,,,,,,6808,,0,95973,1937,,,,,95973,1937,,0
7/17/20,TN,A,815,785,19,30,3562,3562,1436,65,,,1076853,24696,,,1063927,,,73819,73138,2279,0,,,,,86064,42734,,0,1150672,26975,,,,,,0,1149991,26953
7/17/20,TX,B,3735,,174,,,,10632,0,,,3362253,61895,,,,,,307572,307572,14916,0,7811,6600,,,512180,162191,,0,3669825,76811,224781,33004,,,,0,3669825,76811
7/17/20,UT,A+,235,,1,,1984,1984,256,28,532,96,422184,6359,,,504048,220,,32572,32572,727,0,,327,,311,36749,19862,,0,540797,8860,,845,,716,455338,7085,540797,8860
7/17/20,VA,A+,2013,1909,6,104,7087,7087,1171,67,,247,801271,14529,,,,,118,75433,72516,1002,0,,,,,90256,9883,880326,12395,880326,12395,,,,,,0,,0
7/17/20,VI,C,6,6,0,,,,,0,,,5790,754,,,,,,263,,14,0,,,,,,126,,0,6053,768,,,,,,0,6165,712
7/17/20,VT,B,56,56,0,,,,33,0,,,77153,1180,,,,,,1336,1336,9,0,,,,,,1121,,0,98419,1635,,,,,78489,1189,98419,1635
7/17/20,WA,B,1427,1427,6,,4944,4944,536,115,,,859275,15519,,,,,45,48039,47998,1000,0,,,,,,,908633,16397,908633,16397,,,,,753174,19288,,0
7/17/20,WI,A+,840,833,2,7,4031,4031,331,63,816,96,712197,12527,,,,,,44068,40507,929,0,,,,,,31258,976125,22748,976125,22748,,,,,752704,13407,,0
7/17/20,WV,B,100,,1,,,,69,0,,37,217769,3252,,,,,15,4783,4658,126,0,,,,,,3267,,0,222552,3378,12633,,,,,0,222427,3375
7/17/20,WY,B,24,,0,,140,140,19,9,,,41927,501,,,65532,,,2069,1678,43,0,,,,,1976,1590,,0,67508,1087,,,,,43605,535,67508,1087
7/16/20,AK,A,17,17,0,,103,103,32,1,,,161327,6865,,,,,0,1695,,64,0,,,,,,688,,0,163022,6929,,,,,,0,163022,6929
7/16/20,AL,B,1230,1200,19,30,7584,7584,1395,293,950,,490021,8039,,,,516,,61088,60158,2021,0,,,,,,29736,,0,550179,9972,,,,,550179,9972,,0
7/16/20,AR,A,341,,6,,1994,1994,470,46,,,369847,4368,,,,286,101,31114,31114,817,0,,,,,,24195,,0,400144,4932,,,,,,0,400144,4932
7/16/20,AS,C,0,,0,,,,,0,,,1037,221,,,,,,0,0,0,0,,,,,,,,0,1037,221,,,,,,0,1037,221
7/16/20,AZ,A+,2492,2353,58,139,6296,6296,3454,193,,918,614653,10045,,,,,657,134613,133838,3259,0,,,,,,16684,,0,1089641,23346,203318,,,,748491,13307,1089641,23346
7/16/20,CA,B,7345,,118,,,,8363,0,,2120,5559330,113688,,,,,,356178,356178,8544,0,,,,,,,,0,5915508,122232,,,,,,0,5915508,122232
7/16/20,CO,A,1745,1413,1,332,5966,5966,412,16,,,385623,7562,115211,,,,,38726,35690,571,0,8094,,,,,4909,525680,10938,525680,10938,123305,,,,421313,8126,,0
7/16/20,CT,B,4389,3515,9,874,10654,10654,66,102,,,582333,14311,,,,,,47750,45771,114,0,,,,,,8466,,0,630083,14425,,,,,,0,613569,11453
7/16/20,DC,A+,574,,3,,,,86,0,,24,129166,2248,,,,,14,11076,,50,0,,,,,,1843,140242,2298,140242,2298,,,,,102058,1367,,0
7/16/20,DE,A+,521,463,0,58,,,50,0,,8,131756,1418,,,,,,13114,12131,64,0,,,,,16601,7269,199257,2157,199257,2157,,,,,144870,1482,,0
7/16/20,FL,A,4782,4782,156,,20154,20154,9112,495,,,2499843,65700,,284980,3106801,,,310573,,13759,0,,,12002,,393209,,3252528,103084,3252528,103084,,,297009,,2819000,79831,3509789,104897
7/16/20,GA,A,3104,,13,,14346,14346,2841,244,2736,,1046947,19798,,,,,,131275,131275,3441,0,10071,,,,119897,,,0,1190112,24861,191262,,,,,0,1190112,24861
7/16/20,GU,B,5,,0,,,,4,0,,,17697,183,,,,,,314,306,1,0,2,,,,,214,,0,18011,184,145,,,,,0,18003,184
7/16/20,HI,D,22,,0,,137,137,40,4,,,98095,1802,,,,,,1292,,28,0,,,,,1246,951,118030,2805,118030,2805,,,,,99387,1830,118842,2567
7/16/20,IA,A+,778,,16,,,,195,0,,65,359319,8298,,33862,,,34,37132,37132,841,0,,,2499,,,27404,,0,396451,9139,,,36397,,397678,9162,,0
7/16/20,ID,A,110,89,7,21,526,526,153,16,151,35,124418,2222,,,,,,12445,11637,727,0,,,,,,3513,,0,136055,2913,,,,,136055,2913,,0
7/16/20,IL,A,7452,7251,25,201,,,1434,0,,311,1964657,41749,,,,,127,159082,157950,1257,0,,,,,,,,0,2123739,43006,,,,,,0,2122607,43006
7/16/20,IN,A+,2795,2602,10,193,7747,7747,827,61,1643,292,541478,8259,,,,,86,54080,,710,0,,,,,58217,40004,,0,786654,14941,,,,,595558,8969,786654,14941
7/16/20,KS,A,299,,0,,1393,1393,,0,418,65,218441,0,,,,159,21,20933,,0,0,,,,,,948,,0,239374,0,,,,,239374,0,,0
7/16/20,KY,B,650,646,5,4,2842,2842,418,19,1030,92,446921,8411,,,,,,21083,20118,406,0,,,,,,5500,,0,467039,8792,40158,,,,,0,467039,8792
7/16/20,LA,B,3485,3375,24,110,,,1401,0,,,937726,20657,,,,,162,86411,86411,2280,0,,,,,,53288,,0,1024137,22937,,,,,,0,1024137,22937
7/16/20,MA,A+,8380,8163,12,217,11663,11663,557,12,,77,889103,12737,,,,,38,112581,106271,234,0,,,,,141964,95390,,0,1340149,17586,,,83598,,995374,12880,1340149,17586
7/16/20,MD,A,3347,3215,6,132,11687,11687,436,62,,137,616865,11793,,,,,,75664,75664,648,0,,,,,88713,5286,,0,867188,16891,,,,,692529,12441,867188,16891
7/16/20,ME,A+,114,113,0,1,374,374,13,1,,11,126864,2511,7879,,125450,,4,3598,3207,20,0,375,,,,4445,3094,,0,130462,2531,8263,,,,,0,130071,2532
7/16/20,MI,A+,6348,6101,18,247,,,680,0,,201,1315315,26309,,,1315315,,107,79839,71842,926,0,,,,,99487,53867,,0,1395154,27235,190043,,,,,0,1414802,27257
7/16/20,MN,A,1566,1526,8,40,4526,4526,249,31,1357,103,760865,14110,,,,,,44347,44347,605,0,,,,,,38290,805212,14715,805212,14715,,,,,,0,,0
7/16/20,MO,B,1113,,11,,,,875,0,,,498879,10646,,50274,628610,,86,30422,30422,708,0,,,1789,,35179,,,0,664810,17930,,,52063,,529301,11354,664810,17930
7/16/20,MP,D,2,,0,,4,4,,0,,,10664,0,,,,,,36,36,0,0,,,,,,29,,0,10700,0,,,,,10697,0,11335,0
7/16/20,MS,A,1308,1283,18,25,3675,3675,1117,46,,247,324103,5813,,,,,125,39797,39384,1230,0,95,,,,,25932,,0,363900,7043,14269,,,,,0,363487,6999
7/16/20,MT,C,35,,1,,150,150,37,5,,,125609,3947,,,,,,2231,2231,135,0,,,,,,970,,0,127840,4082,,,,,,0,127840,4082
7/16/20,NC,A,1588,1588,20,,,,1134,0,,,1219331,25960,,,,,,93426,93426,2160,0,,,,,,67124,,0,1312757,28120,,,,,,0,1312757,28120
7/16/20,ND,D,93,,1,,285,285,38,1,,,123388,1389,5892,,,,,4659,4659,103,0,217,,,,,3796,236849,3971,236849,3971,6109,,,,125515,1508,242783,4189
7/16/20,NE,B,291,,5,,1453,1453,103,11,,,201250,3224,,,254354,,,21979,21979,262,0,,,,,26917,16324,,0,282012,4716,,,,,223482,3486,282012,4716
7/16/20,NH,B,394,,2,,668,668,24,3,192,,132159,1141,,,,,,6113,6113,22,0,,,,,,5125,,0,191354,3258,25244,,21942,,138272,1163,191354,3258
7/16/20,NJ,A+,15458,13691,31,1767,20774,20774,862,0,,146,1583403,17334,,,,,64,176501,176501,223,0,,,,,,31400,,0,1759904,17557,,,,,,0,1759904,17557
7/16/20,NM,B,562,,5,,2312,2312,170,28,,,427230,6066,,,,,,16138,16138,297,0,,,,,,6578,,0,443368,6363,,,,,,0,443368,6363
7/16/20,NV,A+,626,,8,,,,1051,0,,251,338928,4971,,,,,124,31915,31915,1447,0,,,,,,,509699,14021,509699,14021,,,,,369204,5884,465682,8161
7/16/20,NY,A,25014,,11,,89995,89995,813,0,,165,4516435,71916,,,,,88,404775,404775,769,0,,,,,,71867,4921210,72685,4921210,72685,,,,,,0,,0
7/16/20,OH,B,3103,2849,28,254,9324,9324,1024,115,2280,310,1018192,24880,,,,,150,70601,66540,1290,0,,,,,,48330,,0,1088793,26170,,,,,,0,1084732,26133
7/16/20,OK,A+,438,,6,,2218,2218,638,48,,235,433376,8864,,,433376,,,23441,23441,628,0,1592,,,,25931,18095,,0,456817,9492,49472,,,,,0,460246,9858
7/16/20,OR,A+,249,,2,,1311,1311,219,21,,63,305437,6732,,,471784,,33,13509,12807,428,0,,,,,25400,3199,,0,497184,10404,,,,,318244,7133,497184,10404
7/16/20,PA,A+,6973,,16,,,,652,0,,,885195,14211,,,,,95,98446,95632,781,0,,,,,,74818,,0,983641,14992,,,,,980827,14970,,0
7/16/20,PR,B,172,75,1,97,,,280,0,,25,255766,0,,,253922,,14,3119,3119,76,0,7455,,,,3966,,,0,258885,76,,,,,,0,258001,0
7/16/20,RI,A+,988,,1,,2084,2084,64,9,,4,159677,1442,,,274951,,3,17711,17711,71,0,,,,,25850,1711,305294,4232,305294,4232,,,,,177388,1513,300801,3868
7/16/20,SC,A,1070,1053,72,17,3744,3744,1578,0,,,475881,12143,43957,,459649,,,64083,63880,1838,0,2306,,,,80112,23849,,0,539964,13981,46263,,,,,0,539761,13778
7/16/20,SD,B,115,,4,,757,757,61,5,,,86342,451,,,,,,7694,,42,0,,,,,,6737,,0,94036,493,,,,,94036,493,,0
7/16/20,TN,A,796,767,13,29,3497,3497,1416,63,,,1052157,23545,,,1039811,,,71540,70881,2479,0,,,,,83227,41250,,0,1123697,26024,,,,,,0,1123038,25985
7/16/20,TX,B,3561,,129,,,,10457,0,,,3300358,74001,,,,,,292656,292656,10291,0,7806,6295,,,498756,155937,,0,3593014,84292,224433,31233,,,,0,3593014,84292
7/16/20,UT,A+,234,,1,,1956,1956,236,43,523,89,415825,6680,,,496015,214,,31845,31845,954,0,,315,,300,35922,19214,,0,531937,9369,,817,,694,448253,7333,531937,9369
7/16/20,VA,A+,2007,1903,15,104,7020,7020,1134,115,,248,786742,15287,,,,,118,74431,71570,904,0,,,,,89268,9644,867931,13565,867931,13565,,,,,,0,,0
7/16/20,VI,C,6,6,0,,,,,0,,,5036,399,,,,,,249,,6,0,,,,,,120,,0,5285,405,,,,,,0,5453,374
7/16/20,VT,B,56,56,0,,,,25,0,,,75973,903,,,,,,1327,1327,10,0,,,,,,1111,,0,96784,1406,,,,,77300,913,96784,1406
7/16/20,WA,B,1421,1421,17,,4829,4829,527,41,,,843756,14586,,,,,53,47039,47016,969,0,,,,,,,892236,15411,892236,15411,,,,,733886,15652,,0
7/16/20,WI,A+,838,831,4,7,3968,3968,308,45,811,88,699670,13371,,,,,,43139,39627,942,0,,,,,,30555,953377,19765,953377,19765,,,,,739297,14271,,0
7/16/20,WV,B,99,,2,,,,65,0,,29,214517,1170,,,,,13,4657,4535,100,0,,,,,,3128,,0,219174,1270,12503,,,,,0,219052,1266
7/16/20,WY,B,24,,2,,131,131,18,0,,,41426,497,,,64501,,,2026,1644,41,0,,,,,1920,1540,,0,66421,1138,,,,,43070,536,66421,1138
7/15/20,AK,A,17,17,0,,102,102,32,4,,,154462,6569,,,,,0,1631,,51,0,,,,,,669,,0,156093,6620,,,,,,0,156093,6620
7/15/20,AL,B,1211,1183,47,28,7291,7291,1332,168,941,,481982,10148,,,,514,,59067,58225,1812,0,,,,,,29736,,0,540207,11932,,,,,540207,11932,,0
7/15/20,AR,A,335,,4,,1948,1948,458,76,,,365479,4913,,,,279,94,30297,30297,564,0,,,,,,23523,,0,395212,5707,,,,,,0,395212,5707
7/15/20,AS,C,0,,0,,,,,0,,,816,0,,,,,,0,0,0,0,,,,,,,,0,816,0,,,,,,0,816,0
7/15/20,AZ,A+,2434,2295,97,139,6103,6103,3493,161,,929,604608,10762,,,,,671,131354,130576,3257,0,,,,,,16155,,0,1066295,24177,201004,,,,735184,13993,1066295,24177
7/15/20,CA,B,7227,,140,,,,8353,0,,2110,5445642,107195,,,,,,347634,347634,11126,0,,,,,,,,0,5793276,118321,,,,,,0,5793276,118321
7/15/20,CO,A,1744,1413,6,331,5950,5950,389,-13,,,378061,5757,113658,,,,,38155,35126,469,0,7961,,,,,4880,514742,8614,514742,8614,121619,,,,413187,6220,,0
7/15/20,CT,B,4380,3505,8,875,10552,10552,67,0,,,568022,11429,,,,,,47636,45653,106,0,,,,,,8351,,0,615658,11535,,,,,,0,602116,12338
7/15/20,DC,A+,571,,3,,,,95,0,,24,126918,3948,,,,,15,11026,,80,0,,,,,,1809,137944,4028,137944,4028,,,,,100691,2783,,0
7/15/20,DE,A+,521,463,3,58,,,51,0,,11,130338,1707,,,,,,13050,12069,81,0,,,,,16473,7236,197100,3774,197100,3774,,,,,143388,4025,,0
7/15/20,FL,A,4626,4626,112,,19659,19659,8217,458,,,2434143,40529,,284980,3019257,,,296814,,9992,0,,,12002,,376345,,3149444,71041,3149444,71041,,,297009,,2739169,50803,3404892,74474
7/15/20,GA,A,3091,,37,,14102,14102,2786,417,2702,,1027149,20078,,,,,,127834,127834,3871,0,9591,,,,116420,,,0,1165251,24490,187083,,,,,0,1165251,24490
7/15/20,GU,B,5,,0,,,,4,0,,,17514,289,,,,,,313,305,1,0,2,,,,,213,,0,17827,290,142,,,,,0,17819,290
7/15/20,HI,D,22,,0,,133,133,31,5,,,96293,1466,,,,,,1264,,21,0,,,,,1219,921,115225,1724,115225,1724,,,,,97557,1487,116275,2166
7/15/20,IA,A+,762,,5,,,,190,0,,62,351021,6462,,33578,,,30,36291,36291,442,0,,,2464,,,27177,,0,387312,6904,,,36077,,388516,6910,,0
7/15/20,ID,A,103,83,1,20,510,510,153,10,151,35,122196,3314,,,,,,11718,10946,316,0,,,,,,3360,,0,133142,3602,,,,,133142,3602,,0
7/15/20,IL,A,7427,7226,8,201,,,1454,0,,324,1922908,36974,,,,,130,157825,156693,1187,0,,,,,,,,0,2080733,38161,,,,,,0,2079601,38161
7/15/20,IN,A+,2785,2592,10,193,7686,7686,881,53,1634,284,533219,7495,,,,,79,53370,,685,0,,,,,57295,39571,,0,771713,15645,,,,,586589,8180,771713,15645
7/15/20,KS,A,299,,11,,1393,1393,,50,418,65,218441,7324,,,,159,21,20933,,875,0,,,,,,948,,0,239374,8199,,,,,239374,8199,,0
7/15/20,KY,B,645,641,10,4,2823,2823,445,21,1028,92,438510,3177,,,,,,20677,19737,454,0,,,,,,5475,,0,458247,3565,39932,,,,,0,458247,3565
7/15/20,LA,B,3461,3351,16,110,,,1369,0,,,917069,22656,,,,,149,84131,84131,2089,0,,,,,,53288,,0,1001200,24745,,,,,,0,1001200,24745
7/15/20,MA,A+,8368,8152,28,216,11651,11651,580,26,,80,876366,10282,,,,,40,112347,106128,217,0,,,,,141646,95390,,0,1322563,20921,,,82409,,982494,10424,1322563,20921
7/15/20,MD,A,3341,3209,7,132,11625,11625,447,140,,129,605072,13263,,,,,,75016,75016,756,0,,,,,87891,5238,,0,850297,21535,,,,,680088,14019,850297,21535
7/15/20,ME,A+,114,113,0,1,373,373,12,0,,9,124353,2444,7806,,122948,,4,3578,3186,12,0,373,,,,4415,3079,,0,127931,2456,8188,,,,,0,127539,2462
7/15/20,MI,A+,6330,6085,4,245,,,543,0,,184,1289006,33084,,,1289006,,107,78913,71197,1049,0,,,,,98539,53867,,0,1367919,34133,187617,,,,,0,1387545,34363
7/15/20,MN,A,1558,1518,10,40,4495,4495,254,43,1353,106,746755,12311,,,,,,43742,43742,572,0,,,,,,38179,790497,12883,790497,12883,,,,,,0,,0
7/15/20,MO,B,1102,,9,,,,875,0,,,488233,11956,,49667,611600,,86,29714,29714,888,0,,,1779,,34290,,,0,646880,13654,,,51446,,517947,12844,646880,13654
7/15/20,MP,D,2,,0,,4,4,,0,,,10664,0,,,,,,36,36,3,0,,,,,,29,,0,10700,3,,,,,10697,0,11335,0
7/15/20,MS,A,1290,1266,18,24,3629,3629,1099,44,,240,318290,5619,,,,,132,38567,38198,1025,0,95,,,,,25932,,0,356857,6644,13966,,,,,0,356488,6619
7/15/20,MT,C,34,,0,,145,145,37,9,,,121662,2218,,,,,,2096,2096,144,0,,,,,,915,,0,123758,2362,,,,,,0,123758,2362
7/15/20,NC,A,1568,1568,16,,,,1142,0,,,1193371,28009,,,,,,91266,91266,1782,0,,,,,,67124,,0,1284637,29791,,,,,,0,1284637,29791
7/15/20,ND,D,92,,0,,284,284,42,4,,,121999,1459,5786,,,,,4556,4556,71,0,211,,,,,3760,232878,2953,232878,2953,5997,,,,124007,1472,238594,3105
7/15/20,NE,B,286,,-2,,1442,1442,110,11,,,198026,3190,,,249941,,,21717,21717,318,0,,,,,26617,16205,,0,277296,5158,,,,,219996,3515,277296,5158
7/15/20,NH,B,392,,1,,665,665,23,76,191,,131018,1058,,,,,,6091,6091,23,0,,,,,,5101,,0,188096,2870,25073,,21766,,137109,1081,188096,2870
7/15/20,NJ,A+,15427,13660,25,1767,20774,20774,923,142,,151,1566069,20753,,,,,78,176278,176278,363,0,,,,,,31400,,0,1742347,21116,,,,,,0,1742347,21116
7/15/20,NM,B,557,,6,,2284,2284,174,23,,,421164,6672,,,,,,15841,15841,327,0,,,,,,6496,,0,437005,6999,,,,,,0,437005,6999
7/15/20,NV,A+,618,,6,,,,1051,0,,251,333957,3396,,,,,124,30468,30468,849,0,,,,,,,495678,13712,495678,13712,,,,,363320,4005,457521,5140
7/15/20,NY,A,25003,,9,,89995,89995,831,0,,165,4444519,62767,,,,,94,404006,404006,831,0,,,,,,71782,4848525,63598,4848525,63598,,,,,,0,,0
7/15/20,OH,B,3075,2819,6,256,9209,9209,1027,160,2259,316,993312,17558,,,,,146,69311,65287,1316,0,,,,,,47303,,0,1062623,18874,,,,,,0,1058599,18832
7/15/20,OK,A+,432,,4,,2170,2170,561,54,,231,424512,4956,,,424512,,,22813,22813,1075,0,1592,,,,24954,17366,,0,447325,6031,49472,,,,,0,450388,5536
7/15/20,OR,A+,247,,3,,1290,1290,207,36,,53,298705,6054,,,461891,,30,13081,12406,276,0,,,,,24889,3129,,0,486780,10126,,,,,311111,6309,486780,10126
7/15/20,PA,A+,6957,,26,,,,667,0,,,870984,20372,,,,,92,97665,94873,994,0,,,,,,74436,,0,968649,21366,,,,,965857,21339,,0
7/15/20,PR,B,171,75,2,96,,,254,0,,18,255766,0,,,253922,,11,3043,3043,139,0,7336,,,,3966,,,0,258809,139,,,,,,0,258001,0
7/15/20,RI,A+,987,,2,,2075,2075,59,5,,5,158235,1165,,,271199,,3,17640,17640,52,0,,,,,25734,1707,301062,3313,301062,3313,,,,,175875,1217,296933,3089
7/15/20,SC,A,998,984,5,14,3744,3744,1560,0,,,463738,6646,43149,,448876,,,62245,62071,1856,0,2146,,,,77107,23849,,0,525983,8502,45295,,,,,0,525983,8671
7/15/20,SD,B,111,,2,,752,752,59,8,,,85891,1299,,,,,,7652,,80,0,,,,,,6663,,0,93543,1379,,,,,93543,1379,,0
7/15/20,TN,A,783,755,16,28,3434,3434,1282,56,,,1028612,23512,,,1016685,,,69061,68441,2273,0,,,,,80368,39857,,0,1097673,25785,,,,,,0,1097053,25733
7/15/20,TX,B,3432,,110,,,,10471,0,,,3226357,82824,,,,,,282365,282365,10791,0,7652,6011,,,484441,149276,,0,3508722,93615,222342,29393,,,,0,3508722,93615
7/15/20,UT,A+,233,,7,,1913,1913,250,25,515,83,409145,6069,,,487399,214,,30891,30891,413,0,,288,,275,35169,18593,,0,522568,8465,,758,,645,440920,6698,522568,8465
7/15/20,VA,A+,1992,1882,15,110,6905,6905,1081,88,,246,771455,13048,,,,,113,73527,70669,1084,0,,,,,88265,9527,854366,13864,854366,13864,,,,,,0,,0
7/15/20,VI,C,6,6,0,,,,,0,,,4637,553,,,,,,243,,37,0,,,,,,112,,0,4880,590,,,,,,0,5079,783
7/15/20,VT,B,56,56,0,,,,19,0,,,75070,700,,,,,,1317,1317,12,0,,,,,,1104,,0,95378,1180,,,,,76387,712,95378,1180
7/15/20,WA,B,1404,1404,5,,4788,4788,497,10,,,829170,15888,,,,,55,46070,46048,1093,0,,,,,,,876825,16850,876825,16850,,,,,718234,9960,,0
7/15/20,WI,A+,834,827,1,7,3923,3923,295,31,810,88,686299,13104,,,,,,42197,38727,848,0,,,,,,29923,933612,20310,933612,20310,,,,,725026,13925,,0
7/15/20,WV,B,97,,0,,,,63,0,,26,213347,3742,,,,,13,4557,4439,150,0,,,,,,2999,,0,217904,3892,12365,,,,,0,217786,3892
7/15/20,WY,B,22,,0,,131,131,17,3,,,40929,2852,,,63418,,,1985,1605,34,0,,,,,1865,1506,,0,65283,1239,,,,,42534,2982,65283,1239
7/14/20,AK,A,17,17,0,,98,98,25,2,,,147893,2840,,,,,1,1580,,43,0,,,,,,642,,0,149473,2883,,,,,,0,149473,2883
7/14/20,AL,B,1164,1136,40,28,7123,7123,1362,378,931,,471834,7775,,,,511,,57255,56441,1710,0,,,,,,25783,,0,528275,9448,,,,,528275,9448,,0
7/14/20,AR,A,331,,8,,1872,1872,445,36,,,360566,6531,,,,273,91,29733,29733,794,0,,,,,,22844,,0,389505,7103,,,,,,0,389505,7103
7/14/20,AS,C,0,,0,,,,,0,,,816,0,,,,,,0,0,0,0,,,,,,,,0,816,0,,,,,,0,816,0
7/14/20,AZ,A+,2337,2208,92,129,5942,5942,3517,103,,970,593846,15244,,,,,674,128097,127345,4273,0,,,,,,15678,,0,1042118,22248,199450,,,,721191,19488,1042118,22248
7/14/20,CA,B,7087,,47,,,,8145,0,,2083,5338447,123244,,,,,,336508,336508,7346,0,,,,,,,,0,5674955,130590,,,,,,0,5674955,130590
7/14/20,CO,A,1738,1408,11,330,5963,5963,368,22,,,372304,4591,112858,,,,,37686,34663,444,0,7916,,,,,4844,506128,7297,506128,7297,120774,,,,406967,5025,,0
7/14/20,CT,B,4372,3497,1,875,10552,10552,66,0,,,556593,12123,,,,,,47530,45547,20,0,,,,,,8351,,0,604123,12143,,,,,,0,589778,2447
7/14/20,DC,A+,568,,0,,,,91,0,,21,122970,3656,,,,,14,10946,,40,0,,,,,,1774,133916,3696,133916,3696,,,,,97908,1745,,0
7/14/20,DE,A+,518,460,1,58,,,48,0,,10,128631,2147,,,,,,12969,11989,90,0,,,,,16356,7184,193326,2239,193326,2239,,,,,139363,0,,0
7/14/20,FL,A,4514,4514,133,,19201,19201,8354,384,,,2393614,36475,,284980,2957751,,,286822,,9183,0,,,12002,,363828,,3078403,59489,3078403,59489,,,297009,,2688366,45753,3330418,61947
7/14/20,GA,A,3054,,28,,13685,13685,2741,209,2662,,1007071,19673,,,,,,123963,123963,3394,0,9516,,,,113168,,,0,1140761,24172,186113,,,,,0,1140761,24172
7/14/20,GU,B,5,,0,,,,3,0,,,17225,195,,,,,,312,304,0,0,2,,,,,210,,0,17537,195,142,,,,,0,17529,195
7/14/20,HI,D,22,,3,,128,128,23,3,,,94827,877,,,,,,1243,,23,0,,,,,1198,911,113501,1200,113501,1200,,,,,96070,900,114109,1227
7/14/20,IA,A+,757,,3,,,,186,0,,67,344559,3372,,33342,,,32,35849,35849,320,0,,,2446,,,26952,,0,380408,3692,,,35823,,381606,3732,,0
7/14/20,ID,A,102,82,0,20,500,500,153,23,144,35,118882,2652,,,,,,11402,10658,500,0,,,,,,3262,,0,129540,3147,,,,,129540,3147,,0
7/14/20,IL,A,7419,7218,25,201,,,1416,0,,333,1885934,27739,,,,,126,156638,155506,707,0,,,,,,,,0,2042572,28446,,,,,,0,2041440,28446
7/14/20,IN,A+,2775,2582,13,193,7633,7633,767,59,1620,266,525724,7352,,,,,73,52685,,648,0,,,,,56338,39155,,0,756068,16568,,,,,578409,8000,756068,16568
7/14/20,KS,A,288,,0,,1343,1343,,0,410,,211117,0,,,,160,,20058,,0,0,,,,,,920,,0,231175,0,,,,,231175,0,,0
7/14/20,KY,B,635,631,6,4,2802,2802,449,11,1019,84,435333,13101,,,,,,20223,19349,570,0,,,,,,5389,,0,454682,13626,39661,,,,,0,454682,13626
7/14/20,LA,B,3445,3337,22,108,,,1362,0,,,894413,20814,,,,,146,82042,82042,2215,0,,,,,,46334,,0,976455,23029,,,,,,0,976455,23029
7/14/20,MA,A+,8340,8125,10,215,11625,11625,560,14,,93,866084,11768,,,,,37,112130,105986,303,0,,,,,141265,94347,,0,1301642,20900,,,81525,,972070,11971,1301642,20900
7/14/20,MD,A,3334,3202,9,132,11485,11485,415,18,,118,591809,13379,,,,,,74260,74260,733,0,,,,,86973,5238,,0,828762,15415,,,,,666069,14112,828762,15415
7/14/20,ME,A+,114,113,0,1,373,373,17,1,,7,121909,1505,7772,,120516,,3,3566,3168,8,0,373,,,,4389,3062,,0,125475,1513,8154,,,,,0,125077,1514
7/14/20,MI,A+,6326,6081,5,245,,,543,0,,184,1255922,19693,,,1255922,,109,77864,70306,666,0,,,,,97260,53867,,0,1333786,20359,186178,,,,,0,1353182,20515
7/14/20,MN,A,1548,1510,6,38,4452,4452,236,28,1348,107,734444,8227,,,,,,43170,43170,398,0,,,,,,37749,777614,8625,777614,8625,,,,,,0,,0
7/14/20,MO,B,1093,,10,,,,811,0,,,476277,8390,,49333,599011,,74,28826,28826,936,0,,,1766,,33231,,,0,633226,12183,,,51099,,505103,9326,633226,12183
7/14/20,MP,D,2,,0,,4,4,,0,,,10664,-70,,,,,,33,33,0,0,,,,,,19,,0,10697,-70,,,,,10697,0,11335,0
7/14/20,MS,A,1272,1249,22,23,3585,3585,1059,55,,227,312671,5936,,,,,126,37542,37198,862,0,95,,,,,25932,,0,350213,6798,13793,,,,,0,349869,6570
7/14/20,MT,C,34,,2,,136,136,29,3,,,119444,2592,,,,,,1952,1952,109,0,,,,,,884,,0,121396,2701,,,,,,0,121396,2701
7/14/20,NC,A,1552,1552,42,,,,1109,0,,,1165362,32404,,,,,,89484,89484,1956,0,,,,,,67124,,0,1254846,34360,,,,,,0,1254846,34360
7/14/20,ND,D,92,,1,,280,280,42,3,,,120540,1104,5658,,,,,4485,4485,54,0,208,,,,,3685,229925,2382,229925,2382,5866,,,,122535,1175,235489,2431
7/14/20,NE,B,288,,3,,1431,1431,101,10,,,194836,4349,,,245118,,,21399,21399,227,0,,,,,26291,16025,,0,272138,4438,,,,,216481,4580,272138,4438
7/14/20,NH,B,391,,0,,589,589,24,0,191,,129960,1148,,,,,,6068,6068,14,0,,,,,,5056,,0,185226,1628,24831,,21638,,136028,1162,185226,1628
7/14/20,NJ,A+,15402,13635,22,1767,20632,20632,888,0,,149,1545316,20453,,,,,79,175915,175915,393,0,,,,,,31318,,0,1721231,20846,,,,,,0,1721231,20846
7/14/20,NM,B,551,,3,,2261,2261,171,34,,,414492,5428,,,,,,15514,15514,223,0,,,,,,6429,,0,430006,5651,,,,,,0,430006,5651
7/14/20,NV,A+,612,,19,,,,983,0,,247,330561,5883,,,,,121,29619,29619,1104,0,,,,,,,481966,9678,481966,9678,,,,,359315,6859,452381,9245
7/14/20,NY,A,24994,,5,,89995,89995,820,0,,167,4381752,59133,,,,,101,403175,403175,912,0,,,,,,71692,4784927,60045,4784927,60045,,,,,,0,,0
7/14/20,OH,B,3069,2813,5,256,9049,9049,1017,134,2223,314,975754,17856,,,,,156,67995,64013,1142,0,,,,,,46282,,0,1043749,18998,,,,,,0,1039767,18956
7/14/20,OK,A+,428,,4,,2116,2116,546,53,,234,419556,19519,,,419556,,,21738,21738,993,0,1592,,,,24383,16635,,0,441294,20512,49472,,,,,0,444852,21567
7/14/20,OR,A+,244,,7,,1254,1254,235,20,,64,292651,4377,,,452211,,35,12805,12151,367,0,,,,,24443,3129,,0,476654,7096,,,,,304802,4733,476654,7096
7/14/20,PA,A+,6931,,20,,,,678,0,,,850612,14880,,,,,95,96671,93906,929,0,,,,,,74436,,0,947283,15809,,,,,944518,15771,,0
7/14/20,PR,B,169,73,2,96,,,206,0,,14,255766,0,,,253922,,9,2904,2904,93,0,7219,,,,3966,,,0,258670,93,,,,,,0,258001,0
7/14/20,RI,A+,985,,1,,2070,2070,69,4,,5,157070,1314,,,268191,,3,17588,17588,101,0,,,,,25653,1692,297749,3222,297749,3222,,,,,174658,1415,293844,3088
7/14/20,SC,A,993,984,21,9,3744,3744,1550,346,,,457092,8159,42970,,442197,,,60389,60220,2221,0,2131,,,,75115,23849,,0,517481,10380,45101,,,,,0,517312,10376
7/14/20,SD,B,109,,0,,744,744,62,2,,,84592,738,,,,,,7572,,48,0,,,,,,6599,,0,92164,786,,,,,92164,786,,0
7/14/20,TN,A,767,740,18,27,3378,3378,1222,94,,,1005100,16413,,,993647,,,66788,66220,1514,0,,,,,77673,38272,,0,1071888,17927,,,,,,0,1071320,17896
7/14/20,TX,B,3322,,87,,,,10569,0,,,3143533,79997,,,,,,271574,271574,7261,0,7646,5682,,,468089,142398,,0,3415107,87258,222123,27410,,,,0,3415107,87258
7/14/20,UT,A+,226,,10,,1888,1888,231,38,505,80,403076,7321,,,479641,210,,30478,30478,448,0,,264,,252,34462,18111,,0,514103,10041,,702,,601,434222,8014,514103,10041
7/14/20,VA,A+,1977,1870,9,107,6817,6817,1127,52,,249,758407,16034,,,,,112,72443,69610,801,0,,,,,87237,9423,840502,14041,840502,14041,,,,,,0,,0
7/14/20,VI,C,6,6,0,,,,,0,,,4084,0,,,,,,206,,0,0,,,,,,96,,0,4290,0,,,,,,0,4296,0
7/14/20,VT,B,56,56,0,,,,15,0,,,74370,1031,,,,,,1305,1305,4,0,,,,,,1099,,0,94198,1528,,,,,75675,1035,94198,1528
7/14/20,WA,B,1399,1399,-39,,4778,4778,445,27,,,813282,16965,,,,,39,44977,44960,344,0,,,,,,,859975,17913,859975,17913,,,,,708274,22269,,0
7/14/20,WI,A+,833,826,6,7,3892,3892,293,42,804,83,673195,13716,,,,,,41349,37906,967,0,,,,,,29275,913302,16257,913302,16257,,,,,711101,14680,,0
7/14/20,WV,B,97,,1,,,,59,0,,24,209605,5639,,,,,7,4407,4289,148,0,,,,,,2982,,0,214012,5787,12219,,,,,0,213894,5785
7/14/20,WY,B,22,,1,,128,128,14,4,,,38077,0,,,62227,,,1951,1581,47,0,,,,,1817,1462,,0,64044,1604,,,,,39552,0,64044,1604
7/13/20,AK,A,17,17,0,,96,96,22,1,,,145053,1056,,,,,0,1537,,59,0,,,,,,620,,0,146590,1115,,,,,,0,146590,1115
7/13/20,AL,B,1124,1096,3,28,6745,6745,1335,0,919,,464059,6140,,,,505,,55545,54768,1958,0,,,,,,25783,,0,518827,8000,,,,,518827,8000,,0
7/13/20,AR,A,323,,2,,1836,1836,439,14,,,354035,0,,,,269,89,28939,28939,572,0,,,,,,22106,,0,382402,0,,,,,,0,382402,0
7/13/20,AS,C,0,,0,,,,,0,,,816,0,,,,,,0,0,0,0,,,,,,,,0,816,0,,,,,,0,816,0
7/13/20,AZ,A+,2245,2122,8,123,5839,5839,3373,44,,936,578602,4897,,,,,671,123824,123101,1357,0,,,,,,15254,,0,1019870,8500,198291,,,,701703,6240,1019870,8500
7/13/20,CA,B,7040,,23,,,,7895,0,,2021,5215203,129408,,,,,,329162,329162,8358,0,,,,,,,,0,5544365,137766,,,,,,0,5544365,137766
7/13/20,CO,A,1727,1400,2,327,5941,5941,378,46,,,367713,5261,112040,,,,,37242,34229,329,0,7866,,,,,4808,498831,8154,498831,8154,119906,,,,401942,5579,,0
7/13/20,CT,B,4371,3492,23,879,10552,10552,74,0,,,544470,2363,,,,,,47510,45523,223,0,,,,,,8351,,0,591980,2586,,,,,,0,587331,31101
7/13/20,DC,A+,568,,0,,,,93,0,,25,119314,3278,,,,,16,10906,,59,0,,,,,,1756,130220,3337,130220,3337,,,,,96163,1596,,0
7/13/20,DE,A+,517,459,0,58,,,49,0,,12,126484,1879,,,,,,12879,11898,75,0,,,,,16278,7139,191087,2515,191087,2515,,,,,139363,1954,,0
7/13/20,FL,A,4381,4381,35,,18817,18817,8051,227,,,2357139,52943,,284980,2908137,,,277639,,12207,0,,,12002,,351831,,3018914,100982,3018914,100982,,,297009,,2642613,65800,3268471,103117
7/13/20,GA,A,3026,,25,,13476,13476,2600,217,2643,,987398,20908,,,,,,120569,120569,3643,0,9505,,,,110003,,,0,1116589,24919,185935,,,,,0,1116589,24919
7/13/20,GU,B,5,,0,,,,3,0,,,17030,363,,,,,,312,304,0,0,2,,,,,202,,0,17342,363,142,,,,,0,17334,476
7/13/20,HI,D,19,,0,,125,125,,0,,,93950,1230,,,,,,1220,,20,0,,,,,1174,890,112301,1896,112301,1896,,,,,95170,1250,112882,1564
7/13/20,IA,A+,754,,4,,,,186,0,,67,341187,1845,,32986,,,32,35529,35529,458,0,,,2435,,,26664,,0,376716,2303,,,35456,,377874,2311,,0
7/13/20,ID,A,102,82,0,20,477,477,153,9,142,35,116230,1474,,,,,,10902,10163,397,0,,,,,,3179,,0,126393,1862,,,,,126393,1862,,0
7/13/20,IL,A,7394,7193,6,201,,,1362,0,,334,1858195,29129,,,,,136,155931,154799,883,0,,,,,,,,0,2014126,30012,,,,,,0,2012994,30012
7/13/20,IN,A+,2762,2569,2,193,7574,7574,764,47,1601,255,518372,5337,,,,,71,52037,,425,0,,,,,55304,38914,,0,739500,4462,,,,,570409,5762,739500,4462
7/13/20,KS,A,288,,4,,1343,1343,,39,410,,211117,11949,,,,160,,20058,,1447,0,,,,,,920,,0,231175,13396,,,,,231175,13396,,0
7/13/20,KY,B,629,625,4,4,2791,2791,440,12,1017,87,422232,3451,,,,,,19653,18824,264,0,,,,,,5344,,0,441056,3968,39316,,,,,0,441056,3968
7/13/20,LA,B,3423,3315,7,108,,,1308,0,,,873599,16726,,,,,142,79827,79827,1705,0,,,,,,46334,,0,953426,18431,,,,,,0,953426,18431
7/13/20,MA,A+,8330,8115,5,215,11611,11611,570,3,,89,854316,8433,,,,,46,111827,105783,230,0,,,,,140951,94347,,0,1280742,20035,,,80888,,960099,8587,1280742,20035
7/13/20,MD,A,3325,3194,6,131,11467,11467,386,47,,108,578430,8148,,,,,,73527,73527,418,0,,,,,86221,5230,,0,813347,11067,,,,,651957,8566,813347,11067
7/13/20,ME,A+,114,113,0,1,372,372,18,1,,8,120404,1629,7756,,119029,,3,3558,3159,19,0,370,,,,4363,3008,,0,123962,1648,8135,,,,,0,123563,1645
7/13/20,MI,A+,6321,6075,7,246,,,543,0,,184,1236229,16850,,,1236229,,113,77198,69722,422,0,,,,,96438,53867,,0,1313427,17272,185189,,,,,0,1332667,17362
7/13/20,MN,A,1542,1504,2,38,4424,4424,247,25,1338,114,726217,13446,,,,,,42772,42772,491,0,,,,,,37199,768989,13937,768989,13937,,,,,,0,,0
7/13/20,MO,B,1083,,14,,,,932,0,,,467887,9822,,48749,587188,,89,27890,27890,447,0,,,1746,,32874,,,0,621043,15997,,,50495,,495777,10269,621043,15997
7/13/20,MP,D,2,,0,,4,4,,0,,,10734,0,,,,,,33,33,0,0,,,,,,19,,0,10767,0,,,,,10697,0,11335,0
7/13/20,MS,A,1250,1228,1,22,3530,3530,1020,35,,208,306735,7811,,,,,110,36680,36564,393,0,95,,,,,25932,,0,343415,8204,13664,,,,,0,343299,9270
7/13/20,MT,C,32,,3,,133,133,28,5,,,116852,3949,,,,,,1843,1843,85,0,,,,,,875,,0,118695,4034,,,,,,0,118695,4034
7/13/20,NC,A,1510,1510,7,,,,1040,0,,,1132958,19084,,,,,,87528,87528,1827,0,,,,,,67124,,0,1220486,20911,,,,,,0,1220486,20911
7/13/20,ND,D,91,,0,,277,277,43,6,,,119436,1291,5607,,,,,4431,4431,102,0,205,,,,,3653,227543,4285,227543,4285,5812,,,,121360,1346,233058,4535
7/13/20,NE,B,285,,0,,1421,1421,98,0,,,190487,3382,,,240972,,,21172,21172,174,0,,,,,26005,15860,,0,267700,5416,,,,,211901,3563,267700,5416
7/13/20,NH,B,391,,0,,589,589,22,0,191,,128812,1447,,,,,,6054,6054,30,0,,,,,,5027,,0,183598,2269,24673,,21562,,134866,1477,183598,2269
7/13/20,NJ,A+,15380,13613,19,1767,20632,20632,892,0,,166,1524863,14557,,,,,81,175522,175522,224,0,,,,,,31261,,0,1700385,14781,,,,,,0,1700385,14781
7/13/20,NM,B,548,,3,,2227,2227,172,23,,,409064,5735,,,,,,15291,15291,263,0,,,,,,6363,,0,424355,5998,,,,,,0,424355,5998
7/13/20,NV,A+,593,,0,,,,953,0,,250,324678,4805,,,,,107,28515,28515,832,0,,,,,,,472288,2652,472288,2652,,,,,352456,5657,443136,8735
7/13/20,NY,A,24989,,10,,89995,89995,792,0,,175,4322619,51130,,,,,103,402263,402263,557,0,,,,,,71643,4724882,51687,4724882,51687,,,,,,0,,0
7/13/20,OH,B,3064,2807,6,257,8915,8915,949,73,2201,293,957898,17104,,,,,159,66853,62913,1261,0,,,,,,45194,,0,1024751,18365,,,,,,0,1020811,18348
7/13/20,OK,A+,424,,2,,2063,2063,499,31,,186,400037,0,,,400037,,,20745,20745,510,0,1592,,,,22367,15815,,0,420782,510,49472,,,,,0,423285,0
7/13/20,OR,A+,237,,3,,1234,1234,246,54,,67,288274,4272,,,445502,,35,12438,11795,268,0,,,,,24056,3094,,0,469558,6411,,,,,300069,13872,469558,6411
7/13/20,PA,A+,6911,,7,,,,682,0,,,835732,6714,,,,,96,95742,93015,476,0,,,,,,73721,,0,931474,7190,,,,,928747,7177,,0
7/13/20,PR,B,167,71,0,96,,,159,0,,15,255766,0,,,253922,,8,2811,2811,228,0,7199,,,,3966,,,0,258577,228,,,,,,0,258001,0
7/13/20,RI,A+,984,,8,,2066,2066,67,15,,3,155756,6413,,,265238,,4,17487,17487,175,0,,,,,25518,1691,294527,1804,294527,1804,,,,,173243,6588,290756,12399
7/13/20,SC,A,972,961,11,11,3398,3398,1488,0,,,448933,13073,42940,,434198,,,58168,58003,1520,0,2127,,,,72738,20957,,0,507101,14593,45067,,,,,0,506936,14591
7/13/20,SD,B,109,,0,,742,742,63,4,,,83854,745,,,,,,7524,,25,0,,,,,,6543,,0,91378,770,,,,,91378,770,,0
7/13/20,TN,A,749,722,8,27,3284,3284,1120,34,,,988687,32632,,,977504,,,65274,64737,3314,0,,,,,75920,36996,,0,1053961,35946,,,,,,0,1053424,35926
7/13/20,TX,B,3235,,43,,,,10405,0,,,3063536,25763,,,,,,264313,264313,5655,0,7542,5285,,,451588,136419,,0,3327849,31418,217734,25258,,,,0,3327849,31418
7/13/20,UT,A+,216,,1,,1850,1850,252,26,487,86,395755,4432,,,470380,208,,30030,30030,546,0,,204,,195,33682,17728,,0,504062,5943,,608,,517,426208,4824,504062,5943
7/13/20,VA,A+,1968,1861,2,107,6765,6765,1129,21,,243,742373,8998,,,,,105,71642,68814,972,0,,,,,86045,9330,826461,12538,826461,12538,,,,,,0,,0
7/13/20,VI,C,6,6,0,,,,,0,,,4084,176,,,,,,206,,25,0,,,,,,96,,0,4290,201,,,,,,0,4296,201
7/13/20,VT,B,56,56,0,,,,10,0,,,73339,714,,,,,,1301,1301,6,0,,,,,,1096,,0,92670,955,,,,,74640,720,92670,955
7/13/20,WA,B,1438,1438,14,,4751,4751,443,89,,,796317,17490,,,,,35,44633,44616,542,0,,,,,,,842062,18560,842062,18560,,,,,686005,17539,,0
7/13/20,WI,A+,827,820,0,7,3850,3850,283,26,800,85,659479,6127,,,,,,40382,36942,505,0,,,,,,28670,897045,14404,897045,14404,,,,,696421,6621,,0
7/13/20,WV,B,96,,0,,,,63,0,,22,203966,1137,,,,,8,4259,4143,52,0,,,,,,2825,,0,208225,1189,12057,,,,,0,208109,1189
7/13/20,WY,B,21,,0,,124,124,17,0,,,38077,0,,,60671,,,1904,1545,42,0,,,,,1769,1372,,0,62440,2229,,,,,39552,0,62440,2229
7/12/20,AK,A,17,17,0,,95,95,27,2,,,143997,2007,,,,,0,1478,,92,0,,,,,,615,,0,145475,2099,,,,,,0,145475,2099
7/12/20,AL,B,1121,1093,7,28,6745,6745,1163,0,911,,457919,7846,,,,503,,53587,52908,1640,0,,,,,,25783,,0,510827,9460,,,,,510827,9460,,0
7/12/20,AR,A,321,,8,,1822,1822,412,42,,,354035,11189,,,,266,84,28367,28367,1564,0,,,,,,21591,,0,382402,12753,,,,,,0,382402,12753
7/12/20,AS,C,0,,0,,,,,0,,,816,0,,,,,,0,0,0,0,,,,,,,,0,816,0,,,,,,0,816,0
7/12/20,AZ,A+,2237,2114,86,123,5795,5795,3432,45,,922,573705,9645,,,,,631,122467,121758,2537,0,,,,,,14829,,0,1011370,12589,197017,,,,695463,12170,1011370,12589
7/12/20,CA,B,7017,,72,,,,7854,0,,2020,5085795,122444,,,,,,320804,320804,8460,0,,,,,,,,0,5406599,130904,,,,,,0,5406599,130904
7/12/20,CO,A,1725,1398,0,327,5895,5895,324,10,,,362452,6940,111195,,,,,36913,33911,322,0,7819,,,,,4780,490677,9327,490677,9327,119014,,,,396363,7264,,0
7/12/20,CT,B,4348,3476,0,871,10552,10552,77,0,,,542107,31006,,,,,,47287,45308,0,0,,,,,,8351,,0,589394,31006,,,,,,0,556230,0
7/12/20,DC,A+,568,,0,,,,95,0,,30,116036,2787,,,,,17,10847,,46,0,,,,,,1737,126883,2833,126883,2833,,,,,94567,1255,,0
7/12/20,DE,A+,517,459,0,58,,,58,0,,10,124605,3233,,,,,,12804,11823,61,0,,,,,16175,7120,188572,3873,188572,3873,,,,,137409,3294,,0
7/12/20,FL,A,4346,4346,45,,18590,18590,7542,249,,,2304196,83408,,284980,2819784,,,265432,,15149,0,,,12002,,337795,,2917932,129145,2917932,129145,,,297009,,2576813,99003,3165354,136205
7/12/20,GA,A,3001,,5,,13259,13259,2512,54,2621,,966490,16018,,,,,,116926,116926,2525,0,9367,,,,106202,,,0,1091670,18697,183094,,,,,0,1091670,18697
7/12/20,GU,B,5,,0,,,,3,0,,,16667,0,,,,,,312,304,0,0,2,,,,,202,,0,16979,0,142,,,,,0,16858,0
7/12/20,HI,D,19,,0,,125,125,,0,,,92720,1644,,,,,,1200,,42,0,,,,,1154,872,110405,1999,110405,1999,,,,,93920,1686,111318,2222
7/12/20,IA,A+,750,,2,,,,177,0,,54,339342,5628,,32894,,,26,35071,35071,424,0,,,2428,,,26234,,0,374413,6052,,,35357,,375563,6060,,0
7/12/20,ID,A,102,82,1,20,468,468,140,19,139,33,114756,2335,,,,,,10505,9775,577,0,,,,,,3114,,0,124531,2891,,,,,124531,2891,,0
7/12/20,IL,A,7388,7187,19,201,,,1342,0,,311,1829066,37940,,,,,127,155048,153916,954,0,,,,,,,,0,1984114,38894,,,,,,0,1982982,38894
7/12/20,IN,A+,2760,2567,4,193,7527,7527,702,69,1592,237,513035,5968,,,,,68,51612,,533,0,,,,,54984,38623,,0,735038,6048,,,,,564647,6501,735038,6048
7/12/20,KS,A,284,,0,,1304,1304,,0,405,,199168,0,,,,160,,18611,,0,0,,,,,,905,,0,217779,0,,,,,217779,0,,0
7/12/20,KY,B,625,621,3,4,2779,2779,370,0,1014,75,418781,0,,,,,,19389,18562,268,0,,,,,,5322,,0,437088,0,38895,,,,,0,437088,0
7/12/20,LA,B,3416,3308,13,108,,,1243,0,,,856873,9229,,,,,134,78122,78122,1319,0,,,,,,46334,,0,934995,10548,,,,,,0,934995,10548
7/12/20,MA,A+,8325,8110,15,215,11608,11608,583,8,,93,845883,10947,,,,,43,111597,105629,199,0,,,,,140577,94347,,0,1260707,7040,,,80573,,951512,11119,1260707,7040
7/12/20,MD,A,3319,3188,9,131,11420,11420,392,67,,114,570282,13472,,,,,,73109,73109,642,0,,,,,85712,5230,,0,802280,21140,,,,,643391,14114,802280,21140
7/12/20,ME,A+,114,113,2,1,371,371,19,3,,9,118775,2405,7733,,117405,,3,3539,3143,19,0,375,,,,4344,2994,,0,122314,2424,8116,,,,,0,121918,2417
7/12/20,MI,A+,6314,6068,1,246,,,505,0,,174,1219379,21627,,,1219379,,99,76776,69338,406,0,,,,,95926,53867,,0,1296155,22033,183784,,,,,0,1315305,22354
7/12/20,MN,A,1540,1502,3,38,4399,4399,251,33,1335,123,712771,12247,,,,,,42281,42281,710,0,,,,,,36582,755052,12957,755052,12957,,,,,,0,,0
7/12/20,MO,B,1069,,0,,,,883,0,,,458065,10648,,48363,571520,,80,27443,27443,310,0,,,1745,,32546,,,0,605046,14620,,,50108,,485508,10958,605046,14620
7/12/20,MP,D,2,,0,,4,4,,0,,,10734,0,,,,,,33,33,2,0,,,,,,19,,0,10767,2,,,,,10697,0,11335,0
7/12/20,MS,A,1249,1227,19,22,3495,3495,963,0,,202,298924,0,,,,,107,36287,35961,868,0,95,,,,,22167,,0,335211,868,13123,,,,,0,334029,0
7/12/20,MT,C,29,,0,,128,128,26,1,,,112903,1221,,,,,,1758,1758,81,0,,,,,,865,,0,114661,1302,,,,,,0,114661,1302
7/12/20,NC,A,1503,1503,4,,,,1070,0,,,1113874,21609,,,,,,85701,85701,1908,0,,,,,,55318,,0,1199575,23517,,,,,,0,1199575,23517
7/12/20,ND,D,91,,0,,271,271,38,8,,,118145,1537,5607,,,,,4329,4329,91,0,205,,,,,3570,223258,4311,223258,4311,5812,,,,120014,1698,228523,4490
7/12/20,NE,B,285,,-1,,1421,1421,95,2,,,187105,4028,,,235794,,,20998,20998,221,0,,,,,25780,15724,,0,262284,5451,,,,,208338,4247,262284,5451
7/12/20,NH,B,391,,1,,589,589,22,4,191,,127365,1054,,,,,,6024,6024,33,0,,,,,,5013,,0,181329,3510,24597,,21388,,133389,1087,181329,3510
7/12/20,NJ,A+,15361,13594,16,1767,20632,20632,890,0,,163,1510306,23981,,,,,86,175298,175298,339,0,,,,,,31190,,0,1685604,24320,,,,,,0,1685604,24320
7/12/20,NM,B,545,,2,,2204,2204,170,17,,,403329,7348,,,,,,15028,15028,255,0,,,,,,6322,,0,418357,7603,,,,,,0,418357,7603
7/12/20,NV,A+,593,,1,,,,895,0,,239,319873,5478,,,,,114,27683,27683,845,0,,,,,,,469636,8373,469636,8373,,,,,346799,6461,434401,9374
7/12/20,NY,A,24979,,5,,89995,89995,801,0,,174,4271489,61741,,,,,102,401706,401706,677,0,,,,,,71565,4673195,62418,4673195,62418,,,,,,0,,0
7/12/20,OH,B,3058,2801,22,257,8842,8842,954,72,2185,289,940794,21973,,,,,154,65592,61669,1378,0,,,,,,44663,,0,1006386,23351,,,,,,0,1002463,23314
7/12/20,OK,A+,422,,1,,2032,2032,499,40,,186,400037,0,,,400037,,,20235,20235,456,0,1592,,,,22367,15485,,0,420272,456,49472,,,,,0,423285,0
7/12/20,OR,A+,234,,2,,1180,1180,208,0,,56,284002,3670,,,439485,,30,12170,10881,319,0,,,,,23662,3009,,0,463147,7068,,,,,286197,0,463147,7068
7/12/20,PA,A+,6904,,7,,,,652,0,,,829018,11384,,,,,96,95266,92552,577,0,,,,,,73354,,0,924284,11961,,,,,921570,11935,,0
7/12/20,PR,B,167,71,0,96,,,174,0,,12,255766,0,,,253922,,11,2583,2583,148,0,7071,,,,3966,,,0,258349,148,,,,,,0,258001,0
7/12/20,RI,A+,976,,0,,2051,2051,61,0,,4,149343,0,,,253472,,5,17312,17312,0,0,,,,,24885,1685,292723,2934,292723,2934,,,,,166655,0,278357,0
7/12/20,SC,A,961,950,10,11,3398,3398,1472,0,,,435860,2469,42087,,422425,,,56648,56485,1949,0,2086,,,,69920,20957,,0,492508,4418,44173,,,,,0,492345,4416
7/12/20,SD,B,109,,0,,738,738,53,0,,,83109,957,,,,,,7499,,45,0,,,,,,6522,,0,90608,1002,,,,,90608,1002,,0
7/12/20,TN,A,741,714,3,27,3250,3250,1184,57,,,956055,9947,,,945516,,,61960,61443,954,0,,,,,71982,35855,,0,1018015,10901,,,,,,0,1017498,10882
7/12/20,TX,B,3192,,80,,,,10410,0,,,3037773,39949,,,,,,258658,258658,8196,0,7521,5098,,,445560,132638,,0,3296431,48145,217536,24416,,,,0,3296431,48145
7/12/20,UT,A+,215,,3,,1824,1824,276,27,486,84,391323,5409,,,464869,207,,29484,29484,629,0,,192,,183,33250,17303,,0,498119,7519,,596,,505,421384,5952,498119,7519
7/12/20,VA,A+,1966,1859,4,107,6744,6744,1045,37,,228,733375,16822,,,,,101,70670,67830,888,0,,,,,84998,9310,813923,16007,813923,16007,,,,,,0,,0
7/12/20,VI,C,6,6,0,,,,,0,,,3908,268,,,,,,181,,14,0,,,,,,93,,0,4089,282,,,,,,0,4095,230
7/12/20,VT,B,56,56,0,,,,17,0,,,72625,801,,,,,,1295,1295,13,0,,,,,,1089,,0,91715,1165,,,,,73920,814,91715,1165
7/12/20,WA,B,1424,1424,0,,4662,4662,447,0,,,778827,5048,,,,,57,44091,44074,850,0,,,,,,,823502,5382,823502,5382,,,,,668466,0,,0
7/12/20,WI,A+,827,820,-1,7,3824,3824,264,27,800,74,653352,6848,,,,,,39877,36448,797,0,,,,,,28318,882641,17158,882641,17158,,,,,689800,7617,,0
7/12/20,WV,B,96,,1,,,,56,0,,14,202829,3080,,,,,7,4207,4091,133,0,,,,,,2806,,0,207036,3213,12057,,,,,0,206920,3208
7/12/20,WY,B,21,,0,,124,124,12,1,,,38077,0,,,58496,,,1862,1506,23,0,,,,,1715,1372,,0,60211,207,,,,,39552,0,60211,207
7/11/20,AK,A,17,17,0,,93,93,31,3,,,141990,1382,,,,,1,1386,,63,0,,,,,,598,,0,143376,1445,,,,,,0,143376,1445
7/11/20,AL,B,1114,1086,10,28,6745,6745,1093,3656,904,,450073,8365,,,,496,,51947,51294,1439,0,,,,,,25783,,0,501367,9767,,,,,501367,9767,,0
7/11/20,AR,A,313,,0,,1780,1780,402,37,,,342846,4237,,,,265,84,26803,26803,0,0,,,,,,20642,,0,369649,4988,,,,,,0,369649,4988
7/11/20,AS,C,0,,0,,,,,0,,,816,0,,,,,,0,0,0,0,,,,,,,,0,816,0,,,,,,0,816,0
7/11/20,AZ,A+,2151,2030,69,121,5750,5750,3485,91,,899,564060,11741,,,,,620,119930,119233,3038,0,,,,,,14394,,0,998781,23522,194948,,,,683293,14765,998781,23522
7/11/20,CA,B,6945,,94,,,,7904,0,,2021,4963351,91911,,,,,,312344,312344,8047,0,,,,,,,,0,5275695,99958,,,,,,0,5275695,99958
7/11/20,CO,A,1725,1398,1,327,5885,5885,324,21,,,355512,5842,110506,,,,,36591,33587,400,0,7780,,,,,4749,481350,9050,481350,9050,118286,,,,389099,6240,,0
7/11/20,CT,B,4348,3476,0,871,10552,10552,77,0,,,511101,-73,,,,,,47287,45308,0,0,,,,,,8351,,0,558388,-73,,,,,,0,556230,0
7/11/20,DC,A+,568,,0,,,,92,0,,29,113249,3108,,,,,17,10801,,58,0,,,,,,1717,124050,3166,124050,3166,,,,,93312,2169,,0
7/11/20,DE,A+,517,460,0,57,,,65,0,,13,121372,1316,,,,,,12743,11699,91,0,,,,,15987,7002,184699,4637,184699,4637,,,,,134115,1407,,0
7/11/20,FL,A,4301,4301,98,,18341,18341,7186,425,,,2220788,43312,,284980,2703554,,,250283,,10274,0,,,12002,,318664,,2788787,77508,2788787,77508,,,297009,,2477810,53818,3029149,83896
7/11/20,GA,A,2996,,31,,13205,13205,2446,268,2610,,950472,15335,,,,,,114401,114401,3190,0,9270,,,,103769,,,0,1072973,18248,180366,,,,,0,1072973,18248
7/11/20,GU,B,5,,0,,,,3,0,,,16667,111,,,,,,312,304,2,0,2,,,,,202,,0,16979,113,142,,,,,0,16858,0
7/11/20,HI,D,19,,0,,125,125,,2,,,91076,1611,,,,,,1158,,28,0,,,,,1114,847,108406,1975,108406,1975,,,,,92234,1639,109096,2087
7/11/20,IA,A+,748,,5,,,,178,0,,56,333714,5450,,32755,,,25,34647,34647,663,0,,,2423,,,26104,,0,368361,6113,,,35213,,369503,6506,,0
7/11/20,ID,A,101,81,1,20,449,449,122,17,138,33,112421,3771,,,,,,9928,9219,500,0,,,,,,3066,,0,121640,4250,,,,,121640,4250,,0
7/11/20,IL,A,7369,7168,24,201,,,1398,0,,321,1791126,31150,,,,,139,154094,152962,1195,0,,,,,,,,0,1945220,32345,,,,,,0,1944088,32345
7/11/20,IN,A+,2756,2563,8,193,7458,7458,714,0,1577,237,507067,6805,,,,,72,51079,,779,0,,,,,54645,38441,,0,728990,13575,,,,,558146,7584,728990,13575
7/11/20,KS,A,284,,0,,1304,1304,,0,405,,199168,0,,,,160,,18611,,0,0,,,,,,905,,0,217779,0,,,,,217779,0,,0
7/11/20,KY,B,622,618,2,4,2779,2779,370,16,1014,75,418781,4761,,,,,,19121,18307,451,0,,,,,,5322,,0,437088,5178,38895,,,,,0,437088,5178
7/11/20,LA,B,3403,3295,23,108,,,1182,0,,,847644,17032,,,,,121,76803,76803,2167,0,,,,,,46334,,0,924447,19199,,,,,,0,924447,19199
7/11/20,MA,A+,8310,8095,14,215,11600,11600,572,18,,87,834936,7430,,,,,44,111398,105457,288,0,,,,,140469,94347,,0,1253667,10216,,,80061,,940393,7597,1253667,10216
7/11/20,MD,A,3310,3179,7,131,11353,11353,390,53,,120,556810,7657,,,,,,72467,72467,557,0,,,,,84938,5190,,0,781140,12129,,,,,629277,8214,781140,12129
7/11/20,ME,A+,112,111,1,1,368,368,16,2,,7,116370,1463,7658,,115011,,4,3520,3131,21,0,369,,,,4322,2972,,0,119890,1484,8035,,,,,0,119501,1484
7/11/20,MI,A+,6313,6067,28,246,,,505,0,,174,1197752,26632,,,1197752,,99,76370,68948,685,0,,,,,95199,53867,,0,1274122,27317,182310,,,,,0,1292951,27607
7/11/20,MN,A,1537,1499,4,38,4366,4366,241,37,1325,121,700524,15466,,,,,,41571,41571,804,0,,,,,,36012,742095,16270,742095,16270,,,,,,0,,0
7/11/20,MO,B,1069,,18,,,,883,0,,,447417,18591,,47650,556928,,72,27133,27133,1134,0,,,1745,,32518,,,0,590426,13889,,,49395,,474550,19725,590426,13889
7/11/20,MP,D,2,,0,,4,4,,0,,,10734,0,,,,,,31,31,0,0,,,,,,19,,0,10765,0,,,,,10697,0,11335,0
7/11/20,MS,A,1230,1208,15,22,3495,3495,963,40,,202,298924,3234,,,,,107,35419,35105,797,0,95,,,,,22167,,0,334343,4031,13123,,,,,0,334029,4018
7/11/20,MT,C,29,,1,,127,127,24,4,,,111682,1097,,,,,,1677,1677,84,0,,,,,,864,,0,113359,1181,,,,,,0,113359,1181
7/11/20,NC,A,1499,1499,20,,,,1093,0,,,1092265,22984,,,,,,83793,83793,2462,0,,,,,,55318,,0,1176058,25446,,,,,,0,1176058,25446
7/11/20,ND,D,91,,2,,263,263,31,3,,,116608,1166,5513,,,,,4238,4238,88,0,203,,,,,3533,218947,4058,218947,4058,5716,,,,118316,1256,224033,4325
7/11/20,NE,B,286,,2,,1419,1419,95,0,,,183077,2686,,,230616,,,20777,20777,154,0,,,,,25520,15499,,0,256833,3931,,,,,204091,2842,256833,3931
7/11/20,NH,B,390,,3,,585,585,20,4,190,,126311,1233,,,,,,5991,5991,18,0,,,,,,4897,,0,177819,2727,24425,,21186,,132302,1251,177819,2727
7/11/20,NJ,A+,15345,13578,46,1767,20632,20632,872,65,,166,1486325,37795,,,,,87,174959,174959,331,0,,,,,,31092,,0,1661284,38126,,,,,,0,1661284,38126
7/11/20,NM,B,543,,4,,2187,2187,158,26,,,395981,6949,,,,,,14773,14773,224,0,,,,,,6271,,0,410754,7173,,,,,,0,410754,7173
7/11/20,NV,A+,592,,13,,,,918,0,,241,314395,4812,,,,,122,26838,26838,930,0,,,,,,,461263,14654,461263,14654,,,,,340338,5891,425027,8320
7/11/20,NY,A,24974,,6,,89995,89995,799,0,,177,4209748,68473,,,,,100,401029,401029,730,0,,,,,,71477,4610777,69203,4610777,69203,,,,,,0,,0
7/11/20,OH,B,3036,2780,4,256,8770,8770,928,69,2169,299,918821,22124,,,,,155,64214,60328,1358,0,,,,,,44101,,0,983035,23482,,,,,,0,979149,23452
7/11/20,OK,A+,421,,5,,1992,1992,499,43,,186,400037,8055,,,400037,,,19779,19779,687,0,1592,,,,22367,15136,,0,419816,8742,49472,,,,,0,423285,9088
7/11/20,OR,A+,232,,0,,1180,1180,208,0,,56,280332,5016,,,432850,,30,11851,10881,397,0,,,,,23229,3009,,0,456079,8667,,,,,286197,0,456079,8667
7/11/20,PA,A+,6897,,17,,,,646,0,,,817634,12870,,,,,97,94689,92001,813,0,,,,,,72910,,0,912323,13683,,,,,909635,13665,,0
7/11/20,PR,B,167,71,8,96,,,174,0,,12,255766,0,,,253922,,7,2435,2435,84,0,6931,,,,3966,,,0,258201,84,,,,,,0,258001,0
7/11/20,RI,A+,976,,0,,2051,2051,61,0,,4,149343,0,,,253472,,5,17312,17312,0,0,,,,,24885,1685,289789,4507,289789,4507,,,,,166655,0,278357,0
7/11/20,SC,A,951,940,22,11,3398,3398,1396,0,,,433391,10575,42257,,419325,,,54699,54538,2280,0,2055,,,,68604,20956,,0,488090,12855,44312,,,,,0,487929,12840
7/11/20,SD,B,109,,2,,738,738,65,12,,,82152,1011,,,,,,7454,,53,0,,,,,,6470,,0,89606,1064,,,,,89606,1064,,0
7/11/20,TN,A,738,711,15,27,3193,3193,1184,47,,,946108,11079,,,935689,,,61006,60508,1460,0,,,,,70927,35435,,0,1007114,12539,,,,,,0,1006616,12502
7/11/20,TX,B,3112,,99,,,,10083,0,,,2997824,76226,,,,,,250462,250462,10351,0,7485,4886,,,436458,127880,,0,3248286,86577,214872,23537,,,,0,3248286,86577
7/11/20,UT,A+,212,,5,,1797,1797,269,49,483,84,385914,6210,,,457944,207,,28855,28855,632,0,,179,,170,32656,16897,,0,490600,8695,,565,,477,415432,6895,490600,8695
7/11/20,VA,A+,1962,1857,4,105,6707,6707,1020,32,,230,716553,16759,,,,,97,69782,66963,851,0,,,,,83832,9271,797916,16539,797916,16539,,,,,,0,,0
7/11/20,VI,C,6,6,0,,,,,0,,,3640,167,,,,,,167,,14,0,,,,,,92,,0,3807,181,,,,,,0,3865,186
7/11/20,VT,B,56,56,0,,,,18,0,,,71824,836,,,,,,1282,1282,5,0,,,,,,1066,,0,90550,1198,,,,,73106,841,90550,1198
7/11/20,WA,B,1424,1424,15,,4662,4662,447,-3,,,773779,9817,,,,,57,43241,43226,866,0,,,,,,,818120,10343,818120,10343,,,,,668466,8136,,0
7/11/20,WI,A+,828,821,7,7,3797,3797,264,31,797,75,646504,11093,,,,,,39080,35679,981,0,,,,,,27909,865483,17659,865483,17659,,,,,682183,12019,,0
7/11/20,WV,B,95,,0,,,,56,0,,14,199749,2529,,,,,7,4074,3963,91,0,,,,,,2763,,0,203823,2620,11849,,,,,0,203712,2620
7/11/20,WY,B,21,,0,,123,123,12,2,,,38077,0,,,58300,,,1839,1488,49,0,,,,,1704,1361,,0,60004,204,,,,,39552,0,60004,204
7/10/20,AK,A,17,17,0,,90,90,30,3,,,140608,6137,,,,,0,1323,,50,0,,,,,,588,,0,141931,6187,,,,,,0,141931,6187
7/10/20,AL,B,1104,1077,36,27,3089,3089,1201,50,888,,441708,20378,,,,493,,50508,49892,1334,0,,,,,,25783,,0,491600,23846,,,,,491600,23846,,0
7/10/20,AR,A,313,,4,,1743,1743,402,38,,,338609,0,,,,260,84,26803,26803,751,0,,,,,,20642,,0,364661,0,,,,,,0,364661,0
7/10/20,AS,C,0,,0,,,,,0,,,816,0,,,,,,0,0,0,0,,,,,,,,0,816,0,,,,,,0,816,0
7/10/20,AZ,A+,2082,1961,44,121,5659,5659,3432,133,,876,552319,11929,,,,,615,116892,116209,4221,0,,,,,,13853,,0,975259,25796,191767,,,,668528,16110,975259,25796
7/10/20,CA,B,6851,,140,,,,7896,0,,2005,4871440,89505,,,,,,304297,304297,7798,0,,,,,,,,0,5175737,97303,,,,,,0,5175737,97303
7/10/20,CO,A,1724,1397,18,327,5864,5864,328,33,,,349670,8055,109366,,,,,36191,33189,666,0,7740,,,,,4728,472300,11375,472300,11375,117106,,,,382859,8698,,0
7/10/20,CT,B,4348,3476,0,871,10552,10552,77,0,,,511174,-59,,,,,,47287,45308,78,0,,,,,,8351,,0,558461,19,,,,,,0,556230,12594
7/10/20,DC,A+,568,,0,,,,96,0,,26,110141,4897,,,,,18,10743,,64,0,,,,,,1703,120884,4961,120884,4961,,,,,91143,3083,,0
7/10/20,DE,A+,517,460,0,57,,,58,0,,11,120056,2382,,,,,,12652,11608,121,0,,,,,15804,6949,180062,2746,180062,2746,,,,,132708,2503,,0
7/10/20,FL,A,4203,4203,92,,17916,17916,6974,437,,,2177476,52796,,261121,2633526,,,240009,,11250,0,,,10831,,305374,,2711279,84956,2711279,84956,,,271978,,2423992,64356,2945253,89401
7/10/20,GA,A,2965,,35,,12937,12937,2443,331,2565,,935137,22442,,,,,,111211,111211,4484,0,9169,,,,101160,,,0,1054725,27338,177244,,,,,0,1054725,27338
7/10/20,GU,B,5,,0,,,,3,0,,,16556,333,,,,,,310,302,1,0,2,,,,,202,,0,16866,334,142,,,,,0,16858,332
7/10/20,HI,D,19,,0,,123,123,,1,,,89465,1407,,,,,,1130,,36,0,,,,,1086,840,106431,2245,106431,2245,,,,,90595,1443,107009,1719
7/10/20,IA,A+,743,,4,,,,169,0,,54,328264,6845,,32537,,,26,33984,33984,744,0,,,2410,,,25891,,0,362248,7589,,,34982,,362997,7659,,0
7/10/20,ID,A,100,80,2,20,432,432,124,21,137,29,108650,2999,,,,,,9428,8740,459,0,,,,,,3022,,0,117390,3432,,,,,117390,3432,,0
7/10/20,IL,A,7345,7144,16,201,,,1436,0,,306,1759976,31670,,,,,155,152899,151767,1327,0,,,,,,,,0,1912875,32997,,,,,,0,1911743,32987
7/10/20,IN,A+,2748,2555,9,193,7458,7458,667,72,1577,217,500262,7545,,,,,87,50300,,725,0,,,,,53858,38120,,0,715415,12365,,,,,550562,8270,715415,12365
7/10/20,KS,A,284,,2,,1304,1304,,35,405,,199168,8304,,,,160,,18611,,993,0,,,,,,905,,0,217779,9297,,,,,217779,9297,,0
7/10/20,KY,B,620,616,8,4,2763,2763,409,16,1012,70,414020,8252,,,,,,18670,17890,425,0,,,,,,5258,,0,431910,8651,38638,,,,,0,431910,8651
7/10/20,LA,B,3380,3272,25,108,,,1117,0,,,830612,22466,,,,,122,74636,74636,2642,0,,,,,,46334,,0,905248,25108,,,,,,0,905248,25108
7/10/20,MA,A+,8296,8081,28,215,11582,11582,632,23,,98,827506,12642,,,,,47,111110,105290,213,0,,,,,140318,94347,,0,1243451,18260,,,79073,,932796,12794,1243451,18260
7/10/20,MD,A,3303,3172,15,131,11300,11300,385,79,,122,549153,8019,,,,,,71910,71910,463,0,,,,,84290,5157,,0,769011,13298,,,,,621063,8482,769011,13298
7/10/20,ME,A+,111,110,0,1,366,366,15,1,,7,114907,2635,7526,,113562,,4,3499,3110,13,0,365,,,,4287,2931,,0,118406,2648,7900,,,,,0,118017,2653
7/10/20,MI,A+,6285,6039,14,246,,,505,0,,174,1171120,22630,,,1171120,,92,75685,68295,622,0,,,,,94224,52841,,0,1246805,23252,179789,,,,,0,1265344,23382
7/10/20,MN,A,1533,1495,5,38,4329,4329,227,24,1320,124,685058,19781,,,,,,40767,40767,604,0,,,,,,35442,725825,20385,725825,20385,,,,,,0,,0
7/10/20,MO,B,1051,,0,,,,886,0,,,428826,0,,46509,544522,,79,25999,25999,0,0,,,1670,,31075,,,0,576537,13212,,,48179,,454825,0,576537,13212
7/10/20,MP,D,2,,0,,4,4,,0,,,10734,0,,,,,,31,31,0,0,,,,,,19,,0,10765,0,,,,,10697,0,11335,0
7/10/20,MS,A,1215,1195,11,20,3455,3455,981,41,,205,295690,4477,,,,,103,34622,34321,1031,0,95,,,,,22167,,0,330312,5508,13024,,,,,0,330011,5489
7/10/20,MT,C,28,,3,,123,123,21,3,,,110585,3286,,,,,,1593,1593,127,0,,,,,,855,,0,112178,3413,,,,,,0,112178,3413
7/10/20,NC,A,1479,1479,18,,,,1046,0,,,1069281,26819,,,,,,81331,81331,1982,0,,,,,,55318,,0,1150612,28801,,,,,,0,1150612,28801
7/10/20,ND,D,89,,0,,260,260,33,3,,,115442,1663,5385,,,,,4150,4150,84,0,201,,,,,3496,214889,5338,214889,5338,5586,,,,117060,1702,219708,5566
7/10/20,NE,B,284,,2,,1419,1419,100,14,,,180391,2981,,,226909,,,20623,20623,198,0,,,,,25301,15206,,0,252902,4020,,,,,201249,3180,252902,4020
7/10/20,NH,B,387,,1,,581,581,24,3,189,,125078,1402,,,,,,5973,5973,21,0,,,,,,4831,,0,175092,2607,24192,,20931,,131051,1423,175092,2607
7/10/20,NJ,A+,15299,13532,31,1767,20567,20567,904,62,,162,1448530,23353,,,,,94,174628,174628,388,0,,,,,,31014,,0,1623158,23741,,,,,,0,1623158,23741
7/10/20,NM,B,539,,6,,2161,2161,151,24,,,389032,7402,,,,,,14549,14549,298,0,,,,,,6181,,0,403581,7700,,,,,,0,403581,7700
7/10/20,NV,A+,579,,8,,,,924,0,,248,309583,4709,,,,,111,25908,25908,1004,0,,,,,,,446609,12392,446609,12392,,,,,334447,5512,416707,8096
7/10/20,NY,A,24968,,9,,89995,89995,826,0,,178,4141275,72772,,,,,92,400299,400299,786,0,,,,,,71371,4541574,73558,4541574,73558,,,,,,0,,0
7/10/20,OH,B,3032,2776,26,256,8701,8701,928,131,2161,289,896697,41626,,,,,151,62856,59000,1525,0,,,,,,43435,,0,959553,43151,,,,,,0,955697,43792
7/10/20,OK,A+,416,,6,,1949,1949,487,56,,217,391982,8724,,,391982,,,19092,19092,596,0,1465,,,,21345,14648,,0,411074,9320,45013,,,,,0,414197,9597
7/10/20,OR,A+,232,,2,,1180,1180,208,18,,56,275316,4429,,,424705,,30,11454,10881,266,0,,,,,22707,3009,,0,447412,9641,,,,,286197,4678,447412,9641
7/10/20,PA,A+,6880,,32,,,,653,0,,,804764,17608,,,,,103,93876,91206,1009,0,,,,,,72284,,0,898640,18617,,,,,895970,18612,,0
7/10/20,PR,B,159,64,0,95,,,140,0,,12,255766,0,,,253922,,10,2351,2351,116,0,6786,,,,3966,,,0,258117,116,,,,,,0,258001,0
7/10/20,RI,A+,976,,2,,2051,2051,61,8,,4,149343,1449,,,253472,,5,17312,17312,69,0,,,,,24885,1685,285282,3747,285282,3747,,,,,166655,1518,278357,3377
7/10/20,SC,A,929,922,24,7,3398,3398,1438,308,,,422816,9742,41576,,409221,,,52419,52273,1728,0,2038,,,,65868,20956,,0,475235,11470,43614,,,,,0,475089,11467
7/10/20,SD,B,107,,6,,726,726,65,8,,,81141,1167,,,,,,7401,,65,0,,,,,,6408,,0,88542,1232,,,,,88542,1232,,0
7/10/20,TN,A,723,697,13,26,3146,3146,1184,58,,,935029,19906,,,924831,,,59546,59085,1955,0,,,,,69283,34740,,0,994575,21861,,,,,,0,994114,21838
7/10/20,TX,B,3013,,95,,,,10002,0,,,2921598,81639,,,,,,240111,240111,9765,0,7480,4564,,,420961,122996,,0,3161709,91404,214114,21750,,,,0,3161709,91404
7/10/20,UT,A+,207,,2,,1748,1748,229,48,477,79,379704,5903,,,450029,205,,28223,28223,867,0,,158,,150,31876,16261,,0,481905,8343,,500,,428,408537,6566,481905,8343
7/10/20,VA,A+,1958,1853,21,105,6675,6675,1006,50,,234,699794,14354,,,,,102,68931,66095,943,0,,,,,82679,9189,781377,13457,781377,13457,,,,,,0,,0
7/10/20,VI,C,6,6,0,,,,,0,,,3473,103,,,,,,153,,9,0,,,,,,87,,0,3626,112,,,,,,0,3679,69
7/10/20,VT,B,56,56,0,,,,11,0,,,70988,1380,,,,,,1277,1277,5,0,,,,,,1066,,0,89352,1979,,,,,72265,1385,89352,1979
7/10/20,WA,B,1409,1409,15,,4665,4665,460,35,,,763962,13386,,,,,60,42375,42364,972,0,,,,,,,807777,14227,807777,14227,,,,,660330,15258,,0
7/10/20,WI,A+,821,814,5,7,3766,3766,278,40,792,77,635411,11857,,,,,,38099,34753,889,0,,,,,,27329,847824,19676,847824,19676,,,,,670164,12702,,0
7/10/20,WV,B,95,,0,,,,56,0,,16,197220,3857,,,,,7,3983,3872,157,0,,,,,,2756,,0,201203,4014,11695,,,,,0,201092,4011
7/10/20,WY,B,21,,0,,121,121,12,0,,,38077,806,,,58106,,,1790,1445,16,0,,,,,1694,1327,,0,59800,926,,,,,39552,853,59800,926
7/9/20,AK,A,17,17,0,,87,87,28,3,,,134471,2296,,,,,0,1273,,47,0,,,,,,571,,0,135744,2343,,,,,,0,135744,2343
7/9/20,AL,B,1068,1042,10,26,3039,3039,1135,33,877,,421330,0,,,,490,,49174,48588,2212,0,,,,,,25783,,0,467754,0,,,,,467754,0,,0
7/9/20,AR,A,309,,8,,1705,1705,394,50,,,338609,9849,,,,284,82,26052,26052,1540,0,,,,,,19992,,0,364661,11389,,,,,,0,364661,11389
7/9/20,AS,C,0,,0,,,,,0,,,816,0,,,,,,0,0,0,0,,,,,,,,0,816,0,,,,,,0,816,0
7/9/20,AZ,A+,2038,1917,75,121,5526,5526,3437,139,,861,540390,7934,,,,,575,112671,112028,4057,0,,,,,,13341,,0,949463,24826,188864,,,,652418,11931,949463,24826
7/9/20,CA,B,6711,,149,,,,7821,0,,1957,4781935,75228,,,,,,296499,296499,7031,0,,,,,,,,0,5078434,82259,,,,,,0,5078434,82259
7/9/20,CO,A,1706,1379,2,327,5831,5831,318,11,,,341615,6029,107836,,,,,35525,32546,409,0,7668,,,,,4691,460925,9332,460925,9332,115504,,,,374161,6437,,0
7/9/20,CT,B,4348,3476,5,872,10552,10552,90,141,,,511233,12338,,,,,,47209,45224,101,0,,,,,,8351,,0,558442,12439,,,,,,0,543636,8171
7/9/20,DC,A+,568,,4,,,,92,0,,26,105244,1597,,,,,14,10679,,37,0,,,,,,1662,115923,1634,115923,1634,,,,,88060,974,,0
7/9/20,DE,A+,517,460,2,57,,,63,0,,12,117674,1102,,,,,,12531,11487,69,0,,,,,15698,6901,177316,2051,177316,2051,,,,,130205,1171,,0
7/9/20,FL,A,4111,4111,120,,17479,17479,,411,,,2124680,28256,,261121,2558651,,,228759,,8890,0,,,10831,,291210,,2626323,46776,2626323,46776,,,271978,,2359636,37247,2855852,49432
7/9/20,GA,A,2930,,8,,12606,12606,2322,106,2519,,912695,16176,,,,,,106727,106727,2837,0,9117,,,,97594,,,0,1027387,19864,174915,,,,,0,1027387,19864
7/9/20,GU,B,5,,0,,,,3,0,,,16223,390,,,,,,309,301,2,0,2,,,,,202,,0,16532,392,142,,,,,0,16526,294
7/9/20,HI,D,19,,0,,122,122,,3,,,88058,2033,,,,,,1094,,23,0,,,,,1053,811,104186,2068,104186,2068,,,,,89152,2056,105290,2616
7/9/20,IA,A+,739,,4,,,,168,0,,49,321419,7577,,32139,,,22,33240,33240,731,0,,,2395,,,26340,,0,354659,8308,,,34568,,355338,8332,,0
7/9/20,ID,A,98,78,4,20,411,411,120,15,133,28,105651,2859,,,,,,8969,8307,430,0,,,,,,2978,,0,113958,3282,,,,,113958,3282,,0
7/9/20,IL,A,7329,7119,20,210,,,1507,0,,317,1728306,35162,,,,,153,151572,150450,1018,0,,,,,,,,0,1879878,36180,,,,,,0,1878756,36180
7/9/20,IN,A+,2739,2546,7,193,7386,7386,686,21,1556,226,492717,5923,,,,,89,49575,,512,0,,,,,53099,37795,,0,703050,11519,,,,,542292,6435,703050,11519
7/9/20,KS,A,282,,0,,1269,1269,,0,397,,190864,0,,,,160,,17618,,0,0,,,,,,879,,0,208482,0,,,,,208482,0,,0
7/9/20,KY,B,612,608,4,4,2747,2747,457,10,1007,105,405768,7766,,,,,,18245,17491,326,0,,,,,,4939,,0,423259,8055,38497,,,,,0,423259,8055
7/9/20,LA,B,3355,3247,16,108,,,1042,0,,,808146,12560,,,,,110,71994,71994,1843,0,,,,,,46334,,0,880140,14403,,,,,,0,880140,14403
7/9/20,MA,A+,8268,8053,25,215,11559,11559,635,42,,103,814864,9471,,,,,42,110897,105138,295,0,,,,,139990,94347,,0,1225191,17740,,,78417,,920002,9648,1225191,17740
7/9/20,MD,A,3288,3160,13,128,11221,11221,406,37,,139,541134,8887,,,,,,71447,71447,586,0,,,,,83673,5132,,0,755713,15119,,,,,612581,9473,755713,15119
7/9/20,ME,A+,111,110,1,1,365,365,16,2,,7,112272,2794,7474,,110933,,4,3486,3092,26,0,364,,,,4263,2901,,0,115758,2820,7847,,,,,0,115364,2821
7/9/20,MI,A+,6271,6024,9,247,,,505,0,,174,1148490,23038,,,1148490,,93,75063,67683,512,0,,,,,93472,52841,,0,1223553,23550,177549,,,,,0,1241962,23909
7/9/20,MN,A,1528,1490,5,38,4305,4305,251,33,1312,116,665277,11896,,,,,,40163,40163,574,0,,,,,,35193,705440,12470,705440,12470,,,,,,0,,0
7/9/20,MO,B,1051,,5,,,,811,0,,,428826,11690,,46509,532133,,75,25999,25999,795,0,,,1670,,30270,,,0,563325,15973,,,48179,,454825,12485,563325,15973
7/9/20,MP,D,2,,0,,4,4,,4,,,10734,0,,,,,,31,31,0,0,,,,,,19,,0,10765,0,,,,,10697,10697,11335,570
7/9/20,MS,A,1204,1184,16,20,3414,3414,941,49,,187,291213,7782,,,,,104,33591,33309,703,0,95,,,,,22167,,0,324804,8485,12769,,,,,0,324522,10063
7/9/20,MT,C,25,,2,,120,120,24,3,,,107299,2249,,,,,,1466,1466,95,0,,,,,,796,,0,108765,2344,,,,,,0,108765,2344
7/9/20,NC,A,1461,1461,20,,,,1034,0,,,1042462,23090,,,,,,79349,79349,2039,0,,,,,,55318,,0,1121811,25129,,,,,,0,1121811,25129
7/9/20,ND,D,89,,0,,257,257,30,5,,,113779,1911,5015,,,,,4066,4066,99,0,197,,,,,3464,209551,5806,209551,5806,5212,,,,115358,1953,214142,5977
7/9/20,NE,B,282,,0,,1405,1405,97,7,,,177410,2563,,,223148,,,20425,20425,224,0,,,,,25047,15031,,0,248882,4296,,,,,198069,2788,248882,4296
7/9/20,NH,B,386,,2,,578,578,22,1,164,,123676,1097,,,,,,5952,5952,20,0,,,,,,4817,,0,172485,2022,23900,,20717,,129628,1117,172485,2022
7/9/20,NJ,A+,15268,13501,25,1767,20505,20505,963,79,,170,1425177,21368,,,,,104,174240,174240,201,0,,,,,,30938,,0,1599417,21569,,,,,,0,1599417,21569
7/9/20,NM,B,533,,6,,2137,2137,154,36,,,381630,5960,,,,,,14251,14251,234,0,,,,,,6118,,0,395881,6194,,,,,,0,395881,6194
7/9/20,NV,A+,571,,18,,,,935,0,,237,304874,5522,,,,,112,24904,24904,603,0,,,,,,,434217,13894,434217,13894,,,,,328935,6529,408611,11979
7/9/20,NY,A,24959,,15,,89995,89995,851,0,,173,4068503,64980,,,,,98,399513,399513,584,0,,,,,,71279,4468016,65564,4468016,65564,,,,,,0,,0
7/9/20,OH,B,3006,2749,15,257,8570,8570,890,81,2146,289,855071,0,,,,,155,61331,57506,1150,0,,,,,,42111,,0,916402,1150,,,,,,0,911905,0
7/9/20,OK,A+,410,,3,,1893,1893,453,89,,215,383258,6328,,,383258,,,18496,18496,603,0,1465,,,,20489,14100,,0,401754,6931,45013,,,,,0,404600,6953
7/9/20,OR,A+,230,,6,,1162,1162,192,7,,59,270887,5437,,,415524,,25,11188,10632,371,0,,,,,22247,2977,,0,437771,9937,,,,,281519,5792,437771,9937
7/9/20,PA,A+,6848,,36,,,,650,0,,,787156,12778,,,,,102,92867,90202,719,0,,,,,,71507,,0,880023,13497,,,,,877358,13465,,0
7/9/20,PR,B,159,64,0,95,,,147,0,,11,255766,63080,,,253922,,7,2235,2235,64,0,6627,,,,3966,,,0,258001,63144,,,,,,0,258001,63677
7/9/20,RI,A+,974,,3,,2043,2043,55,0,,4,147894,1828,,,250190,,3,17243,17243,39,0,,,,,24790,1684,281535,3477,281535,3477,,,,,165137,1867,274980,3270
7/9/20,SC,A,905,898,21,7,3090,3090,1433,0,,,413074,8143,40782,,399939,,,50691,50548,1782,0,2004,,,,63683,19181,,0,463765,9925,42786,,,,,0,463622,9921
7/9/20,SD,B,101,,3,,718,718,61,9,,,79974,990,,,,,,7336,,94,0,,,,,,6331,,0,87310,1084,,,,,87310,1084,,0
7/9/20,TN,A,710,684,25,26,3088,3088,1135,65,,,915123,20150,,,905208,,,57591,57153,1605,0,,,,,67068,33609,,0,972714,21755,,,,,,0,972276,21736
7/9/20,TX,B,2918,,105,,,,9689,0,,,2839959,84216,,,,,,230346,230346,9782,0,7466,4263,,,404239,118326,,0,3070305,93998,213728,20047,,,,0,3070305,93998
7/9/20,UT,A+,205,,4,,1700,1700,207,22,472,74,373801,5340,,,442418,204,,27356,27356,601,0,,158,,150,31144,15661,,0,473562,7660,,432,,371,401971,6030,473562,7660
7/9/20,VA,A+,1937,1832,32,105,6625,6625,956,48,,215,685440,14816,,,,,93,67988,65191,613,0,,,,,81692,9065,767920,16721,767920,16721,,,,,,0,,0
7/9/20,VI,C,6,6,0,,,,,0,,,3370,97,,,,,,144,,22,0,,,,,,81,,0,3514,119,,,,,,0,3610,157
7/9/20,VT,B,56,56,0,,,,15,0,,,69608,940,,,,,,1272,1272,14,0,,,,,,1054,,0,87373,1394,,,,,70880,954,87373,1394
7/9/20,WA,B,1394,1394,10,,4630,4630,468,48,,,750576,11657,,,,,59,41403,41394,1062,0,,,,,,,793550,12499,793550,12499,,,,,645072,9548,,0
7/9/20,WI,A+,816,809,2,7,3726,3726,284,43,787,76,623554,12404,,,,,,37210,33908,800,0,,,,,,26792,828148,17991,828148,17991,,,,,657462,13158,,0
7/9/20,WV,B,95,,0,,,,50,0,,15,193363,3155,,,,,6,3826,3718,119,0,,,,,,2718,,0,197189,3274,11385,,,,,0,197081,3271
7/9/20,WY,B,21,,0,,121,121,12,1,,,37271,1193,,,57207,,,1774,1428,34,0,,,,,1667,1313,,0,58874,1167,,,,,38699,1243,58874,1167
7/8/20,AK,A,17,17,0,,84,84,30,4,,,132175,1941,,,,,0,1226,,40,0,,,,,,563,,0,133401,1981,,,,,,0,133401,1981
7/8/20,AL,B,1058,1032,25,26,3006,3006,1116,45,871,,421330,5751,,,,486,,46962,46424,1177,0,,,,,,22082,,0,467754,6912,,,,,467754,6912,,0
7/8/20,AR,A,301,,9,,1655,1655,358,51,,,328760,2617,,,,254,89,24512,24512,0,0,,,,,,18725,,0,353272,2876,,,,,,0,353272,2876
7/8/20,AS,C,0,,0,,,,,0,,,816,120,,,,,,0,0,0,0,,,,,,,,0,816,120,,,,,,0,816,120
7/8/20,AZ,A+,1963,1842,36,121,5387,5387,3421,115,,871,532456,8753,,,,,570,108614,108031,3520,0,,,,,,12803,,0,924637,26150,186602,,,,640487,12212,924637,26150
7/8/20,CA,B,6562,,114,,,,7705,0,,1976,4706707,88111,,,,,,289468,289468,11694,0,,,,,,,,0,4996175,99805,,,,,,0,4996175,99805
7/8/20,CO,A,1704,1377,8,327,5820,5820,335,79,,,335586,5177,106623,,,,,35116,32138,452,0,7617,,,,,4669,451593,7131,451593,7131,114240,,,,367724,5579,,0
7/8/20,CT,B,4343,3471,5,872,10411,10411,88,0,,,498895,8102,,,,,,47108,45129,75,0,,,,,,8210,,0,546003,8177,,,,,,0,535465,7335
7/8/20,DC,A+,564,,3,,,,86,0,,30,103647,3839,,,,,17,10642,,73,0,,,,,,1625,114289,3912,114289,3912,,,,,87086,1929,,0
7/8/20,DE,A+,515,458,1,57,,,57,0,,11,116572,301,,,,,,12462,11418,48,0,,,,,15598,6851,175265,1276,175265,1276,,,,,129034,349,,0
7/8/20,FL,A,3991,3991,48,,17068,17068,,335,,,2096424,41024,,261121,2519880,,,219869,,9947,0,,,10831,,280774,,2579547,67436,2579547,67436,,,271978,,2322389,51122,2806420,71182
7/8/20,GA,A,2922,,23,,12500,12500,2215,274,2502,,896519,17537,,,,,,103890,103890,3420,0,9032,,,,94821,,,0,1007523,21610,171858,,,,,0,1007523,21610
7/8/20,GU,B,5,,0,,,,3,0,,,15833,225,,,,,,307,299,4,0,2,,,,,202,,0,16140,229,142,,,,,0,16232,329
7/8/20,HI,D,19,,0,,119,119,,0,,,86025,1382,,,,,,1071,,41,0,,,,,1032,797,102118,1539,102118,1539,,,,,87096,1423,102674,1786
7/8/20,IA,A+,735,,10,,,,165,0,,44,313842,6573,,31910,,,23,32509,32509,480,0,,,2382,,,25974,,0,346351,7053,,,34326,,347006,7066,,0
7/8/20,ID,A,94,74,0,20,396,396,118,9,130,26,102792,2303,,,,,,8539,7884,487,0,,,,,,2932,,0,110676,2751,,,,,110676,2751,,0
7/8/20,IL,A,7309,7099,36,210,,,1385,0,,320,1693144,31762,,,,,153,150554,149432,980,0,,,,,,,,0,1843698,32742,,,,,,0,1842576,32742
7/8/20,IN,A+,2732,2539,15,193,7365,7365,667,32,1551,217,486794,5345,,,,,87,49063,,437,0,,,,,52338,37462,,0,691531,12892,,,,,535857,5782,691531,12892
7/8/20,KS,A,282,,2,,1269,1269,,34,397,,190864,5546,,,,160,,17618,,717,0,,,,,,879,,0,208482,6263,,,,,208482,6263,,0
7/8/20,KY,B,608,604,6,4,2737,2737,453,29,1007,111,398002,5649,,,,,,17919,17202,400,0,,,,,,4912,,0,415204,5987,36247,,,,,0,415204,5987
7/8/20,LA,B,3339,3231,20,108,,,1022,0,,,795586,16251,,,,,105,70151,70151,1888,0,,,,,,46334,,0,865737,18139,,,,,,0,865737,18139
7/8/20,MA,A+,8243,8028,30,215,11517,11517,662,28,,102,805393,8971,,,,,49,110602,104961,264,0,,,,,139637,94347,,0,1207451,19505,,,77150,,910354,9133,1207451,19505
7/8/20,MD,A,3275,3149,9,126,11184,11184,398,73,,136,532247,8265,,,,,,70861,70861,465,0,,,,,83057,5085,,0,740594,11934,,,,,603108,8730,740594,11934
7/8/20,ME,A+,110,109,0,1,363,363,22,3,,8,109478,2012,7398,,108154,,5,3460,3065,20,0,361,,,,4226,2856,,0,112938,2032,7768,,,,,0,112543,2027
7/8/20,MI,A+,6262,6015,11,247,,,505,0,,174,1125452,22841,,,1125452,,93,74551,67237,651,0,,,,,92601,52841,,0,1200003,23492,174840,,,,,0,1218053,23735
7/8/20,MN,A,1523,1485,9,38,4272,4272,265,20,1302,122,653381,7267,,,,,,39589,39589,456,0,,,,,,34902,692970,7723,692970,7723,,,,,,0,,0
7/8/20,MO,B,1046,,4,,,,694,0,,,417136,6417,,45835,517004,,74,25204,25204,575,0,,,1661,,29458,,,0,547352,7957,,,47496,,442340,6992,547352,7957
7/8/20,MP,D,2,,0,,,,,0,,,10734,2547,,,,,,31,31,0,0,,,,,,19,,0,10765,2547,,,,,,0,10765,2548
7/8/20,MS,A,1188,1168,30,20,3365,3365,883,50,,190,283431,0,,,,,101,32888,32620,674,0,95,,,,,22167,,0,316319,674,12628,,,,,0,314459,0
7/8/20,MT,C,23,,0,,117,117,22,0,,,105050,1050,,,,,,1371,1371,44,0,,,,,,759,,0,106421,1094,,,,,,0,106421,1094
7/8/20,NC,A,1441,1441,21,,,,994,0,,,1019372,23957,,,,,,77310,77310,1435,0,,,,,,55318,,0,1096682,25392,,,,,,0,1096682,25392
7/8/20,ND,D,89,,-4,,252,252,26,4,,,111868,1409,4985,,,,,3967,3967,73,0,197,,,,,3447,203745,3509,203745,3509,5182,,,,113405,1509,208165,3669
7/8/20,NE,B,282,,-1,,1398,1398,102,29,,,174847,1820,,,219153,,,20201,20201,155,0,,,,,24763,14927,,0,244586,3368,,,,,195281,1982,244586,3368
7/8/20,NH,B,384,,2,,577,577,24,3,164,,122579,613,,,,,,5932,5932,18,0,,,,,,4758,,0,170463,1893,23657,,20509,,128511,631,170463,1893
7/8/20,NJ,A+,15243,13476,52,1767,20426,20426,935,180,,175,1403809,17554,,,,,142,174039,174039,161,0,,,,,,30844,,0,1577848,17715,,,,,,0,1577848,17715
7/8/20,NM,B,527,,8,,2101,2101,154,45,,,375670,4155,,,,,,14017,14017,290,0,,,,,,6051,,0,389687,4445,,,,,,0,389687,4445
7/8/20,NV,A+,553,,5,,,,876,0,,233,299352,6591,,,,,109,24301,24301,516,0,,,,,,,420323,12297,420323,12297,,,,,322406,7478,396632,12776
7/8/20,NY,A,24944,,20,,89995,89995,841,0,,166,4003523,56893,,,,,97,398929,398929,692,0,,,,,,71185,4402452,57585,4402452,57585,,,,,,0,,0
7/8/20,OH,B,2991,2737,21,254,8489,8489,890,106,2127,289,855071,17490,,,,,155,60181,56384,1277,0,,,,,,42111,,0,915252,18767,,,,,,0,911905,19174
7/8/20,OK,A+,407,,3,,1804,1804,458,63,,209,376930,5132,,,376930,,,17893,17893,673,0,1465,,,,19871,13538,,0,394823,5805,45013,,,,,0,397647,5766
7/8/20,OR,A+,224,,4,,1155,1155,188,14,,57,265450,4149,,,406094,,27,10817,10277,212,0,,,,,21740,2877,,0,427834,7787,,,,,275727,4340,427834,7787
7/8/20,PA,A+,6812,,25,,,,649,0,,,774378,15575,,,,,104,92148,89515,849,0,,,,,,70953,,0,866526,16424,,,,,863893,16399,,0
7/8/20,PR,B,159,64,2,95,,,127,0,,9,192686,0,,,191601,,10,2171,2171,24,0,6574,,,,2627,,,0,194857,24,,,,,,0,194324,0
7/8/20,RI,A+,971,,2,,2043,2043,56,7,,5,146066,0,,,247012,,5,17204,17204,0,0,,,,,24698,1683,278058,3513,278058,3513,,,,,163270,0,271710,0
7/8/20,SC,A,884,876,38,8,3090,3090,1404,0,,,404931,6992,39977,,392228,,,48909,48770,1557,0,1990,,,,61473,19181,,0,453840,8549,41967,,,,,0,453701,8548
7/8/20,SD,B,98,,0,,709,709,54,10,,,78984,782,,,,,,7242,,79,0,,,,,,6280,,0,86226,861,,,,,86226,861,,0
7/8/20,TN,A,685,660,20,25,3023,3023,1160,73,,,894973,27288,,,885538,,,55986,55567,2472,0,,,,,65002,32736,,0,950959,29760,,,,,,0,950540,29739
7/8/20,TX,B,2813,,98,,,,9610,0,,,2755743,82306,,,,,,220564,220564,9979,0,7437,3952,,,385981,113284,,0,2976307,92285,212321,18430,,,,0,2976307,92285
7/8/20,UT,A+,201,,7,,1678,1678,236,25,465,76,368461,5006,,,435526,203,,26755,26755,722,0,,140,,134,30376,15178,,0,465902,7029,,399,,344,395941,5707,465902,7029
7/8/20,VA,A+,1905,1799,24,106,6577,6577,971,65,,230,670624,9247,,,,,98,67375,64583,635,0,,,,,80487,9011,751199,12900,751199,12900,,,,,,0,,0
7/8/20,VI,C,6,6,0,,,,,0,,,3273,90,,,,,,122,,6,0,,,,,,80,,0,3395,96,,,,,,0,3453,99
7/8/20,VT,B,56,56,0,,,,14,0,,,68668,661,,,,,,1258,1258,2,0,,,,,,1049,,0,85979,1315,,,,,69926,663,85979,1315
7/8/20,WA,B,1384,1384,14,,4582,4582,425,38,,,738919,14437,,,,,52,40341,40332,985,0,,,,,,,781051,15397,781051,15397,,,,,635524,6268,,0
7/8/20,WI,A+,814,807,2,7,3683,3683,274,44,787,74,611150,10138,,,,,,36410,33154,645,0,,,,,,26305,810157,16655,810157,16655,,,,,644304,10736,,0
7/8/20,WV,B,95,,0,,,,48,0,,13,190208,3822,,,,,7,3707,3602,246,0,,,,,,2648,,0,193915,4068,10929,,,,,0,193810,4070
7/8/20,WY,B,21,,1,,120,120,13,1,,,36078,0,,,56080,,,1740,1404,29,0,,,,,1627,1291,,0,57707,1071,,,,,37456,0,57707,1071
7/7/20,AK,A,17,17,1,,80,80,25,2,,,130234,7649,,,,,1,1186,,18,0,,,,,,560,,0,131420,7667,,,,,,0,131420,7667
7/7/20,AL,B,1033,1007,26,26,2961,2961,1078,47,858,,415579,5362,,,,479,,45785,45263,907,0,,,,,,22082,,0,460842,6250,,,,,460842,6250,,0
7/7/20,AR,A,292,,0,,1604,1604,369,29,,,326143,5428,,,,247,81,24512,24512,259,0,,,,,,17834,,0,350396,5867,,,,,,0,350396,5867
7/7/20,AS,C,0,,0,,,,,0,,,696,0,,,,,,0,0,0,0,,,,,,,,0,696,0,,,,,,0,696,0
7/7/20,AZ,A+,1927,1807,117,120,5272,5272,3356,84,,869,523703,7303,,,,,544,105094,104572,3653,0,,,,,,12260,,0,898487,25193,183595,,,,628275,10932,898487,25193
7/7/20,CA,B,6448,,111,,,,7499,0,,1984,4618596,96927,,,,,,277774,277774,6090,0,,,,,,,,0,4896370,103017,,,,,,0,4896370,103017
7/7/20,CO,A,1696,1372,5,324,5741,5741,335,150,,,330409,4026,105866,,,,,34664,31736,407,0,7551,,,,,4669,444462,6190,444462,6190,113417,,,,362145,4394,,0
7/7/20,CT,B,4338,3466,0,872,10411,10411,83,0,,,490793,7256,,,,,,47033,45056,57,0,,,,,,8210,,0,537826,7313,,,,,,0,528130,5745
7/7/20,DC,A+,561,,0,,,,90,0,,25,99808,2673,,,,,20,10569,,54,0,,,,,,1574,110377,2727,110377,2727,,,,,85157,1825,,0
7/7/20,DE,A+,514,457,2,57,,,56,0,,15,116271,1385,,,,,,12414,11370,121,0,,,,,15433,6815,173989,5631,173989,5631,,,,,128685,1506,,0
7/7/20,FL,A,3943,3943,63,,16733,16733,,381,,,2055400,27907,,261121,2461715,,,209922,,7299,0,,,10831,,268024,,2512111,43362,2512111,43362,,,271978,,2271267,35330,2735238,29161
7/7/20,GA,A,2899,,21,,12226,12226,2096,307,2471,,878982,17093,,,,,,100470,100470,3406,0,8976,,,,91700,,,0,985913,21323,171020,,,,,0,985913,21323
7/7/20,GU,B,5,,0,,,,3,0,,,15608,360,,,,,,303,295,2,0,2,,,,,184,,0,15911,362,142,,,,,0,15903,362
7/7/20,HI,D,19,,0,,119,119,,1,,,84643,608,,,,,,1030,,7,0,,,,,993,781,100579,666,100579,666,,,,,85673,615,100888,778
7/7/20,IA,A+,725,,2,,,,165,0,,44,307269,3464,,31695,,,20,32029,32029,372,0,,,2375,,,25594,,0,339298,3836,,,34103,,339940,3960,,0
7/7/20,ID,A,94,74,1,20,387,387,105,18,130,25,100489,1757,,,,,,8052,7436,319,0,,,,,,2907,,0,107925,2049,,,,,107925,2049,,0
7/7/20,IL,A,7273,7063,37,210,,,1385,0,,320,1661382,26407,,,,,153,149574,148452,587,0,,,,,,,,0,1810956,26994,,,,,,0,1809834,26994
7/7/20,IN,A+,2717,2524,19,193,7333,7333,655,48,1540,213,481449,3188,,,,,76,48626,,295,0,,,,,51467,36999,,0,678639,14657,,,,,530075,3483,678639,14657
7/7/20,KS,A,280,,0,,1235,1235,,0,384,,185318,0,,,,158,,16901,,0,0,,,,,,859,,0,202219,0,,,,,202219,0,,0
7/7/20,KY,B,602,598,9,4,2708,2708,421,9,1003,110,392353,9163,,,,,,17519,16864,367,0,,,,,,4841,,0,409217,9502,35979,,,,,0,409217,9502
7/7/20,LA,B,3319,3211,23,108,,,1025,0,,,779335,32017,,,,,109,68263,68263,1936,0,,,,,,43026,,0,847598,33953,,,,,,0,847598,33953
7/7/20,MA,A+,8213,7998,15,215,11489,11489,621,20,,104,796422,7142,,,,,50,110338,104799,201,0,,,,,139336,93157,,0,1187946,19712,,,76090,,901221,7282,1187946,19712
7/7/20,MD,A,3266,3140,20,126,11111,11111,404,15,,145,523982,6525,,,,,,70396,70396,492,0,,,,,82431,5036,,0,728660,9879,,,,,594378,7017,728660,9879
7/7/20,ME,A+,110,109,1,1,360,360,22,1,,9,107466,1339,7375,,106150,,4,3440,3050,17,0,359,,,,4205,2816,,0,110906,1356,7743,,,,,0,110516,1355
7/7/20,MI,A+,6251,6005,30,246,,,505,0,,174,1102611,16517,,,1102611,,99,73900,66627,631,0,,,,,91707,52841,,0,1176511,17148,173395,,,,,0,1194318,17071
7/7/20,MN,A,1514,1477,3,37,4252,4252,267,33,1295,121,646114,4990,,,,,,39133,39133,564,0,,,,,,34377,685247,5554,685247,5554,,,,,,0,,0
7/7/20,MO,B,1042,,14,,,,676,0,,,410719,7830,,45544,509876,,67,24629,24629,773,0,,,1636,,28652,,,0,539395,10560,,,47180,,435348,8603,539395,10560
7/7/20,MP,D,2,,0,,,,,0,,,8187,0,,,,,,31,31,0,0,,,,,,19,,0,8218,0,,,,,,0,8217,0
7/7/20,MS,A,1158,1139,44,19,3315,3315,885,35,,173,283431,0,,,,,95,32214,31966,957,0,95,,,,,22167,,0,315645,957,12628,,,,,0,314459,0
7/7/20,MT,C,23,,0,,117,117,22,5,,,104000,2323,,,,,,1327,1327,78,0,,,,,,716,,0,105327,2401,,,,,,0,105327,2401
7/7/20,NC,A,1420,1420,22,,,,989,0,,,995415,18098,,,,,,75875,75875,1346,0,,,,,,55318,,0,1071290,19444,,,,,,0,1071290,19444
7/7/20,ND,D,93,,4,,248,248,24,3,,,110459,726,4931,,,,,3894,3894,51,0,197,,,,,3413,200236,1926,200236,1926,5128,,,,111896,819,204496,1981
7/7/20,NE,B,283,,-1,,1369,1369,109,0,,,173027,1216,,,216032,,,20046,20046,117,0,,,,,24522,14759,,0,241218,1720,,,,,193299,1332,241218,1720
7/7/20,NH,B,382,,1,,574,574,25,4,163,,121966,2628,,,,,,5914,5914,17,0,,,,,,4706,,0,168570,1698,23431,,20455,,127880,2645,168570,1698
7/7/20,NJ,A+,15191,13425,53,1766,20246,20246,903,9,,169,1386255,10657,,,,,142,173878,173878,267,0,,,,,,30774,,0,1560133,10924,,,,,,0,1560133,10924
7/7/20,NM,B,519,,4,,2056,2056,133,23,,,371515,4782,,,,,,13727,13727,220,0,,,,,,5986,,0,385242,5002,,,,,,0,385242,5002
7/7/20,NV,A+,548,,11,,,,849,0,,236,292761,4189,,,,,112,23785,23785,876,0,,,,,,,408026,12815,408026,12815,,,,,314928,4933,383856,6969
7/7/20,NY,A,24924,,11,,89995,89995,836,0,,160,3946630,56148,,,,,103,398237,398237,588,0,,,,,,71091,4344867,56736,4344867,56736,,,,,,0,,0
7/7/20,OH,B,2970,2718,43,252,8383,8383,849,134,2101,289,837581,14125,,,,,140,58904,55150,948,0,,,,,,41438,,0,896485,15073,,,,,,0,892731,15043
7/7/20,OK,A+,404,,5,,1741,1741,426,52,,182,371798,23009,,,371798,,,17220,17220,858,0,1465,,,,19241,13005,,0,389018,23867,45013,,,,,0,391881,25592
7/7/20,OR,A+,220,,5,,1141,1141,191,16,,55,261301,3975,,,398694,,22,10605,10086,210,0,,,,,21353,2877,,0,420047,6858,,,,,271387,4159,420047,6858
7/7/20,PA,A+,6787,,33,,,,637,0,,,758803,15783,,,,,101,91299,88691,995,0,,,,,,70437,,0,850102,16778,,,,,847494,16769,,0
7/7/20,PR,C,157,62,2,95,,,122,0,,19,192686,0,,,191601,,7,2147,2147,76,0,6567,,,,2627,,,0,194833,76,,,,,,0,194324,0
7/7/20,RI,A+,969,,9,,2036,2036,55,17,,4,146066,1515,,,247012,,4,17204,17204,41,0,,,,,24698,1677,274545,2887,274545,2887,,,,,163270,1556,271710,3416
7/7/20,SC,A,846,838,19,8,3090,3090,1324,208,,,397939,4462,39706,,385557,,,47352,47214,972,0,1929,,,,59596,19181,,0,445291,5434,41635,,,,,0,445153,5429
7/7/20,SD,B,98,,1,,699,699,64,7,,,78202,1004,,,,,,7163,,58,0,,,,,,6190,,0,85365,1062,,,,,85365,1062,,0
7/7/20,TN,B,665,640,12,25,2950,2950,1112,53,,,867685,15222,,,858616,,,53514,53116,1359,0,,,,,62185,31827,,0,921199,16581,,,,,,0,920801,16564
7/7/20,TX,B,2715,,60,,,,9286,0,,,2673437,74815,,,,,,210585,210585,10028,0,7408,3657,,,367848,108485,,0,2884022,84843,210574,16999,,,,0,2884022,84843
7/7/20,UT,A+,194,,4,,1653,1653,248,49,455,84,363455,5427,,,429266,200,,26033,26033,564,0,,121,,115,29607,14764,,0,458873,7810,,362,,312,390234,6108,458873,7810
7/7/20,VA,A+,1881,1775,28,106,6512,6512,902,77,,221,661377,12366,,,,,105,66740,63950,638,0,,,,,79499,8913,738299,10798,738299,10798,,,,,,0,,0
7/7/20,VI,C,6,6,0,,,,,0,,,3183,65,,,,,,116,,4,0,,,,,,79,,0,3299,69,,,,,,0,3354,123
7/7/20,VT,B,56,56,0,,,,13,0,,,68007,748,,,,,,1256,1256,3,0,,,,,,1039,,0,84664,1100,,,,,69263,751,84664,1100
7/7/20,WA,B,1370,1370,11,,4544,4544,407,62,,,724482,16609,,,,,37,39356,39349,301,0,,,,,,,765654,17656,765654,17656,,,,,629256,16550,,0
7/7/20,WI,A+,812,805,9,7,3639,3639,254,37,777,69,601012,12099,,,,,,35765,32556,535,0,,,,,,25758,793502,9387,793502,9387,,,,,633568,12594,,0
7/7/20,WV,B,95,,0,,,,41,0,,13,186386,847,,,,,6,3461,3354,19,0,,,,,,2535,,0,189847,866,10709,,,,,0,189740,865
7/7/20,WY,B,20,,0,,119,119,10,0,,,36078,2385,,,55040,,,1711,1378,36,0,,,,,1596,1274,,0,56636,1306,,,,,37456,2530,56636,1306
7/6/20,AK,A,16,16,0,,78,78,19,3,,,122585,-27,,,,,3,1168,,27,0,,,,,,548,,0,123753,0,,,,,,0,123753,0
7/6/20,AL,B,1007,984,0,23,2914,2914,1025,5,843,,410217,4284,,,,473,,44878,44375,925,0,,,,,,22082,,0,454592,5209,,,,,454592,5209,,0
7/6/20,AR,A,292,,6,,1575,1575,337,39,,,320715,5031,,,,245,81,24253,24253,1044,0,,,,,,17834,,0,344529,5636,,,,,,0,344529,5636
7/6/20,AS,C,0,,0,,,,,0,,,696,0,,,,,,0,0,0,0,,,,,,,,0,696,0,,,,,,0,696,0
7/6/20,AZ,A+,1810,1695,1,115,5188,5188,3212,27,,839,516400,10127,,,,,533,101441,100943,3352,0,,,,,,11836,,0,873294,8494,183109,,,,617343,13459,873294,8494
7/6/20,CA,B,6337,,6,,,,7278,0,,1937,4521669,107516,,,,,,271684,271684,5699,0,,,,,,,,0,4793353,113215,,,,,,0,4793353,113215
7/6/20,CO,A,1691,1367,-10,324,5591,5591,327,26,,,326383,4793,105213,,,,,34257,31368,192,0,7509,,,,,4636,438272,6571,438272,6571,112722,,,,357751,4993,,0
7/6/20,CT,B,4338,3466,3,872,10411,10411,69,0,,,483537,5686,,,,,,46976,44997,259,0,,,,,,8210,,0,530513,5945,,,,,,0,522385,24692
7/6/20,DC,A+,561,,2,,,,88,0,,23,97135,1624,,,,,16,10515,,33,0,,,,,,1553,107650,1657,107650,1657,,,,,83332,957,,0
7/6/20,DE,A+,512,455,0,57,,,54,0,,15,114886,3073,,,,,,12293,11249,165,0,,,,,15257,6778,168358,3742,168358,3742,,,,,127179,3238,,0
7/6/20,FL,A,3880,3880,48,,16352,16352,,151,,,2027493,27405,,261121,2438200,,,202623,,6237,0,,,10831,,262521,,2468749,40509,2468749,40509,,,271978,,2235937,33842,2706077,43654
7/6/20,GA,A,2878,,18,,11919,11919,1962,144,2441,,861889,8220,,,,,,97064,97064,1548,0,8942,,,,89088,,,0,964590,13080,170796,,,,,0,964590,13080
7/6/20,GU,B,5,,0,,,,2,0,,,15248,582,,,,,,301,293,13,0,2,,,,,179,,0,15549,595,142,,,,,0,15541,1616
7/6/20,HI,D,19,,0,,118,118,,0,,,84035,709,,,,,,1023,,24,0,,,,,983,777,99913,1135,99913,1135,,,,,85058,733,100110,828
7/6/20,IA,A+,723,,2,,,,151,0,,41,303805,2686,,31492,,,15,31657,31657,304,0,,,2366,,,25121,,0,335462,2990,,,33891,,335980,2989,,0
7/6/20,ID,A,93,73,0,20,369,369,85,10,124,22,98732,1836,,,,,,7733,7144,363,0,,,,,,2886,,0,105876,2201,,,,,105876,2201,,0
7/6/20,IL,A,7236,7026,6,210,,,1395,0,,321,1634975,20520,,,,,151,148987,147865,614,0,,,,,,,,0,1783962,21134,,,,,,0,1782840,21134
7/6/20,IN,A+,2698,2505,5,193,7285,7285,613,31,1526,229,478261,4547,,,,,88,48331,,323,0,,,,,50513,36788,,0,663982,3406,,,,,526592,4870,663982,3406
7/6/20,KS,A,280,,3,,1235,1235,,16,384,,185318,9676,,,,158,,16901,,982,0,,,,,,859,,0,202219,10658,,,,,202219,10658,,0
7/6/20,KY,B,593,589,8,4,2699,2699,433,14,1000,109,383190,3919,,,,,,17152,16525,776,0,,,,,,4785,,0,399715,4663,35756,,,,,0,399715,4663
7/6/20,LA,B,3296,3188,8,108,,,964,0,,,747318,10090,,,,,109,66327,66327,1101,0,,,,,,43026,,0,813645,11191,,,,,,0,813645,11191
7/6/20,MA,A+,8198,7983,15,215,11469,11469,603,6,,99,789280,7569,,,,,51,110137,104659,163,0,,,,,139011,93157,,0,1168234,16979,,,75795,,893939,7726,1168234,16979
7/6/20,MD,A,3246,3121,3,125,11096,11096,403,25,,142,517457,7127,,,,,,69904,69904,272,0,,,,,81953,5029,,0,718781,10937,,,,,587361,7399,718781,10937
7/6/20,ME,A+,109,108,0,1,359,359,21,0,,9,106127,1610,7363,,104817,,4,3423,3034,8,0,358,,,,4183,2787,,0,109550,1618,7730,,,,,0,109161,1616
7/6/20,MI,A+,6221,5975,3,246,,,505,0,,174,1086094,12216,,,1086094,,92,73269,66173,328,0,,,,,91153,52841,,0,1159363,12544,172386,,,,,0,1177247,12581
7/6/20,MN,A,1511,1474,3,37,4219,4219,258,49,1290,125,641124,5245,,,,,,38569,38569,433,0,,,,,,33907,679693,5678,679693,5678,,,,,,0,,0
7/6/20,MO,B,1028,,0,,,,740,0,,,402889,6816,,45220,499619,,73,23856,23856,420,0,,,1628,,28348,,,0,528835,104621,,,46848,,426745,7236,528835,104621
7/6/20,MP,D,2,,0,,,,,0,,,8187,0,,,,,,31,31,0,0,,,,,,19,,0,8218,0,,,,,,0,8217,0
7/6/20,MS,A,1114,1096,3,18,3280,3280,825,12,,165,283431,4190,,,,,98,31257,31028,357,0,95,,,,,22167,,0,314688,4547,12628,,,,,0,314459,4760
7/6/20,MT,C,23,,0,,112,112,20,0,,,101677,2783,,,,,,1249,1249,37,0,,,,,,678,,0,102926,2820,,,,,,0,102926,2820
7/6/20,NC,A,1398,1398,2,,,,982,0,,,977317,13462,,,,,,74529,74529,1546,0,,,,,,55318,,0,1051846,15008,,,,,,0,1051846,15008
7/6/20,ND,D,89,,0,,245,245,22,3,,,109733,421,4886,,,,,3843,3843,33,0,194,,,,,3350,198310,1219,198310,1219,5080,,,,111077,570,202515,1239
7/6/20,NE,B,284,,0,,1369,1369,101,1,,,171811,1710,,,214455,,,19929,19929,102,0,,,,,24379,14641,,0,239498,1270,,,,,191967,1816,239498,1270
7/6/20,NH,B,381,,5,,570,570,25,1,163,,119338,1446,,,,,,5897,5897,40,0,,,,,,4684,,0,166872,2200,23280,,20395,,125235,1486,166872,2200
7/6/20,NJ,A+,15138,13373,19,1765,20237,20237,861,0,,187,1375598,14360,,,,,152,173611,173611,209,0,,,,,,30729,,0,1549209,14569,,,,,,0,1549209,14569
7/6/20,NM,B,515,,2,,2033,2033,129,27,,,366733,4935,,,,,,13507,13507,251,0,,,,,,5902,,0,380240,5186,,,,,,0,380240,5186
7/6/20,NV,A+,537,,3,,,,748,0,,201,288572,3293,,,,,114,22909,22909,491,0,,,,,,,395211,2948,395211,2948,,,,,309995,3909,376887,4997
7/6/20,NY,A,24913,,9,,89995,89995,817,0,,170,3890482,53810,,,,,103,397649,397649,518,0,,,,,,71040,4288131,54328,4288131,54328,,,,,,0,,0
7/6/20,OH,B,2927,2677,16,250,8249,8249,837,77,2077,267,823456,11845,,,,,140,57956,54232,805,0,,,,,,40813,,0,881412,12650,,,,,,0,877688,12619
7/6/20,OK,A+,399,,1,,1689,1689,391,4,,165,348789,0,,,348789,,,16362,16362,434,0,1171,,,,16721,12432,,0,365151,434,34490,,,,,0,366289,0
7/6/20,OR,A+,215,,0,,1125,1125,183,56,,61,257326,3355,,,392174,,26,10395,9902,165,0,,,,,21015,2846,,0,413189,5080,,,,,267228,16591,413189,5080
7/6/20,PA,A+,6754,,1,,,,598,0,,,743020,8174,,,,,107,90304,87705,450,0,,,,,,70437,,0,833324,8624,,,,,830725,8612,,0
7/6/20,PR,C,155,60,0,95,,,115,0,,18,192686,0,,,191601,,11,2071,2071,225,0,6514,,,,2627,,,0,194757,225,,,,,,0,194324,0
7/6/20,RI,A+,960,,0,,2019,2019,61,0,,9,144551,1504,,,243670,,7,17163,17163,55,0,,,,,24624,1657,271658,2962,271658,2962,,,,,161714,1559,268294,2810
7/6/20,SC,A,827,819,7,8,2882,2882,1260,0,,,393477,7515,39648,,381428,,,46380,46247,1533,0,1923,,,,58296,16994,,0,439857,9048,41571,,,,,0,439724,9045
7/6/20,SD,B,97,,0,,692,692,59,1,,,77198,258,,,,,,7105,,42,0,,,,,,6063,,0,84303,300,,,,,84303,300,,0
7/6/20,TN,B,653,628,7,25,2897,2897,940,26,,,852463,7728,,,843683,,,52155,51774,724,0,,,,,60554,31020,,0,904618,8452,,,,,,0,904237,8441
7/6/20,TX,B,2655,,18,,,,8698,0,,,2598622,27263,,,,,,200557,200557,5318,0,7368,3352,,,349745,103782,,0,2799179,32581,207980,15791,,,,0,2799179,32581
7/6/20,UT,A+,190,,6,,1604,1604,244,22,438,83,358028,3024,,,422192,194,,25469,25469,517,0,,107,,101,28871,14448,,0,451063,4162,,331,,288,384126,3338,451063,4162
7/6/20,VA,A+,1853,1747,0,106,6435,6435,783,17,,194,649011,5404,,,,,86,66102,63339,354,0,,,,,78870,8809,727501,9362,727501,9362,,,,,,0,,0
7/6/20,VI,C,6,6,0,,,,,0,,,3118,58,,,,,,112,,1,0,,,,,,79,,0,3230,59,,,,,,0,3231,58
7/6/20,VT,B,56,56,0,,,,24,0,,,67259,333,,,,,,1253,1253,2,0,,,,,,1022,,0,83564,462,,,,,68512,335,83564,462
7/6/20,WA,B,1359,1359,5,,4482,4482,398,9,,,707873,16780,,,,,39,39055,39048,241,0,,,,,,,747998,17749,747998,17749,,,,,612706,5430,,0
7/6/20,WI,A+,803,796,0,7,3602,3602,255,16,772,69,588913,4802,,,,,,35230,32061,490,0,,,,,,25242,784115,9068,784115,9068,,,,,620974,5286,,0
7/6/20,WV,B,95,,1,,,,41,0,,13,185539,3980,,,,,6,3442,3336,180,0,,,,,,2518,,0,188981,4160,10660,,,,,0,188875,4160
7/6/20,WY,B,20,,0,,119,119,9,0,,,33693,0,,,53760,,,1675,1349,41,0,,,,,1570,1172,,0,55330,1463,,,,,34926,0,55330,1463
7/5/20,AK,A,16,16,0,,75,75,19,4,,,122612,994,,,,,3,1141,,27,0,,,,,,548,,0,123753,1021,,,,,,0,123753,1021
7/5/20,AL,B,1007,984,0,23,2909,2909,919,3,843,,405933,6707,,,,473,,43953,43450,1091,0,,,,,,22082,,0,449383,7798,,,,,449383,7798,,0
7/5/20,AR,A,286,,0,,1536,1536,285,0,,,315684,0,,,,240,70,23209,23209,0,0,,,,,,16726,,0,338893,0,,,,,,0,338893,0
7/5/20,AS,C,0,,0,,,,,0,,,696,0,,,,,,0,0,0,0,,,,,,,,0,696,0,,,,,,0,696,0
7/5/20,AZ,A+,1809,1694,4,115,5161,5161,3182,93,,821,506273,11318,,,,,531,98089,97611,3536,0,,,,,,11361,,0,864800,8073,182115,,,,603884,14844,864800,8073
7/5/20,CA,B,6331,,18,,,,7149,0,,1907,4414153,118510,,,,,,265985,265985,8597,0,,,,,,,,0,4680138,127107,,,,,,0,4680138,127107
7/5/20,CO,A,1701,1365,0,336,5565,5565,286,15,,,321590,4739,104895,,,,,34065,31168,199,0,7494,,,,,4603,431701,6747,431701,6747,112389,,,,352758,4937,,0
7/5/20,CT,B,4335,3463,0,872,10411,10411,95,0,,,477851,24542,,,,,,46717,44741,0,0,,,,,,8210,,0,524568,24542,,,,,,0,497693,0
7/5/20,DC,A+,559,,2,,,,87,0,,26,95511,1404,,,,,18,10482,,35,0,,,,,,1542,105993,1439,105993,1439,,,,,82375,1045,,0
7/5/20,DE,A+,512,455,0,57,,,53,0,,15,111813,3116,,,,,,12128,11084,132,0,,,,,15176,6740,164616,4496,164616,4496,,,,,123941,3248,,0
7/5/20,FL,A,3832,3832,29,,16201,16201,,161,,,2000088,43643,,261121,2402605,,,196386,,9856,0,,,10831,,254652,,2428240,63788,2428240,63788,,,271978,,2202095,53768,2662423,67417
7/5/20,GA,A,2860,,3,,11775,11775,1805,32,2429,,853669,20629,,,,,,95516,95516,2197,0,8925,,,,87841,,,0,951510,23295,170392,,,,,0,951510,23295
7/5/20,GU,B,5,,0,,,,3,0,,,14666,0,,,,,,288,280,0,0,2,,,,,179,,0,14954,0,128,,,,,0,13925,0
7/5/20,HI,D,19,,0,,118,118,,0,,,83326,825,,,,,,999,,24,0,,,,,958,756,98778,1424,98778,1424,,,,,84325,849,99282,1004
7/5/20,IA,A+,721,,0,,,,141,0,,43,301119,3149,,31441,,,16,31353,31353,312,0,,,2359,,,24739,,0,332472,3461,,,33883,,332991,3473,,0
7/5/20,ID,A,93,73,0,20,359,359,71,4,122,19,96896,2823,,,,,,7370,6779,376,0,,,,,,2858,,0,103675,3201,,,,,103675,3201,,0
7/5/20,IL,A,7230,7020,6,210,,,1326,0,,304,1614455,26596,,,,,165,148373,147251,639,0,,,,,,,,0,1762828,27235,,,,,,0,1761706,27235
7/5/20,IN,A+,2693,2500,6,193,7254,7254,632,38,1526,218,473714,8858,,,,,87,48008,,576,0,,,,,50252,36475,,0,660576,2679,,,,,521722,9434,660576,2679
7/5/20,KS,A,277,,0,,1219,1219,,0,377,,175642,0,,,,156,,15919,,0,0,,,,,,842,,0,191561,0,,,,,191561,0,,0
7/5/20,KY,B,585,581,0,4,2685,2685,455,0,996,99,379271,0,,,,,,16376,15781,0,0,,,,,,4747,,0,395052,0,35019,,,,,0,395052,0
7/5/20,LA,B,3288,3180,10,108,,,926,0,,,737228,16375,,,,,105,65226,65226,1937,0,,,,,,43026,,0,802454,18312,,,,,,0,802454,18312
7/5/20,MA,A+,8183,7968,11,215,11463,11463,636,2,,100,781711,5782,,,,,46,109974,104502,136,0,,,,,138662,93157,,0,1151255,6645,,,75636,,886213,5893,1151255,6645
7/5/20,MD,A,3243,3118,7,125,11071,11071,409,37,,144,510330,6329,,,,,,69632,69632,291,0,,,,,81585,5029,,0,707844,9076,,,,,579962,6620,707844,9076
7/5/20,ME,A+,109,108,2,1,359,359,25,1,,9,104517,1969,7350,,103208,,3,3415,3028,18,0,354,,,,4176,2772,,0,107932,1987,7713,,,,,0,107545,1985
7/5/20,MI,A+,6218,5972,0,246,,,548,0,,193,1073878,16305,,,1073878,,92,72941,65876,360,0,,,,,90788,52841,,0,1146819,16665,172203,,,,,0,1164666,16830
7/5/20,MN,A,1508,1471,5,37,4170,4170,253,31,1287,132,635879,28331,,,,,,38136,38136,512,0,,,,,,33408,674015,28843,674015,28843,,,,,,0,,0
7/5/20,MO,B,1028,,1,,,,739,0,,,396073,7027,,44863,399926,,72,23436,23436,221,0,,,1626,,23527,,,0,424214,0,,,46489,,419509,7248,424214,0
7/5/20,MP,D,2,,0,,,,,0,,,8187,0,,,,,,31,31,0,0,,,,,,19,,0,8218,0,,,,,,0,8217,0
7/5/20,MS,A,1111,1093,4,18,3268,3268,872,0,,175,279241,0,,,,,88,30900,30671,226,0,95,,,,,19388,,0,310141,226,12522,,,,,0,309699,0
7/5/20,MT,C,23,,0,,112,112,20,0,,,98894,1111,,,,,,1212,1212,45,0,,,,,,678,,0,100106,1156,,,,,,0,100106,1156
7/5/20,NC,A,1396,1396,1,,,,949,0,,,963855,17213,,,,,,72983,72983,1329,0,,,,,,45538,,0,1036838,18542,,,,,,0,1036838,18542
7/5/20,ND,D,89,,0,,242,242,22,1,,,109312,1163,4879,,,,,3810,3810,36,0,194,,,,,3324,197091,3742,197091,3742,5073,,,,110507,1081,201276,3807
7/5/20,NE,B,284,,0,,1368,1368,109,3,,,170101,2173,,,213281,,,19827,19827,167,0,,,,,24283,14340,,0,238228,3539,,,,,190151,2343,238228,3539
7/5/20,NH,B,376,,0,,569,569,25,0,163,,117892,0,,,,,,5857,5857,0,0,,,,,,4597,,0,164672,3366,23261,,20057,,123749,0,164672,3366
7/5/20,NJ,A+,15119,13355,22,1764,20237,20237,917,4,,210,1361238,25723,,,,,151,173402,173402,369,0,,,,,,30660,,0,1534640,26092,,,,,,0,1534640,26092
7/5/20,NM,B,513,,0,,2006,2006,119,18,,,361798,2573,,,,,,13256,13256,193,0,,,,,,5860,,0,375054,2766,,,,,,0,375054,2766
7/5/20,NV,A+,534,,4,,,,760,0,,226,285279,5625,,,,,99,22418,22418,843,0,,,,,,,392263,1956,392263,1956,,,,,306086,6300,371890,8458
7/5/20,NY,A,24904,,8,,89995,89995,832,0,,178,3836672,62882,,,,,116,397131,397131,533,0,,,,,,70968,4233803,63415,4233803,63415,,,,,,0,,0
7/5/20,OH,B,2911,2661,4,250,8172,8172,693,61,2058,236,811611,19424,,,,,119,57151,53458,968,0,,,,,,40460,,0,868762,20392,,,,,,0,865069,20394
7/5/20,OK,A+,398,,0,,1685,1685,391,9,,165,348789,0,,,348789,,,15928,15928,283,0,1171,,,,16721,12246,,0,364717,283,34490,,,,,0,366289,0
7/5/20,OR,A+,215,,2,,1069,1069,173,0,,52,253971,8875,,,387359,,25,10230,8877,300,0,,,,,20750,2759,,0,408109,7040,,,,,250637,0,408109,7040
7/5/20,PA,A+,6753,,4,,,,592,0,,,734846,9398,,,,,106,89854,87267,479,0,,,,,,70086,,0,824700,9877,,,,,822113,9852,,0
7/5/20,PR,C,155,60,0,95,,,118,0,,9,192686,0,,,191601,,5,1846,1846,29,0,6070,,,,2627,,,0,194532,29,,,,,,0,194324,0
7/5/20,RI,A+,960,,0,,2019,2019,61,0,,9,143047,1374,,,240961,,7,17108,17108,24,0,,,,,24523,1657,268696,2374,268696,2374,,,,,160155,1398,265484,2872
7/5/20,SC,A,820,813,7,7,2882,2882,1251,0,,,385962,8655,39531,,374112,,,44847,44717,1461,0,1919,,,,56567,16994,,0,430809,10116,41450,,,,,0,430679,10112
7/5/20,SD,B,97,,0,,691,691,59,2,,,76940,138,,,,,,7063,,35,0,,,,,,6063,,0,84003,173,,,,,84003,173,,0
7/5/20,TN,B,646,621,9,25,2871,2871,949,11,,,844735,16271,,,836028,,,51431,51061,1291,0,,,,,59768,30254,,0,896166,17562,,,,,,0,895796,17566
7/5/20,TX,B,2637,,29,,,,8181,0,,,2571359,17672,,,,,,195239,195239,3449,0,7307,3213,,,342235,100843,,0,2766598,21121,204641,15223,,,,0,2766598,21121
7/5/20,UT,A+,184,,3,,1582,1582,237,17,438,84,355004,3090,,,418371,195,,24952,24952,410,0,,73,,67,28530,14147,,0,446901,4168,,297,,254,380788,3418,446901,4168
7/5/20,VA,A+,1853,1746,4,107,6418,6418,792,13,,202,643607,9487,,,,,95,65748,62981,639,0,,,,,78124,8784,718139,10389,718139,10389,,,,,,0,,0
7/5/20,VI,C,6,6,0,,,,,0,,,3060,0,,,,,,111,,0,0,,,,,,76,,0,3171,0,,,,,,0,3173,0
7/5/20,VT,B,56,56,0,,,,15,0,,,66926,605,,,,,,1251,1251,11,0,,,,,,1007,,0,83102,833,,,,,68177,616,83102,833
7/5/20,WA,B,1354,1354,2,,4473,4473,412,10,,,691093,4510,,,,,56,38814,38807,453,0,,,,,,,730249,4803,730249,4803,,,,,607276,7301,,0
7/5/20,WI,A+,803,796,0,7,3586,3586,244,12,771,65,584111,4474,,,,,,34740,31577,533,0,,,,,,24899,775047,12258,775047,12258,,,,,615688,4996,,0
7/5/20,WV,B,94,,0,,,,27,0,,12,181559,3271,,,,,5,3262,3156,121,0,,,,,,2421,,0,184821,3392,10598,,,,,0,184715,3391
7/5/20,WY,B,20,,0,,119,119,8,0,,,33693,0,,,52354,,,1634,1312,28,0,,,,,1513,1172,,0,53867,239,,,,,34926,0,53867,239
7/4/20,AK,A,16,16,1,,71,71,23,2,,,121618,2475,,,,,3,1114,,49,0,,,,,,544,,0,122732,2524,,,,,,0,122732,2524
7/4/20,AL,B,1007,984,1,23,2906,2906,818,23,843,,399226,10460,,,,473,,42862,42359,997,0,,,,,,22082,,0,441585,11457,,,,,441585,11457,,0
7/4/20,AR,A,286,,5,,1536,1536,285,19,,,315684,7069,,,,240,70,23209,23209,587,0,,,,,,16726,,0,338893,7656,,,,,,0,338893,7656
7/4/20,AS,C,0,,0,,,,,0,,,696,0,,,,,,0,0,0,0,,,,,,,,0,696,0,,,,,,0,696,0
7/4/20,AZ,A+,1805,1690,17,115,5068,5068,3113,50,,796,494955,8432,,,,,413,94553,94085,2695,0,,,,,,10903,,0,856727,17463,180250,,,,589040,11121,856727,17463
7/4/20,CA,B,6313,,50,,,,7092,0,,1888,4295643,95702,,,,,,257388,257388,9153,0,,,,,,,,0,4553031,104855,,,,,,0,4553031,104855
7/4/20,CO,A,1701,1365,0,336,5550,5550,283,13,,,316851,4716,103986,,,,,33866,30970,247,0,7467,,,,,4568,424954,6697,424954,6697,111453,,,,347821,4964,,0
7/4/20,CT,B,4335,3463,0,872,10411,10411,95,0,,,453309,-60,,,,,,46717,44741,0,0,,,,,,8210,,0,500026,-60,,,,,,0,497693,0
7/4/20,DC,A+,557,,2,,,,95,0,,28,94107,1733,,,,,21,10447,,12,0,,,,,,1523,104554,1745,104554,1745,,,,,81330,1363,,0
7/4/20,DE,A+,512,455,0,57,,,54,0,,13,108697,2277,,,,,,11996,10952,73,0,,,,,14981,6711,160120,8054,160120,8054,,,,,120693,2350,,0
7/4/20,FL,A,3803,3803,18,,16040,16040,,245,,,1956445,53679,,226699,2347444,,,186530,,11330,0,,,9575,,242571,,2364452,77840,2364452,77840,,,236304,,2148327,65271,2595006,81891
7/4/20,GA,A,2857,,1,,11743,11743,1726,90,2425,,833040,22316,,,,,,93319,93319,2826,0,8839,,,,85363,,,0,928215,25785,168048,,,,,0,928215,25785
7/4/20,GU,B,5,,0,,,,3,0,,,14666,403,,,,,,288,280,2,0,2,,,,,179,,0,14954,405,128,,,,,0,13925,0
7/4/20,HI,D,19,,1,,118,118,,2,,,82501,1829,,,,,,975,,29,0,,,,,935,754,97354,1963,97354,1963,,,,,83476,1858,98278,2412
7/4/20,IA,A+,721,,1,,,,134,0,,40,297970,6938,,31373,,,16,31041,31041,612,0,,,2355,,,24604,,0,329011,7550,,,33761,,329518,7560,,0
7/4/20,ID,A,93,73,1,20,355,355,67,5,121,23,94073,1957,,,,,,6994,6401,401,0,,,,,,2831,,0,100474,2355,,,,,100474,2355,,0
7/4/20,IL,A,7224,7014,9,210,,,1346,0,,336,1587859,32974,,,,,182,147734,146612,862,0,,,,,,,,0,1735593,33836,,,,,,0,1734471,33836
7/4/20,IN,A+,2687,2494,6,193,7216,7216,632,41,1516,218,464856,7618,,,,,87,47432,,517,0,,,,,50094,36076,,0,657897,6720,,,,,512288,8135,657897,6720
7/4/20,KS,A,277,,0,,1219,1219,,0,377,,175642,0,,,,156,,15919,,0,0,,,,,,842,,0,191561,0,,,,,191561,0,,0
7/4/20,KY,B,585,581,0,4,2685,2685,455,0,996,99,379271,0,,,,,,16376,15781,0,0,,,,,,4747,,0,395052,0,35019,,,,,0,395052,0
7/4/20,LA,B,3278,3170,0,108,,,852,0,,,720853,0,,,,,93,63289,63289,0,0,,,,,,43026,,0,784142,0,,,,,,0,784142,0
7/4/20,MA,A+,8172,7958,23,214,11461,11461,640,25,,107,775929,7777,,,,,51,109838,104391,210,0,,,,,138527,93157,,0,1144610,4277,,,75302,,880320,7940,1144610,4277
7/4/20,MD,A,3236,3111,13,125,11034,11034,410,61,,143,504001,9128,,,,,,69341,69341,380,0,,,,,81192,5025,,0,698768,12955,,,,,573342,9508,698768,12955
7/4/20,ME,A+,107,106,2,1,358,358,27,0,,9,102548,2472,7338,,101249,,3,3397,3012,24,0,353,,,,4151,2751,,0,105945,2496,7700,,,,,0,105560,2499
7/4/20,MI,A+,6218,5972,3,246,,,548,0,,193,1057573,21483,,,1057573,,92,72581,65533,406,0,,,,,90263,52841,,0,1130154,21889,170893,,,,,0,1147836,22098
7/4/20,MN,A,1503,1466,0,37,4139,4139,270,0,1277,132,607548,0,,,,,,37624,37624,0,0,,,,,,32347,645172,0,645172,0,,,,,,0,,0
7/4/20,MO,B,1027,,1,,,,740,0,,,389046,6917,,44439,399926,,73,23215,23215,385,0,,,1614,,23527,,,0,424214,0,,,46053,,412261,7302,424214,0
7/4/20,MP,D,2,,0,,,,,0,,,8187,0,,,,,,31,31,0,0,,,,,,19,,0,8218,0,,,,,,0,8217,0
7/4/20,MS,A,1107,1089,15,18,3268,3268,872,60,,175,279241,8972,,,,,88,30674,30458,1904,0,95,,,,,19388,,0,309915,10876,12522,,,,,0,309699,10857
7/4/20,MT,C,23,,0,,112,112,20,3,,,97783,1408,,,,,,1167,1167,39,0,,,,,,678,,0,98950,1447,,,,,,0,98950,1447
7/4/20,NC,A,1395,1395,3,,,,945,0,,,946642,17590,,,,,,71654,71654,1413,0,,,,,,45538,,0,1018296,19003,,,,,,0,1018296,19003
7/4/20,ND,D,89,,0,,241,241,22,4,,,108149,1297,4873,,,,,3774,3774,57,0,194,,,,,3288,193349,4343,193349,4343,5067,,,,109426,1258,197469,4434
7/4/20,NE,B,284,,2,,1365,1365,111,12,,,167928,3246,,,209947,,,19660,19660,208,0,,,,,24086,14200,,0,234689,5452,,,,,187808,3454,234689,5452
7/4/20,NH,B,376,,1,,569,569,25,2,163,,117892,1527,,,,,,5857,5857,35,0,,,,,,4597,,0,161306,2386,23085,,20057,,123749,1562,161306,2386
7/4/20,NJ,A+,15097,13333,25,1764,20233,20233,983,19,,205,1335515,22756,,,,,164,173033,173033,291,0,,,,,,30565,,0,1508548,23047,,,,,,0,1508548,23047
7/4/20,NM,B,513,,2,,1988,1988,121,18,,,359225,8627,,,,,,13063,13063,287,0,,,,,,5845,,0,372288,8914,,,,,,0,372288,8914
7/4/20,NV,A+,530,,2,,,,749,0,,205,279654,6687,,,,,97,21575,21575,857,0,,,,,,,390307,5073,390307,5073,,,,,299786,7654,363432,10177
7/4/20,NY,A,24896,,11,,89995,89995,844,0,,190,3773790,61677,,,,,119,396598,396598,726,0,,,,,,70877,4170388,62403,4170388,62403,,,,,,0,,0
7/4/20,OH,B,2907,2657,4,250,8111,8111,691,27,2052,226,792187,19287,,,,,111,56183,52488,926,0,,,,,,39903,,0,848370,20213,,,,,,0,844675,20194
7/4/20,OK,A+,398,,0,,1676,1676,391,15,,165,348789,0,,,348789,,,15645,15645,580,0,1171,,,,16721,11965,,0,364434,580,34490,,,,,0,366289,0
7/4/20,OR,A+,213,,4,,1069,1069,173,0,,52,245096,0,,,380751,,25,9930,8877,294,0,,,,,20318,2759,,0,401069,8130,,,,,250637,0,401069,8130
7/4/20,PA,A+,6749,,3,,,,589,0,,,725448,10045,,,,,102,89375,86813,634,0,,,,,,69712,,0,814823,10679,,,,,812261,10653,,0
7/4/20,PR,C,155,60,1,95,,,100,0,,8,192686,0,,,191601,,4,1817,1817,26,0,5970,,,,2627,,,0,194503,26,,,,,,0,194324,0
7/4/20,RI,A+,960,,0,,2019,2019,61,0,,9,141673,952,,,238135,,7,17084,17084,27,0,,,,,24477,1657,266322,2057,266322,2057,,,,,158757,979,262612,2279
7/4/20,SC,A,813,806,20,7,2882,2882,1190,0,,,377307,9807,39313,,365716,,,43386,43260,1854,0,1908,,,,54851,16994,,0,420693,11661,41221,,,,,0,420567,11654
7/4/20,SD,B,97,,0,,689,689,54,2,,,76802,787,,,,,,7028,,50,0,,,,,,6062,,0,83830,837,,,,,83830,837,,0
7/4/20,TN,B,637,612,4,25,2860,2860,949,35,,,828464,14687,,,820028,,,50140,49768,1428,0,,,,,58202,30043,,0,878604,16115,,,,,,0,878230,16109
7/4/20,TX,B,2608,,33,,,,7890,0,,,2553687,52569,,,,,,191790,191790,8258,0,7274,3100,,,337299,97430,,0,2745477,60827,201782,14754,,,,0,2745477,60827
7/4/20,UT,A+,181,,0,,1565,1565,255,36,436,88,351914,5396,,,414556,194,,24542,24542,676,0,,68,,62,28177,13807,,0,442733,7487,,292,,249,377370,5953,442733,7487
7/4/20,VA,A+,1849,1745,4,104,6405,6405,808,23,,207,634120,10153,,,,,99,65109,62400,716,0,,,,,77536,8741,707750,11709,707750,11709,,,,,,0,,0
7/4/20,VI,C,6,6,0,,,,,0,,,3060,97,,,,,,111,,13,0,,,,,,76,,0,3171,110,,,,,,0,3173,9
7/4/20,VT,B,56,56,0,,,,16,0,,,66321,1006,,,,,,1240,1240,2,0,,,,,,999,,0,82269,1314,,,,,67561,1008,82269,1314
7/4/20,WA,B,1352,1352,10,,4463,4463,446,21,,,686583,4403,,,,,58,38361,38354,888,0,,,,,,,725446,4634,725446,4634,,,,,599975,14986,,0
7/4/20,WI,A+,803,796,0,7,3574,3574,235,19,771,67,579637,6084,,,,,,34207,31055,776,0,,,,,,24491,762789,17819,762789,17819,,,,,610692,6822,,0
7/4/20,WV,B,94,,1,,,,25,0,,11,178288,712,,,,,4,3141,3036,15,0,,,,,,2402,,0,181429,727,10437,,,,,0,181324,727
7/4/20,WY,B,20,,0,,119,119,8,0,,,33693,0,,,52123,,,1606,1289,24,0,,,,,1505,1169,,0,53628,216,,,,,34926,0,53628,216
7/3/20,AK,A,15,15,1,,69,69,25,1,,,119143,4254,,,,,3,1065,,45,0,,,,,,539,,0,120208,4299,,,,,,0,120208,4299
7/3/20,AL,B,1006,983,21,23,2883,2883,838,48,838,,388766,9149,,,,474,,41865,41362,1754,0,,,,,,22082,,0,430128,10907,,,,,430128,10907,,0
7/3/20,AR,A,281,,2,,1517,1517,285,40,,,308615,6703,,,,236,70,22622,22622,547,0,,,,,,16164,,0,331237,7250,,,,,,0,331237,7250
7/3/20,AS,C,0,,0,,,,,0,,,696,0,,,,,,0,0,0,0,,,,,,,,0,696,0,,,,,,0,696,0
7/3/20,AZ,A+,1788,1673,31,115,5018,5018,3013,102,,741,486523,13109,,,,,489,91858,91396,4433,0,,,,,,10478,,0,839264,26589,177849,,,,577919,17535,839264,26589
7/3/20,CA,B,6263,,100,,,,7024,0,,1871,4199941,103770,,,,,,248235,248235,5688,0,,,,,,,,0,4448176,109458,,,,,,0,4448176,109458
7/3/20,CO,A,1701,1365,0,336,5537,5537,270,10,,,312135,5197,101101,,,,,33619,30722,267,0,7340,,,,,4557,418257,7934,418257,7934,108441,,,,342857,5466,,0
7/3/20,CT,B,4335,3463,9,872,10411,10411,95,0,,,453369,-99,,,,,,46717,44741,71,0,,,,,,8210,,0,500086,-28,,,,,,0,497693,10370
7/3/20,DC,A+,555,,1,,,,110,0,,38,92374,1701,,,,,24,10435,,45,0,,,,,,1497,102809,1746,102809,1746,,,,,79967,1367,,0
7/3/20,DE,A+,512,455,2,57,,,57,0,,13,106420,3233,,,,,,11923,10879,192,0,,,,,14669,6692,152066,2613,152066,2613,,,,,118343,3425,,0
7/3/20,FL,A,3785,3785,67,,15795,15795,,341,,,1902766,39689,,226699,2279841,,,175200,,9324,0,,,9575,,228506,,2286612,60623,2286612,60623,,,236304,,2083056,49262,2513115,63953
7/3/20,GA,A,2856,,7,,11653,11653,1671,153,2413,,810724,15194,,,,,,90493,90493,2784,0,8717,,,,82426,,,0,902430,18412,164412,,,,,0,902430,18412
7/3/20,GU,B,5,,0,,,,2,0,,,14263,610,,,,,,286,278,6,0,2,,,,,179,,0,14549,616,128,,,,,0,13925,0
7/3/20,HI,D,18,,0,,116,116,,0,,,80672,1308,,,,,,946,,20,0,,,,,904,746,95391,1698,95391,1698,,,,,81618,1328,95866,1706
7/3/20,IA,A+,720,,2,,,,146,0,,40,291032,3703,,31041,,,20,30429,30429,220,0,,,2347,,,24338,,0,321461,3923,,,33421,,321958,3973,,0
7/3/20,ID,A,92,72,0,20,350,350,64,10,121,23,92116,3365,,,,,,6593,6003,223,0,,,,,,2801,,0,98119,3582,,,,,98119,3582,,0
7/3/20,IL,A,7215,7005,27,210,,,1349,0,,334,1554885,33450,,,,,164,146872,145750,937,0,,,,,,,,0,1701757,34387,,,,,,0,1700635,34318
7/3/20,IN,A+,2681,2488,19,193,7175,7175,633,36,1506,217,457238,6790,,,,,81,46915,,528,0,,,,,49750,35756,,0,651177,12003,,,,,504153,7318,651177,12003
7/3/20,KS,A,277,,5,,1219,1219,,24,377,,175642,7459,,,,156,,15919,,929,0,,,,,,842,,0,191561,8388,,,,,191561,8764,,0
7/3/20,KY,B,585,581,4,4,2685,2685,455,23,996,99,379271,9556,,,,,,16376,15781,297,0,,,,,,4747,,0,395052,9829,35019,,,,,0,395052,9829
7/3/20,LA,B,3278,3170,23,108,,,852,0,,,720853,15040,,,,,93,63289,63289,1728,0,,,,,,43026,,0,784142,16768,,,,,,0,784142,16768
7/3/20,MA,A+,8149,7935,17,214,11436,11436,656,44,,106,768152,11232,,,,,55,109628,104228,290,0,,,,,138420,93157,,0,1140333,8339,,,74598,,872380,11444,1140333,8339
7/3/20,MD,A,3223,3099,11,124,10973,10973,422,34,,143,494873,10121,,,,,,68961,68961,538,0,,,,,80684,5023,,0,685813,15564,,,,,563834,10659,685813,15564
7/3/20,ME,A+,105,104,0,1,358,358,27,4,,9,100076,2587,7249,,98844,,3,3373,2985,45,0,349,,,,4074,2731,,0,103449,2632,7607,,,,,0,103061,2621
7/3/20,MI,A+,6215,5969,3,246,,,548,0,,193,1036090,22631,,,1036090,,92,72175,65135,497,0,,,,,89648,51099,,0,1108265,23128,168588,,,,,0,1125738,23326
7/3/20,MN,A,1503,1466,8,37,4139,4139,270,27,1277,132,607548,14331,,,,,,37624,37624,414,0,,,,,,32347,645172,14745,645172,14745,,,,,,0,,0
7/3/20,MO,B,1026,,4,,,,716,0,,,382129,7094,,43498,399926,,78,22830,22830,547,0,,,1581,,23527,,,0,424214,0,,,45079,,404959,7641,424214,0
7/3/20,MP,D,2,,0,,,,,0,,,8187,0,,,,,,31,31,1,0,,,,,,19,,0,8218,1,,,,,,0,8217,0
7/3/20,MS,A,1092,1074,0,18,3208,3208,863,0,,167,270269,0,,,,,94,28770,28573,0,0,95,,,,,19388,,0,299039,0,12055,,,,,0,298842,0
7/3/20,MT,C,23,,1,,109,109,17,3,,,96375,2309,,,,,,1128,1128,45,0,,,,,,678,,0,97503,2354,,,,,,0,97503,2354
7/3/20,NC,A,1392,1392,1,,,,951,0,,,929052,26074,,,,,,70241,70241,2099,0,,,,,,45538,,0,999293,28173,,,,,,0,999293,28173
7/3/20,ND,D,89,,0,,237,237,20,3,,,106852,2314,4859,,,,,3717,3717,63,0,192,,,,,3266,189006,4576,189006,4576,5051,,,,108168,2334,193035,4630
7/3/20,NE,B,282,,6,,1353,1353,121,10,,,164682,1330,,,204801,,,19452,19452,142,0,,,,,23794,14022,,0,229237,2587,,,,,184354,1474,229237,2587
7/3/20,NH,B,375,,2,,567,567,31,2,162,,116365,1860,,,,,,5822,5822,20,0,,,,,,4508,,0,158920,2278,22894,,19808,,122187,1880,158920,2278
7/3/20,NJ,A+,15072,13308,58,1764,20214,20214,1028,73,,216,1312759,21202,,,,,167,172742,172742,386,0,,,,,,30464,,0,1485501,21588,,,,,,0,1485501,21588
7/3/20,NM,B,511,,8,,1970,1970,130,25,,,350598,6481,,,,,,12776,12776,256,0,,,,,,5802,,0,363374,6737,,,,,,0,363374,6737
7/3/20,NV,A+,528,,3,,,,704,0,,219,272967,7972,,,,,87,20718,20718,985,0,,,,,,,385234,12077,385234,12077,,,,,292132,9327,353255,11792
7/3/20,NY,A,24885,,8,,89995,89995,857,0,,188,3712113,65474,,,,,125,395872,395872,918,0,,,,,,70794,4107985,66392,4107985,66392,,,,,,0,,0
7/3/20,OH,B,2903,2653,0,250,8084,8084,740,46,2044,233,772900,33760,,,,,100,55257,51581,1091,0,,,,,,39423,,0,828157,34851,,,,,,0,824481,36078
7/3/20,OK,A+,398,,3,,1661,1661,391,46,,165,348789,10278,,,348789,,,15065,15065,526,0,1171,,,,16721,11519,,0,363854,10804,34490,,,,,0,366289,11089
7/3/20,OR,A+,209,,0,,1069,1069,173,0,,52,245096,3336,,,373092,,25,9636,8877,342,0,,,,,19847,2759,,0,392939,7528,,,,,250637,0,392939,7528
7/3/20,PA,A+,6746,,34,,,,598,0,,,715403,13204,,,,,105,88741,86205,667,0,,,,,,69217,,0,804144,13871,,,,,801608,13836,,0
7/3/20,PR,C,154,60,1,94,,,104,0,,11,192686,0,,,191601,,6,1791,1791,24,0,5892,,,,2627,,,0,194477,24,,,,,,0,194324,0
7/3/20,RI,A+,960,,1,,2019,2019,61,8,,9,140721,673,,,235908,,7,17057,17057,22,0,,,,,24425,1657,264265,2876,264265,2876,,,,,157778,695,260333,1893
7/3/20,SC,A,793,787,9,6,2882,2882,1148,28,,,367500,5800,38296,,356426,,,41532,41413,1831,0,1856,,,,52487,16994,,0,409032,7631,40152,,,,,0,408913,7626
7/3/20,SD,B,97,,0,,687,687,58,4,,,76015,967,,,,,,6978,,85,0,,,,,,6049,,0,82993,1052,,,,,82993,1052,,0
7/3/20,TN,B,633,608,13,25,2825,2825,949,50,,,813777,22213,,,805477,,,48712,48344,1822,0,,,,,56644,29591,,0,862489,24035,,,,,,0,862121,24037
7/3/20,TX,B,2575,,50,,,,7652,0,,,2501118,78615,,,,,,183532,183532,7555,0,7255,2930,,,324612,93572,,0,2684650,86170,199041,14053,,,,0,2684650,86170
7/3/20,UT,A+,181,,5,,1529,1529,232,24,434,85,346518,5794,,,407687,193,,23866,23866,596,0,,55,,52,27559,13408,,0,435246,7907,,258,,222,371417,6412,435246,7907
7/3/20,VA,A+,1845,1741,29,104,6382,6382,818,49,,207,623967,13446,,,,,95,64393,61690,658,0,,,,,76798,8711,696041,11483,696041,11483,,,,,,0,,0
7/3/20,VI,C,6,6,0,,,,,0,,,2963,39,,,,,,98,,6,0,,,,,,75,,0,3061,45,,,,,,0,3164,109
7/3/20,VT,B,56,56,0,,,,16,0,,,65315,1030,,,,,,1238,1238,9,0,,,,,,967,,0,80955,1430,,,,,66553,1039,80955,1430
7/3/20,WA,B,1342,1342,3,,4442,4442,460,40,,,682180,9626,,,,,62,37473,37466,884,0,,,,,,,720812,10069,720812,10069,,,,,584989,13025,,0
7/3/20,WI,A+,803,796,3,7,3555,3555,244,36,768,75,573553,9607,,,,,,33431,30317,622,0,,,,,,24043,744970,17156,744970,17156,,,,,603870,10186,,0
7/3/20,WV,B,93,,0,,,,25,0,,11,177576,2288,,,,,4,3126,3021,73,0,,,,,,2396,,0,180702,2361,10413,,,,,0,180597,2359
7/3/20,WY,B,20,,0,,119,119,8,0,,,33693,0,,,51922,,,1582,1267,32,0,,,,,1490,1154,,0,53412,519,,,,,34926,0,53412,519
7/2/20,AK,A,14,14,0,,68,68,18,0,,,114889,1471,,,,,1,1020,,38,0,,,,,,535,,0,115909,1509,,,,,,0,115909,1509
7/2/20,AL,B,985,961,13,24,2835,2835,843,32,826,,379617,4626,,,,468,,40111,39604,1149,0,,,,,,22082,,0,419221,5788,,,,,419221,5788,,0
7/2/20,AR,A,279,,2,,1477,1477,272,29,,,301912,8251,,,,231,72,22075,22075,878,0,,,,,,15698,,0,323987,9129,,,,,,0,323987,9129
7/2/20,AS,C,0,,0,,,,,0,,,696,0,,,,,,0,0,0,0,,,,,,,,0,696,0,,,,,,0,696,0
7/2/20,AZ,A+,1757,1642,37,115,4916,4916,2938,79,,723,473414,7910,,,,,488,87425,86970,3333,0,,,,,,10137,,0,812675,26174,175112,,,,560384,11235,812675,26174
7/2/20,CA,B,6163,,73,,,,6812,0,,1934,4096171,78134,,,,,,242547,242547,6408,0,,,,,,,,0,4338718,84542,,,,,,0,4338718,84542
7/2/20,CO,A,1701,1365,4,336,5527,5527,270,14,,,306938,6712,101101,,,,,33352,30453,323,0,7340,,,,,4541,410323,8706,410323,8706,108441,,,,337391,7032,,0
7/2/20,CT,B,4326,3459,2,867,10411,10411,101,143,,,453468,10231,,,,,,46646,44672,74,0,,,,,,8210,,0,500114,10305,,,,,,0,487323,11461
7/2/20,DC,A+,554,,1,,,,120,0,,33,90673,1003,,,,,28,10390,,25,0,,,,,,1465,101063,1028,101063,1028,,,,,78600,692,,0
7/2/20,DE,A+,510,453,1,57,,,67,0,,16,103187,3313,,,,,,11731,10687,221,0,,,,,14556,6678,149453,1618,149453,1618,,,,,114918,3534,,0
7/2/20,FL,A,3718,3718,68,,15454,15454,,329,,,1863077,41720,,226699,2228207,,,165876,,9442,0,,,9575,,216375,,2225989,62493,2225989,62493,,,236304,,2033794,51879,2449162,69031
7/2/20,GA,A,2849,,22,,11500,11500,1649,225,2389,,795530,24729,,,,,,87709,87709,3472,0,8645,,,,79974,,,0,884018,28393,161483,,,,,0,884018,28393
7/2/20,GU,B,5,,0,,,,1,0,,,13653,136,,,,,,280,272,13,0,2,,,,,179,,0,13933,149,128,,,,,0,13925,514
7/2/20,HI,D,18,,0,,116,116,,3,,,79364,1223,,,,,,926,,9,0,,,,,887,741,93693,2001,93693,2001,,,,,80290,1232,94160,1935
7/2/20,IA,A+,718,,1,,,,145,0,,36,287329,6990,,30838,,,18,30209,30209,758,0,,,2339,,,23993,,0,317538,7748,,,33210,,317985,7767,,0
7/2/20,ID,A,92,72,0,20,340,340,69,10,118,17,88751,3828,,,,,,6370,5786,253,0,,,,,,4393,,0,94537,4061,,,,,94537,4061,,0
7/2/20,IL,A,7188,6987,36,201,,,1651,0,,349,1521435,29393,,,,,195,145935,144882,869,0,,,,,,,,0,1667370,30262,,,,,,0,1666317,30262
7/2/20,IN,A+,2662,2469,12,193,7139,7139,644,44,1493,221,450448,6684,,,,,89,46387,,435,0,,,,,49040,35405,,0,639174,10679,,,,,496835,7119,639174,10679
7/2/20,KS,A,272,,0,,1195,1195,,43,367,,168183,0,,,,152,,14990,,0,0,,,,,,834,,0,183173,0,,,,,182797,0,,0
7/2/20,KY,B,581,577,9,4,2662,2662,430,27,994,73,369715,8467,,,,,,16079,15508,237,0,,,,,,4726,,0,385223,8689,34835,,,,,0,385223,8689
7/2/20,LA,B,3255,3147,17,108,,,840,0,,,705813,13903,,,,,91,61561,61561,1383,0,,,,,,43026,,0,767374,15286,,,,,,0,767374,15286
7/2/20,MA,A+,8132,7918,51,214,11392,11392,681,40,,113,756920,7628,,,,,52,109338,104016,195,0,,,,,138258,93157,,0,1131994,13916,,,73613,,860936,7786,1131994,13916
7/2/20,MD,A,3212,3086,7,126,10939,10939,441,37,,149,484752,10066,,,,,,68423,68423,505,0,,,,,79758,5013,,0,670249,13659,,,,,553175,10571,670249,13659
7/2/20,ME,A+,105,104,0,1,354,354,30,3,,9,97489,3542,7194,,96272,,3,3328,2951,34,0,345,,,,4026,2698,,0,100817,3576,7548,,,,,0,100440,3571
7/2/20,MI,A+,6212,5966,14,246,,,548,0,,193,1013459,22689,,,1013459,,103,71678,64675,589,0,,,,,88953,51099,,0,1085137,23278,165567,,,,,0,1102412,23423
7/2/20,MN,A,1495,1458,13,37,4112,4112,274,31,1266,123,593217,12826,,,,,,37210,37210,494,0,,,,,,32163,630427,13320,630427,13320,,,,,,0,,0
7/2/20,MO,B,1022,,5,,,,716,0,,,375035,7222,,42622,399926,,77,22283,22283,356,0,,,1580,,23527,,,0,424214,0,,,44202,,397318,7578,424214,0
7/2/20,MP,D,2,,0,,,,,0,,,8187,0,,,,,,30,30,0,0,,,,,,19,,0,8217,0,,,,,,0,8217,0
7/2/20,MS,A,1092,1074,10,18,3208,3208,863,31,,167,270269,4417,,,,,94,28770,28573,870,0,95,,,,,19388,,0,299039,5287,12055,,,,,0,298842,5280
7/2/20,MT,C,22,,0,,106,106,14,1,,,94066,1752,,,,,,1083,1083,67,0,,,,,,672,,0,95149,1819,,,,,,0,95149,1819
7/2/20,NC,A,1391,1391,18,,,,912,0,,,902978,27253,,,,,,68142,68142,1629,0,,,,,,45538,,0,971120,28882,,,,,,0,971120,28882
7/2/20,ND,D,89,,0,,234,234,19,0,,,104538,927,4833,,,,,3654,3654,43,0,188,,,,,3235,184430,3503,184430,3503,5021,,,,105834,936,188405,3626
7/2/20,NE,B,276,,2,,1343,1343,117,13,,,163352,1921,,,202428,,,19310,19310,133,0,,,,,23582,13807,,0,226650,2350,,,,,182880,2054,226650,2350
7/2/20,NH,B,373,,2,,565,565,32,0,162,,114505,1118,,,,,,5802,5802,20,0,,,,,,4491,,0,156642,3714,22605,,19483,,120307,1138,156642,3714
7/2/20,NJ,A+,15014,13251,27,1763,20141,20141,1027,87,,216,1291557,20548,,,,,170,172356,172356,428,0,,,,,,30383,,0,1463913,20976,,,,,,0,1463913,20976
7/2/20,NM,B,503,,3,,1945,1945,127,17,,,344117,6333,,,,,,12520,12520,244,0,,,,,,5627,,0,356637,6577,,,,,,0,356637,6577
7/2/20,NV,A+,525,,14,,,,662,0,,196,264995,0,,,,,78,19733,19733,632,0,,,,,,,373157,11463,373157,11463,,,,,282805,0,341463,10145
7/2/20,NY,A,24877,,11,,89995,89995,878,0,,209,3646639,69070,,,,,129,394954,394954,875,0,,,,,,70698,4041593,69945,4041593,69945,,,,,,0,,0
7/2/20,OH,B,2903,2653,27,250,8038,8038,724,127,2035,244,739140,0,,,,,116,54166,50523,1301,0,,,,,,38987,,0,793306,1301,,,,,,0,788403,0
7/2/20,OK,A+,395,,6,,1615,1615,368,62,,163,338511,6310,,,338511,,,14539,14539,427,0,1171,,,,15918,11048,,0,353050,6737,34490,,,,,0,355200,6850
7/2/20,OR,A+,209,,1,,1069,1069,173,14,,52,241760,7331,,,365991,,25,9294,8877,363,0,,,,,19420,2759,,0,385411,12085,,,,,250637,7683,385411,12085
7/2/20,PA,A+,6712,,63,,,,631,0,,,702199,12637,,,,,106,88074,85573,832,0,,,,,,68697,,0,790273,13469,,,,,787772,13459,,0
7/2/20,PR,C,153,59,0,94,,,97,0,,8,192686,0,,,191601,,3,1767,1767,38,0,5841,,,,2627,,,0,194453,38,,,,,,0,194324,0
7/2/20,RI,A+,959,,3,,2011,2011,67,4,,11,140048,985,,,234057,,10,17035,17035,59,0,,,,,24383,1644,261389,4238,261389,4238,,,,,157083,1044,258440,2705
7/2/20,SC,A,784,777,18,7,2854,2854,1125,0,,,361700,9747,37723,,350541,,,39701,39587,1782,0,1847,,,,50746,15471,,0,401401,11529,39570,,,,,0,401287,11525
7/2/20,SD,B,97,,4,,683,683,64,9,,,75048,931,,,,,,6893,,67,0,,,,,,5982,,0,81941,998,,,,,81941,998,,0
7/2/20,TN,B,620,594,11,26,2775,2775,949,60,,,791564,18993,,,783613,,,46890,46520,1575,0,,,,,54471,28938,,0,838454,20568,,,,,,0,838084,20562
7/2/20,TX,B,2525,,44,,,,7382,0,,,2422503,77188,,,,,,175977,175977,7915,0,7243,2712,,,307806,90720,,0,2598480,85103,198745,13013,,,,0,2598480,85103
7/2/20,UT,A+,176,,3,,1505,1505,229,29,430,81,340724,5711,,,400448,190,,23270,23270,554,0,,50,,47,26891,13076,,0,427339,7940,,225,,193,365005,6351,427339,7940
7/2/20,VA,A+,1816,1712,30,104,6333,6333,888,71,,206,610521,15091,,,,,95,63735,61039,532,0,,,,,75964,8496,684558,12640,684558,12640,,,,,,0,,0
7/2/20,VI,C,6,6,0,,,,,0,,,2924,48,,,,,,92,,2,0,,,,,,75,,0,3016,50,,,,,,0,3055,83
7/2/20,VT,B,56,56,0,,,,21,0,,,64285,1027,,,,,,1229,1229,17,0,,,,,,960,,0,79525,1525,,,,,65514,1044,79525,1525
7/2/20,WA,B,1339,1339,7,,4402,4402,430,41,,,672554,13942,,,,,57,36589,36582,920,0,,,,,,,710743,14811,710743,14811,,,,,571964,14689,,0
7/2/20,WI,A+,800,793,7,7,3519,3519,236,37,763,74,563946,12339,,,,,,32809,29738,584,0,,,,,,23527,727814,16073,727814,16073,,,,,593684,12878,,0
7/2/20,WV,B,93,,0,,,,23,0,,10,175288,4868,,,,,5,3053,2949,121,0,,,,,,2380,,0,178341,4989,10173,,,,,0,178238,4987
7/2/20,WY,B,20,,0,,119,119,9,2,,,33693,1508,,,51427,,,1550,1233,36,0,,,,,1466,1139,,0,52893,1376,,,,,34926,1557,52893,1376
7/1/20,AK,A,14,14,0,,68,68,20,0,,,113418,2177,,,,,2,982,,38,0,,,,,,528,,0,114400,2215,,,,,,0,114400,2215
7/1/20,AL,B,972,947,22,25,2803,2803,809,34,814,,374991,6384,,,,464,,38962,38442,917,0,,,,,,18866,,0,413433,7290,,,,,413433,7290,,0
7/1/20,AR,A,277,,7,,1448,1448,275,35,,,293661,3235,,,,224,72,21197,21197,420,0,,,,,,15163,,0,314858,3655,,,,,,0,314858,3655
7/1/20,AS,C,0,,0,,,,,0,,,696,0,,,,,,0,0,0,0,,,,,,,,0,696,0,,,,,,0,696,0
7/1/20,AZ,A+,1720,1607,88,113,4837,4837,2876,101,,675,465504,12363,,,,,466,84092,83645,4877,0,,,,,,9715,,0,786501,26669,172836,,,,549149,17227,786501,26669
7/1/20,CA,B,6090,,110,,,,6612,0,,1859,4018037,79630,,,,,,236139,236139,7407,0,,,,,,,,0,4254176,87037,,,,,,0,4254176,87037
7/1/20,CO,A,1697,1362,7,335,5513,5513,262,24,,,300226,5438,98921,,,,,33029,30133,314,0,6940,,,,,4524,401617,7001,401617,7001,105861,,,,330359,5727,,0
7/1/20,CT,B,4324,3457,2,867,10268,10268,100,0,,,443237,11393,,,,,,46572,44593,58,0,,,,,,8053,,0,489809,11451,,,,,,0,475862,11448
7/1/20,DC,A+,553,,2,,,,119,0,,33,89670,2702,,,,,26,10365,,38,0,,,,,,1451,100035,2740,100035,2740,,,,,77908,1796,,0
7/1/20,DE,A+,509,451,0,58,,,68,0,,13,99874,467,,,,,,11510,10466,36,0,,,,,14450,6676,147835,4174,147835,4174,,,,,111384,503,,0
7/1/20,FL,A,3650,3650,46,,15125,15125,,246,,,1821357,28796,,226699,2172217,,,156434,,6545,0,,,9575,,203480,,2163496,41848,2163496,41848,,,236304,,1981915,35405,2380131,42966
7/1/20,GA,A,2827,,22,,11275,11275,1570,224,2357,,770801,18214,,,,,,84237,84237,2946,0,8556,,,,76665,,,0,855625,21892,157971,,,,,0,855625,21892
7/1/20,GU,B,5,,0,,,,0,0,,,13517,461,,,13152,,,267,259,8,0,2,,,,259,179,,0,13784,469,128,,,,,0,13411,370
7/1/20,HI,D,18,,0,,113,113,,2,,,78141,1298,,,,,,917,,17,0,,,,,878,736,91692,1454,91692,1454,,,,,79058,1315,92225,1648
7/1/20,IA,A+,717,,2,,,,149,0,,37,280339,5158,,30496,,,21,29451,29451,444,0,,,2315,,,23607,,0,309790,5602,,,32844,,310218,5610,,0
7/1/20,ID,A,92,72,1,20,330,330,75,8,116,18,84923,1372,,,,,,6117,5553,365,0,,,,,,4233,,0,90476,1713,,,,,90476,1713,,0
7/1/20,IL,A,7152,6951,28,201,,,1511,0,,384,1492042,32262,,,,,189,145066,144013,828,0,,,,,,,,0,1637108,33090,,,,,,0,1636055,33090
7/1/20,IN,A+,2650,2456,10,194,7095,7095,668,30,1483,232,443764,5162,,,,,103,45952,,358,0,,,,,48446,35025,,0,628495,12042,,,,,489716,5520,628495,12042
7/1/20,KS,A,272,,2,,1152,1152,,0,367,,168183,5901,,,,152,,14990,,547,0,,,,,,834,,0,183173,6448,,,,,182797,6449,,0
7/1/20,KY,B,572,568,7,4,2635,2635,427,14,1007,73,361248,5938,,,,,,15842,15286,218,0,,,,,,4052,,0,376534,6134,34683,,,,,0,376534,6134
7/1/20,LA,B,3238,3130,17,108,,,799,0,,,691910,21494,,,,,84,60178,60178,2083,0,,,,,,43026,,0,752088,23577,,,,,,0,752088,23577
7/1/20,MA,A+,8081,7902,27,179,11352,11352,760,15,,123,749292,10033,,,,,65,109143,103858,261,0,,,,,137915,93157,,0,1118078,14528,,,72752,,853150,10190,1118078,14528
7/1/20,MD,A,3205,3077,15,128,10902,10902,461,58,,154,474686,6390,,,,,,67918,67918,359,0,,,,,79129,5001,,0,656590,9571,,,,,542604,6749,656590,9571
7/1/20,ME,A,105,104,0,1,351,351,29,3,,8,93947,2248,7149,,92770,,3,3294,2922,41,0,338,,,,3962,2671,,0,97241,2289,7496,,,,,0,96869,2277
7/1/20,MI,A+,6198,5951,5,247,,,471,0,,179,990770,16441,,,990770,,103,71089,64132,361,0,,,,,88219,51099,,0,1061859,16802,162911,,,,,0,1078989,16873
7/1/20,MN,A,1482,1445,6,37,4081,4081,260,27,1258,125,580391,11378,,,,,,36716,36716,413,0,,,,,,31947,617107,11791,617107,11791,,,,,,0,,0
7/1/20,MO,B,1017,,2,,,,592,0,,,367813,16357,,41961,399926,,75,21927,21927,376,0,,,1568,,23527,,,0,424214,0,,,43529,,389740,16733,424214,0
7/1/20,MP,D,2,,0,,,,,0,,,8187,0,,,,,,30,30,0,0,,,,,,19,,0,8217,0,,,,,,0,8217,0
7/1/20,MS,A,1082,1064,9,18,3177,3177,786,21,,160,265852,5553,,,,,85,27900,27710,653,0,95,,,,,19388,,0,293752,6206,12038,,,,,0,293562,6016
7/1/20,MT,C,22,,0,,105,105,14,4,,,92314,2420,,,,,,1016,1016,49,0,,,,,,658,,0,93330,2469,,,,,,0,93330,2469
7/1/20,NC,A,1373,1373,30,,,,901,0,,,875725,30362,,,,,,66513,66513,1843,0,,,,,,45538,,0,942238,32205,,,,,,0,942238,32205
7/1/20,ND,D,89,,1,,234,234,20,3,,,103611,1065,4790,,,,,3611,3611,39,0,186,,,,,3210,180927,2459,180927,2459,4976,,,,104898,1108,184779,2505
7/1/20,NE,B,274,,5,,1330,1330,120,0,,,161431,2316,,,200223,,,19177,19177,135,0,,,,,23439,13737,,0,224300,3117,,,,,180826,2458,224300,3117
7/1/20,NH,B,371,,4,,565,565,37,0,162,,113387,849,,,,,,5782,5782,22,0,,,,,,4463,,0,152928,1534,22264,,19264,,119169,871,152928,1534
7/1/20,NJ,A+,14987,13224,43,1763,20054,20054,1080,207,,217,1271009,20302,,,,,178,171928,171928,261,0,,,,,,30300,,0,1442937,20563,,,,,,0,1442937,20563
7/1/20,NM,B,500,,3,,1928,1928,127,26,,,337784,5750,,,,,,12276,12276,129,0,,,,,,5514,,0,350060,5879,,,,,,0,350060,5879
7/1/20,NV,A+,511,,4,,,,630,0,,142,264995,5883,,,,,74,19101,19101,645,0,,,,,,,361694,12485,361694,12485,,,,,282805,6827,331318,8374
7/1/20,NY,A,24866,,11,,89995,89995,879,0,,226,3577569,56085,,,,,139,394079,394079,625,0,,,,,,70590,3971648,56710,3971648,56710,,,,,,0,,0
7/1/20,OH,B,2876,2626,13,250,7911,7911,724,72,2008,244,739140,3000,,,,,116,52865,49263,1076,0,,,,,,,,0,792005,4076,,,,,,0,788403,4041
7/1/20,OK,A+,389,,2,,1553,1553,374,33,,159,332201,4361,,,332201,,,14112,14112,355,0,1171,,,,15387,10605,,0,346313,4716,34490,,,,,0,348350,4727
7/1/20,OR,A+,208,,1,,1055,1055,192,17,,62,234429,5451,,,354547,,24,8931,8525,275,0,,,,,18779,2722,,0,373326,9624,,,,,242954,5711,373326,9624
7/1/20,PA,A+,6649,,0,,,,632,0,,,689562,11981,,,,,111,87242,84751,636,0,,,,,,68048,,0,776804,12617,,,,,774313,12602,,0
7/1/20,PR,C,153,59,0,94,,,121,0,,7,192686,0,,,191601,,3,1729,1729,36,0,5808,,,,2627,,,0,194415,36,,,,,,0,194324,0
7/1/20,RI,A+,956,,6,,2007,2007,69,6,,11,139063,1891,,,231451,,11,16976,16976,65,0,,,,,24284,1638,257151,1997,257151,1997,,,,,156039,1956,255735,4099
7/1/20,SC,A,766,759,27,7,2854,2854,1160,0,,,351953,7780,36717,,341321,,,37919,37809,1520,0,1815,,,,48441,15471,,0,389872,9300,38532,,,,,0,389762,9292
7/1/20,SD,B,93,,2,,674,674,65,8,,,74117,793,,,,,,6826,,62,0,,,,,,5933,,0,80943,855,,,,,80943,855,,0
7/1/20,TN,B,609,583,5,26,2715,2715,955,50,,,772571,22953,,,764905,,,45315,44951,1806,0,,,,,52617,28283,,0,817886,24759,,,,,,0,817522,24743
7/1/20,TX,B,2481,,57,,,,6904,0,,,2345315,86936,,,,,,168062,168062,8076,0,7234,2488,,,290850,87556,,0,2513377,95012,197088,12058,,,,0,2513377,95012
7/1/20,UT,A+,173,,1,,1476,1476,261,32,423,84,335013,4768,,,393213,187,,22716,22716,499,0,,42,,39,26186,12707,,0,419399,6711,,204,,177,358654,5345,419399,6711
7/1/20,VA,A+,1786,1681,23,105,6262,6262,892,59,,205,595430,13183,,,,,95,63203,60528,416,0,,,,,75141,8131,671918,16514,671918,16514,,,,,,0,,0
7/1/20,VI,C,6,6,0,,,,,0,,,2876,57,,,,,,90,,6,0,,,,,,73,,0,2966,63,,,,,,0,2972,65
7/1/20,VT,B,56,56,0,,,,17,0,,,63258,522,,,,,,1212,1212,2,0,,,,,,961,,0,78000,971,,,,,64470,524,78000,971
7/1/20,WA,B,1332,1332,12,,4361,4361,427,38,,,658612,15270,,,,,50,35669,35664,989,0,,,,,,,695932,16148,695932,16148,,,,,557275,9055,,0
7/1/20,WI,A+,793,786,9,7,3482,3482,237,36,757,77,551607,12068,,,,,,32225,29199,563,0,,,,,,23089,711741,13743,711741,13743,,,,,580806,12608,,0
7/1/20,WV,B,93,,0,,,,23,0,,5,170420,1561,,,,,3,2932,2831,27,0,,,,,,2284,,0,173352,1588,9918,,,,,0,173251,1588
7/1/20,WY,B,20,,0,,117,117,9,0,,,32185,0,,,50091,,,1514,1203,27,0,,,,,1426,1119,,0,51517,1230,,,,,33369,0,51517,1230
6/30/20,AK,A,14,14,0,,68,68,18,0,,,111241,3440,,,,,1,944,,36,0,,,,,,526,,0,112185,3476,,,,,,0,112185,3476
6/30/20,AL,B,950,926,21,24,2769,2769,775,44,806,,368607,12489,,,,458,,38045,37536,870,0,,,,,,18866,,0,406143,13343,,,,,406143,13343,,0
6/30/20,AR,A,270,,5,,1413,1413,290,33,,,290426,8147,,,,220,67,20777,20777,520,0,,,,,,14531,,0,311203,8667,,,,,,0,311203,8667
6/30/20,AS,C,0,,0,,,,,0,,,696,0,,,,,,0,0,0,0,,,,,,,,0,696,0,,,,,,0,696,0
6/30/20,AZ,A+,1632,1529,44,103,4736,4736,2793,102,,683,453141,16251,,,,,455,79215,78781,4682,0,,,,,,9411,,0,759832,26633,169911,,,,531922,20913,759832,26633
6/30/20,CA,B,5980,,44,,,,6466,0,,1751,3938407,95967,,,,,,228732,228732,9480,0,,,,,,,,0,4167139,105447,,,,,,0,4167139,105447
6/30/20,CO,A,1690,1355,8,335,5489,5489,237,47,,,294788,3442,98921,,,,,32715,29844,204,0,6940,,,,,4502,394616,5803,394616,5803,105861,,,,324632,3635,,0
6/30/20,CT,B,4322,3453,2,869,10268,10268,98,0,,,431844,11384,,,,,,46514,44534,152,0,,,,,,8053,,0,478358,11536,,,,,,0,464414,21416
6/30/20,DC,A+,551,,0,,,,126,0,,33,86968,1900,,,,,22,10327,,35,0,,,,,,1270,97295,1935,97295,1935,,,,,76112,1537,,0
6/30/20,DE,A+,509,451,2,58,,,64,0,,13,99407,852,,,,,,11474,10430,98,0,,,,,14278,6667,143661,3435,143661,3435,,,,,110881,950,,0
6/30/20,FL,A,3604,3604,58,,14879,14879,,228,,,1792561,26159,,226699,2136944,,,149889,,6027,0,,,9575,,195894,,2121648,39427,2121648,39427,,,236304,,1946510,32359,2337165,37735
6/30/20,GA,A,2805,,21,,11051,11051,1459,227,2323,,752587,8887,,,,,,81291,81291,1874,0,8547,,,,74214,,,0,833733,11092,157623,,,,,0,833733,11092
6/30/20,GU,B,5,,0,,,,0,0,,,13056,397,,,12792,,,259,251,4,0,2,,,,249,179,,0,13315,401,128,,,,,0,13041,200
6/30/20,HI,D,18,,0,,111,111,,0,,,76843,587,,,,,,900,,1,0,,,,,860,722,90238,880,90238,880,,,,,77743,588,90577,711
6/30/20,IA,A+,715,,7,,,,133,0,,34,275181,3118,,30308,,,20,29007,29007,225,0,,,2303,,,23212,,0,304188,3343,,,32644,,304608,3345,,0
6/30/20,ID,A,91,71,0,20,322,322,60,10,114,18,83551,2525,,,,,,5752,5212,433,0,,,,,,4073,,0,88763,2947,,,,,88763,2947,,0
6/30/20,IL,A,7124,6923,21,201,,,1560,0,,401,1459780,30345,,,,,185,144238,143185,724,0,,,,,,,,0,1604018,31069,,,,,,0,1602965,31069
6/30/20,IN,A+,2640,2448,16,192,7065,7065,695,41,1477,272,438602,7311,,,,,97,45594,,366,0,,,,,47831,34646,,0,616453,13264,,,,,484196,7677,616453,13264
6/30/20,KS,A,270,,0,,1152,1152,,0,360,,162282,0,,,,152,,14443,,0,0,,,,,,794,,0,176725,0,,,,,176348,0,,0
6/30/20,KY,B,565,561,5,4,2621,2621,408,19,1019,75,355310,9216,,,,,,15624,15090,277,0,,,,,,3990,,0,370400,9471,34381,,,,,0,370400,9471
6/30/20,LA,B,3221,3113,22,108,,,781,0,,,670416,22860,,,,,83,58095,58095,1014,0,,,,,,42225,,0,728511,23874,,,,,,0,728511,23874
6/30/20,MA,A+,8054,7874,-41,180,11337,11337,733,-8,,120,739259,5740,,,,,63,108882,103701,114,0,,,,,137597,93157,,0,1103550,16112,,,71686,,842960,5813,1103550,16112
6/30/20,MD,A,3190,3062,15,128,10844,10844,452,22,,152,468296,6237,,,,,,67559,67559,305,0,,,,,78682,4982,,0,647019,8682,,,,,535855,6542,647019,8682
6/30/20,ME,A,105,104,0,1,348,348,29,1,,9,91699,1395,7106,,90532,,4,3253,2893,34,0,332,,,,3924,2646,,0,94952,1429,7447,,,,,0,94592,1450
6/30/20,MI,A+,6193,5947,32,246,,,471,0,,179,974329,15177,,,974329,,98,70728,63870,505,0,,,,,87787,51099,,0,1045057,15682,160431,,,,,0,1062116,15571
6/30/20,MN,A,1476,1441,6,35,4054,4054,270,23,1258,136,569013,11919,,,,,,36303,36303,442,0,,,,,,31601,605316,12361,605316,12361,,,,,,0,,0
6/30/20,MO,B,1015,,17,,,,599,0,,,351456,5093,,41436,399926,,66,21551,21551,508,0,,,1548,,23527,,,0,424214,0,,,42984,,373007,5601,424214,0
6/30/20,MP,D,2,,0,,,,,0,,,8187,0,,,,,,30,30,0,0,,,,,,19,,0,8217,0,,,,,,0,8217,0
6/30/20,MS,A,1073,1056,14,17,3156,3156,779,41,,167,260299,3344,,,,,91,27247,27067,680,0,95,,,,,19388,,0,287546,4024,11965,,,,,0,287546,4191
6/30/20,MT,C,22,,0,,101,101,12,1,,,89894,2070,,,,,,967,967,48,0,,,,,,642,,0,90861,2118,,,,,,0,90861,2118
6/30/20,NC,A,1343,1343,18,,,,908,0,,,845363,22542,,,,,,64670,64670,1186,0,,,,,,45538,,0,910033,23728,,,,,,0,910033,23728
6/30/20,ND,D,88,,0,,231,231,25,4,,,102546,394,4747,,,,,3572,3572,38,0,183,,,,,3195,178468,1693,178468,1693,4930,,,,103790,668,182274,1710
6/30/20,NE,B,269,,2,,1330,1330,121,14,,,159115,2742,,,197285,,,19042,19042,143,0,,,,,23261,13547,,0,221183,3951,,,,,178368,2884,221183,3951
6/30/20,NH,B,367,,0,,565,565,34,0,162,,112538,0,,,,,,5760,5760,0,0,,,,,,4435,,0,151394,1995,21950,,19051,,118298,0,151394,1995
6/30/20,NJ,A+,14944,13181,43,1763,19847,19847,992,0,,211,1250707,17995,,,,,174,171667,171667,395,0,,,,,,30213,,0,1422374,18390,,,,,,0,1422374,18390
6/30/20,NM,B,497,,4,,1902,1902,127,26,,,332034,6296,,,,,,12147,12147,165,0,,,,,,5393,,0,344181,6461,,,,,,0,344181,6461
6/30/20,NV,A+,507,,3,,,,593,0,,134,259112,3989,,,,,65,18456,18456,562,0,,,,,,,349209,9795,349209,9795,,,,,275978,4581,322944,8556
6/30/20,NY,A,24855,,13,,89995,89995,891,0,,217,3521484,51501,,,,,137,393454,393454,524,0,,,,,,70487,3914938,52025,3914938,52025,,,,,,0,,0
6/30/20,OH,B,2863,2615,45,248,7839,7839,722,93,1994,242,736140,12804,,,,,115,51789,48222,743,0,,,,,,,,0,787929,13547,,,,,,0,784362,13502
6/30/20,OK,A+,387,,2,,1520,1520,315,31,,111,327840,14819,,,327840,,,13757,13757,585,0,1171,,,,15029,10085,,0,341597,15404,34490,,,,,0,343623,15940
6/30/20,OR,A+,207,,3,,1038,1038,149,13,,42,228978,2330,,,345317,,25,8656,8265,171,0,,,,,18385,2722,,0,363702,4039,,,,,237243,2474,363702,4039
6/30/20,PA,A+,6649,,35,,,,634,0,,,677581,10680,,,,,110,86606,84130,618,0,,,,,,67552,,0,764187,11298,,,,,761711,11281,,0
6/30/20,PR,C,153,59,0,94,,,102,0,,9,192686,0,,,191601,,2,1693,1693,55,0,5772,,,,2627,,,0,194379,55,,,,,,0,194324,0
6/30/20,RI,A+,950,,4,,2001,2001,74,6,,13,137172,974,,,227493,,13,16911,16911,40,0,,,,,24143,1631,255154,3756,255154,3756,,,,,154083,1014,251636,1940
6/30/20,SC,A,739,735,19,4,2854,2854,1021,232,,,344173,9512,36224,,334069,,,36399,36297,1755,0,1796,,,,46401,15471,,0,380572,11267,38020,,,,,0,380470,11263
6/30/20,SD,B,91,,0,,666,666,62,9,,,73324,583,,,,,,6764,,48,0,,,,,,5872,,0,80088,631,,,,,80088,631,,0
6/30/20,TN,B,604,578,12,26,2665,2665,886,66,,,749618,14709,,,742366,,,43509,43161,1212,0,,,,,50413,27599,,0,793127,15921,,,,,,0,792779,15921
6/30/20,TX,B,2424,,21,,,,6533,0,,,2258379,84110,,,,,,159986,159986,6975,0,7116,2219,,,272296,84818,,0,2418365,91085,192657,11113,,,,0,2418365,91085
6/30/20,UT,A+,172,,4,,1444,1444,250,27,406,83,330245,5180,,,387132,178,,22217,22217,553,0,,33,,31,25556,12398,,0,412688,7237,,163,,142,353309,5897,412688,7237
6/30/20,VA,A+,1763,1658,23,105,6203,6203,902,39,,230,582247,8064,,,,,98,62787,60124,598,0,,,,,74344,8080,655404,9645,655404,9645,,,,,,0,,0
6/30/20,VI,C,6,6,0,,,,,0,,,2819,73,,,,,,84,,3,0,,,,,,73,,0,2903,76,,,,,,0,2907,49
6/30/20,VT,B,56,56,0,,,,16,0,,,62736,766,,,,,,1210,1210,0,0,,,,,,953,,0,77029,1054,,,,,63946,766,77029,1054
6/30/20,WA,B,1320,1320,10,,4323,4323,395,48,,,643342,16827,,,,,50,34680,34675,266,0,,,,,,,679784,17729,679784,17729,,,,,548220,13777,,0
6/30/20,WI,A+,784,777,0,7,3446,3446,242,39,750,79,539539,12180,,,,,,31662,28659,629,0,,,,,,22587,697998,10772,697998,10772,,,,,568198,12781,,0
6/30/20,WV,B,93,,0,,,,27,0,,10,168859,2074,,,,,3,2905,2804,35,0,,,,,,2272,,0,171764,2109,9777,,,,,0,171663,2107
6/30/20,WY,B,20,,0,,117,117,6,5,,,32185,1779,,,48890,,,1487,1184,37,0,,,,,1397,1097,,0,50287,1620,,,,,33369,1884,50287,1620
6/29/20,AK,A,14,14,0,,68,68,16,0,,,107801,388,,,,,1,908,,21,0,,,,,,525,,0,108709,409,,,,,,0,108709,409
6/29/20,AL,B,929,905,10,24,2725,2725,726,22,801,,356118,5279,,,,457,,37175,36682,1734,0,,,,,,18866,,0,392800,6997,,,,,392800,6997,,0
6/29/20,AR,A,265,,6,,1380,1380,300,7,,,282279,10367,,,,211,63,20257,20257,947,0,,,,,,14066,,0,302536,11314,,,,,,0,302536,11314
6/29/20,AS,C,0,,0,,,,,0,,,696,0,,,,,,0,0,0,0,,,,,,,,0,696,0,,,,,,0,696,0
6/29/20,AZ,A+,1588,1488,0,100,4634,4634,2721,17,,679,436890,902,,,,,465,74533,74119,625,0,,,,,,9179,,0,733199,9565,166748,,,,511009,1524,733199,9565
6/29/20,CA,B,5936,,31,,,,6179,0,,1686,3842440,97731,,,,,,219252,219252,8009,0,,,,,,,,0,4061692,105740,,,,,,0,4061692,105740
6/29/20,CO,A,1682,1350,6,332,5442,5442,271,41,,,291346,4088,98921,,,,,32511,29651,204,0,6940,,,,,4479,388813,5462,388813,5462,105861,,,,320997,4263,,0
6/29/20,CT,B,4320,3451,4,869,10268,10268,99,0,,,420460,21403,,,,,,46362,44384,59,0,,,,,,8053,,0,466822,21462,,,,,,0,442998,6354
6/29/20,DC,A+,551,,1,,,,121,0,,34,85068,2184,,,,,23,10292,,44,0,,,,,,1200,95360,2228,95360,2228,,,,,74575,1792,,0
6/29/20,DE,A+,507,449,0,58,,,72,0,,15,98555,3435,,,,,,11376,10306,150,0,,,,,14070,6665,140226,4839,140226,4839,,,,,109931,3585,,0
6/29/20,FL,A,3546,3546,28,,14651,14651,,111,,,1766402,25580,,226699,2106109,,,143862,,5363,0,,,9575,,189183,,2082221,37707,2082221,37707,,,236304,,1914151,30907,2299430,43116
6/29/20,GA,A,2784,,6,,10824,10824,1359,113,2289,,743700,13972,,,,,,79417,79417,2207,0,8529,,,,73044,,,0,822641,16179,157375,,,,,0,822641,16179
6/29/20,GU,B,5,,0,,,,0,0,,,12659,529,,,12596,,,255,247,7,0,2,,,,245,179,,0,12914,536,128,,,,,0,12841,1318
6/29/20,HI,D,18,,0,,111,111,,1,,,76256,1650,,,,,,899,,27,0,,,,,859,719,89358,1901,89358,1901,,,,,77155,1677,89866,1984
6/29/20,IA,A+,708,,3,,,,119,0,,35,272063,4637,,29858,,,18,28782,28782,293,0,,,2282,,,17851,,0,300845,4930,,,32172,,301263,4928,,0
6/29/20,ID,A,91,71,0,20,312,312,50,0,111,17,81026,0,,,,,,5319,4790,0,0,,,,,,3898,,0,85816,0,,,,,85816,0,,0
6/29/20,IL,A,7103,6902,14,201,,,1501,0,,372,1429435,26180,,,,,187,143514,142461,738,0,,,,,,,,0,1572949,26918,,,,,,0,1571896,26918
6/29/20,IN,A+,2624,2432,5,192,7024,7024,626,21,1469,265,431291,5686,,,,,85,45228,,298,0,,,,,47156,34348,,0,603189,3768,,,,,476519,5984,603189,3768
6/29/20,KS,A,270,,6,,1152,1152,,24,360,,162282,7961,,,,152,,14443,,905,0,,,,,,794,,0,176725,8866,,,,,176348,8800,,0
6/29/20,KY,B,560,557,2,3,2602,2602,381,12,999,69,346094,2835,,,,,,15347,14835,115,0,,,,,,3939,,0,360929,3001,33844,,,,,0,360929,3001
6/29/20,LA,B,3199,3091,0,108,,,737,0,,,647556,7681,,,,,79,57081,57081,845,0,,,,,,42225,,0,704637,8526,,,,,,0,704637,8526
6/29/20,MA,A+,8095,7895,35,200,11345,11345,762,26,,138,733519,6392,,,,,79,108768,103628,101,0,,,,,137252,93157,,0,1087438,16112,,,70768,,837147,6481,1087438,16112
6/29/20,MD,A,3175,3048,7,127,10822,10822,447,29,,160,462059,9363,,,,,,67254,67254,477,0,,,,,78273,4979,,0,638337,12536,,,,,529313,9840,638337,12536
6/29/20,ME,A,105,104,1,1,347,347,31,1,,8,90304,0,7023,,89123,,4,3219,2863,28,0,327,,,,3884,2623,,0,93523,28,7359,,,,,0,93142,0
6/29/20,MI,A+,6161,5915,3,246,,,557,0,,193,959152,12419,,,959152,,106,70223,63497,277,0,,,,,87393,51099,,0,1029375,12696,158486,,,,,0,1046545,12725
6/29/20,MN,A,1470,1435,10,35,4031,4031,278,21,1249,140,557094,7226,,,,,,35861,35861,312,0,,,,,,31225,592955,7538,592955,7538,,,,,,0,,0
6/29/20,MO,B,998,,1,,,,599,0,,,346363,5765,,40851,399926,,,21043,21043,468,0,,,1537,,23527,,,0,424214,0,,,42388,,367406,6233,424214,0
6/29/20,MP,D,2,,0,,,,,0,,,8187,0,,,,,,30,30,0,0,,,,,,19,,0,8217,0,,,,,,0,8217,0
6/29/20,MS,A,1059,1042,20,17,3115,3115,719,13,,158,256955,2659,,,,,93,26567,26400,675,0,95,,,,,19388,,0,283522,3334,11922,,,,,0,283355,3335
6/29/20,MT,C,22,,0,,100,100,13,3,,,87824,6213,,,,,,919,919,56,0,,,,,,609,,0,88743,6269,,,,,,0,88743,6269
6/29/20,NC,A,1325,1325,3,,,,843,0,,,822821,13058,,,,,,63484,63484,1342,0,,,,,,45538,,0,886305,14400,,,,,,0,886305,14400
6/29/20,ND,D,88,,0,,227,227,25,1,,,102152,1722,4702,,,,,3534,3534,46,0,180,,,,,3163,176775,3292,176775,3292,4882,,,,103122,1703,180564,3364
6/29/20,NE,B,267,,0,,1316,1316,117,1,,,156373,2350,,,193600,,,18899,18899,124,0,,,,,23011,13322,,0,217232,2936,,,,,175484,2475,217232,2936
6/29/20,NH,B,367,,0,,565,565,34,3,162,,112538,2146,,,,,,5760,5760,43,0,,,,,,4435,,0,149399,2117,21684,,19051,,118298,2189,149399,2117
6/29/20,NJ,A+,14901,13138,19,1763,19847,19847,978,6,,225,1232712,16061,,,,,185,171272,171272,90,0,,,,,,30163,,0,1403984,16151,,,,,,0,1403984,16151
6/29/20,NM,B,493,,1,,1876,1876,119,11,,,325738,6499,,,,,,11982,11982,173,0,,,,,,5296,,0,337720,6672,,,,,,0,337720,6672
6/29/20,NV,A+,504,,4,,,,555,0,,124,255123,4703,,,,,65,17894,17894,734,0,,,,,,,339414,2719,339414,2719,,,,,271397,5459,314388,7257
6/29/20,NY,A,24842,,7,,89995,89995,853,0,,216,3469983,46037,,,,,136,392930,392930,391,0,,,,,,70435,3862913,46428,3862913,46428,,,,,,0,,0
6/29/20,OH,B,2818,2575,11,243,7746,7746,669,65,1961,245,723336,16880,,,,,115,51046,47524,737,0,,,,,,,,0,774382,17617,,,,,,0,770860,17614
6/29/20,OK,A+,385,,0,,1489,1489,329,33,,134,313021,0,,,313021,,,13172,13172,228,0,1171,,,,13941,9587,,0,326193,228,34490,,,,,0,327683,0
6/29/20,OR,A+,204,,2,,1025,1025,151,3,,44,226648,7119,,,341441,,25,8485,8121,144,0,,,,,18222,2700,,0,359663,5744,,,,,234769,18425,359663,5744
6/29/20,PA,A+,6614,,35,,,,635,0,,,666901,9415,,,,,111,85988,83529,492,0,,,,,,67070,,0,752889,9907,,,,,750430,33763,,0
6/29/20,PR,C,153,59,0,94,,,104,0,,8,192686,79406,,,191601,,1,1638,1638,14,0,5612,,,,2627,,,0,194324,79420,,,,,,0,194324,79601
6/29/20,RI,A+,946,,19,,1995,1995,73,11,,15,136198,1320,,,225612,,14,16871,16871,36,0,,,,,24084,1627,251398,1486,251398,1486,,,,,153069,1356,249696,3706
6/29/20,SC,A,720,717,4,3,2622,2622,1032,0,,,334661,8179,35882,,324966,,,34644,34546,1324,0,1772,,,,44241,13456,,0,369305,9503,37654,,,,,0,369207,9504
6/29/20,SD,B,91,,0,,657,657,70,5,,,72741,529,,,,,,6716,,35,0,,,,,,5818,,0,79457,564,,,,,79457,564,,0
6/29/20,TN,B,592,568,8,24,2599,2599,839,35,,,734909,26528,,,727985,,,42297,41949,2125,0,,,,,48873,26962,,0,777206,28653,,,,,,0,776858,28629
6/29/20,TX,B,2403,,10,,,,5913,0,,,2174269,26258,,,,,,153011,153011,4288,0,6973,2000,,,254258,81335,,0,2327280,30546,187535,10346,,,,0,2327280,30546
6/29/20,UT,A+,168,,1,,1417,1417,254,21,394,80,325065,5176,,,380698,170,,21664,21664,564,0,,29,,28,24753,12205,,0,405451,6810,,159,,139,347412,5672,405451,6810
6/29/20,VA,A+,1740,1635,8,105,6164,6164,796,28,,225,574183,7591,,,,,101,62189,59522,453,0,,,,,73788,8023,645759,9045,645759,9045,,,,,,0,,0
6/29/20,VI,C,6,6,0,,,,,0,,,2746,0,,,,,,81,,0,0,,,,,,71,,0,2827,0,,,,,,0,2858,0
6/29/20,VT,B,56,56,0,,,,13,0,,,61970,1091,,,,,,1210,1210,6,0,,,,,,949,,0,75975,1439,,,,,63180,1097,75975,1439
6/29/20,WA,B,1310,1310,0,,4275,4275,387,35,,,626515,16632,,,,,52,34414,34409,493,0,,,,,,,662055,17616,662055,17616,,,,,534443,8641,,0
6/29/20,WI,A+,784,777,7,7,3407,3407,236,14,747,90,527359,5612,,,,,,31033,28058,326,0,,,,,,22217,687226,13191,687226,13191,,,,,555417,5927,,0
6/29/20,WV,B,93,,0,,,,28,0,,5,166785,3094,,,,,3,2870,2771,53,0,,,,,,2196,,0,169655,3147,9637,,,,,0,169556,3142
6/29/20,WY,B,20,,0,,112,112,7,0,,,30406,0,,,47299,,,1450,1151,33,0,,,,,1368,1070,,0,48667,1981,,,,,31485,0,48667,1981
6/28/20,AK,A,14,14,0,,68,68,12,1,,,107413,2690,,,,,1,887,,29,0,,,,,,521,,0,108300,2719,,,,,,0,108300,2719
6/28/20,AL,B,919,898,0,21,2703,2703,650,6,790,,350839,1896,,,,454,,35441,34964,358,0,,,,,,18866,,0,385803,1777,,,,,385803,1777,,0
6/28/20,AR,A,259,,10,,1373,1373,278,36,,,271912,6687,,,,210,63,19310,19310,570,0,,,,,,13270,,0,291222,7257,,,,,,0,291222,7257
6/28/20,AS,C,0,,0,,,,,0,,,696,0,,,,,,0,0,0,0,,,,,,,,0,696,0,,,,,,0,696,0
6/28/20,AZ,A+,1588,1488,9,100,4617,4617,2691,22,,666,435988,11292,,,,,475,73908,73497,3857,0,,,,,,8926,,0,723634,13808,164333,,,,509485,15148,723634,13808
6/28/20,CA,B,5905,,33,,,,5956,0,,1602,3744709,88832,,,,,,211243,211243,4810,0,,,,,,,,0,3955952,93642,,,,,,0,3955952,93642
6/28/20,CO,A,1676,1344,2,332,5401,5401,234,2,,,287258,5569,97025,,,,,32307,29476,285,0,6858,,,,,4459,383351,7655,383351,7655,103883,,,,316734,5851,,0
6/28/20,CT,B,4316,3448,5,868,10268,10268,103,0,,,399057,6233,,,,,,46303,44324,97,0,,,,,,8053,,0,445360,6330,,,,,,0,436644,9077
6/28/20,DC,A+,550,,2,,,,126,0,,34,82884,3829,,,,,27,10248,,32,0,,,,,,1199,93132,3861,93132,3861,,,,,72783,3084,,0
6/28/20,DE,A+,507,449,0,58,,,78,0,,14,95120,1949,,,,,,11226,10162,135,0,,,,,13893,6665,135387,3119,135387,3119,,,,,106346,2084,,0
6/28/20,FL,A,3518,3518,29,,14540,14540,,108,,,1740822,43842,,226699,2070179,,,138499,,8354,0,,,9575,,182100,,2044514,64790,2044514,64790,,,236304,,1883244,52453,2256314,69914
6/28/20,GA,A,2778,,2,,10711,10711,1236,22,2268,,729728,14900,,,,,,77210,77210,2225,0,8416,,,,70883,,,0,806462,17125,154116,,,,,0,806462,17125
6/28/20,GU,B,5,,0,,,,1,0,,,12130,227,,,11284,,,248,240,0,0,2,,,,239,179,,0,12378,227,125,,,,,0,11523,0
6/28/20,HI,D,18,,1,,110,110,,1,,,74606,1171,,,,,,872,,6,0,,,,,833,714,87457,1457,87457,1457,,,,,75478,1177,87882,1418
6/28/20,IA,A+,705,,1,,,,118,0,,36,267426,5686,,29607,,,18,28489,28489,477,0,,,2276,,,17620,,0,295915,6163,,,31915,,296335,6164,,0
6/28/20,ID,A,91,71,1,20,312,312,48,3,111,18,81026,2118,,,,,,5319,4790,171,0,,,,,,3898,,0,85816,2279,,,,,85816,2279,,0
6/28/20,IL,A,7089,6888,15,201,,,1464,0,,373,1403255,23143,,,,,193,142776,141723,646,0,,,,,,,,0,1546031,23789,,,,,,0,1544978,23789
6/28/20,IN,A+,2619,2427,3,192,7003,7003,617,21,1468,266,425605,7163,,,,,86,44930,,355,0,,,,,46926,33935,,0,599421,5424,,,,,470535,7518,599421,5424
6/28/20,KS,A,264,,0,,1128,1128,,0,356,,154321,0,,,,152,,13538,,0,0,,,,,,779,,0,167859,0,,,,,167548,0,,0
6/28/20,KY,B,558,555,5,3,2590,2590,386,1,996,68,343259,7364,,,,,,15232,14732,373,0,,,,,,3730,,0,357928,7632,33837,,,,,0,357928,7632
6/28/20,LA,B,3199,3086,9,113,,,715,0,,,639875,16638,,,,,76,56236,56236,1467,0,,,,,,39792,,0,696111,18105,,,,,,0,696111,18105
6/28/20,MA,A+,8060,7860,19,200,11319,11319,748,9,,134,727127,9228,,,,,81,108667,103539,224,0,,,,,136938,93157,,0,1071326,6248,,,70476,,830666,9391,1071326,6248
6/28/20,MD,A,3168,3042,11,126,10793,10793,446,42,,158,452696,5330,,,,,,66777,66777,327,0,,,,,77679,4976,,0,625801,7564,,,,,519473,5657,625801,7564
6/28/20,ME,A,104,103,0,1,346,346,31,1,,10,90304,1526,7023,,89123,,4,3191,2838,37,0,327,,,,3884,2577,,0,93495,1563,7359,,,,,0,93142,1555
6/28/20,MI,A+,6158,5912,5,246,,,557,0,,193,946733,15591,,,946733,,106,69946,63261,267,0,,,,,87087,51099,,0,1016679,15858,156996,,,,,0,1033820,15965
6/28/20,MN,A,1460,1425,8,35,4010,4010,288,24,1241,143,549868,15994,,,,,,35549,35549,516,0,,,,,,30809,585417,16510,585417,16510,,,,,,0,,0
6/28/20,MO,B,997,,1,,,,412,0,,,340598,5569,,39963,399926,,,20575,20575,314,0,,,1523,,23527,,,0,424214,0,,,41486,,361173,5883,424214,0
6/28/20,MP,D,2,,0,,,,,0,,,8187,0,,,,,,30,30,0,0,,,,,,19,,0,8217,0,,,,,,0,8217,0
6/28/20,MS,A,1039,1022,4,17,3102,3102,676,24,,149,254296,2506,,,,,88,25892,25724,361,0,95,,,,,17242,,0,280188,2867,11843,,,,,0,280020,2862
6/28/20,MT,C,22,,0,,97,97,11,2,,,81611,1216,,,,,,863,863,11,0,,,,,,604,,0,82474,1227,,,,,,0,82474,1227
6/28/20,NC,A,1322,1322,10,,,,890,0,,,809763,15169,,,,,,62142,62142,1605,0,,,,,,36921,,0,871905,16774,,,,,,0,871905,16774
6/28/20,ND,D,88,,1,,226,226,24,1,,,100430,1369,4699,,,,,3488,3488,35,0,179,,,,,3139,173483,3109,173483,3109,4878,,,,101419,1339,177200,3225
6/28/20,NE,B,267,,1,,1315,1315,123,3,,,154023,3949,,,190801,,,18775,18775,251,0,,,,,22877,13053,,0,214296,6371,,,,,173009,4209,214296,6371
6/28/20,NH,B,367,,2,,562,562,35,1,162,,110392,1295,,,,,,5717,5717,46,0,,,,,,4401,,0,147282,2358,21628,,18713,,116109,1341,147282,2358
6/28/20,NJ,A+,14882,13121,27,1761,19841,19841,1014,18,,223,1216651,20274,,,,,187,171182,171182,309,0,,,,,,30092,,0,1387833,20583,,,,,,0,1387833,20583
6/28/20,NM,B,492,,1,,1865,1865,114,14,,,319239,7899,,,,,,11809,11809,190,0,,,,,,5264,,0,331048,8089,,,,,,0,331048,8089
6/28/20,NV,A+,500,,0,,,,511,0,,122,250420,3733,,,,,59,17160,17160,821,0,,,,,,,336695,6417,336695,6417,,,,,265938,4271,307131,5316
6/28/20,NY,A,24835,,5,,89995,89995,869,0,,229,3423946,61290,,,,,167,392539,392539,616,0,,,,,,70010,3816485,61906,3816485,61906,,,,,,0,,0
6/28/20,OH,B,2807,2564,3,243,7681,7681,661,57,1946,182,706456,11072,,,,,101,50309,46790,854,0,,,,,,,,0,756765,11926,,,,,,0,753246,11893
6/28/20,OK,A+,385,,1,,1456,1456,329,16,,134,313021,0,,,313021,,,12944,12944,302,0,1171,,,,13941,9397,,0,325965,302,34490,,,,,0,327683,0
6/28/20,OR,A+,202,,0,,1022,1022,149,0,,53,219529,0,,,335952,,35,8341,7521,247,0,,,,,17967,2649,,0,353919,7083,,,,,216344,0,353919,7083
6/28/20,PA,A+,6579,,0,,,,648,0,,,657486,22775,,,,,121,85496,81956,1126,0,,,,,,66686,,0,742982,23901,,,,,716667,0,,0
6/28/20,PR,C,153,59,1,94,,,99,0,,8,113280,0,,,112331,,5,1624,1624,22,0,5565,,,,2326,,,0,114904,22,,,,,,0,114723,0
6/28/20,RI,A+,927,,0,,1984,1984,91,0,,16,134878,578,,,221992,,15,16835,16835,22,0,,,,,23998,1600,249912,3284,249912,3284,,,,,151713,600,245990,1472
6/28/20,SC,A,716,712,5,4,2622,2622,954,0,,,326482,7257,35645,,317085,,,33320,33221,1381,0,1752,,,,42618,13456,,0,359802,8638,37397,,,,,0,359703,8628
6/28/20,SD,B,91,,0,,652,652,75,7,,,72212,738,,,,,,6681,,55,0,,,,,,5752,,0,78893,793,,,,,78893,793,,0
6/28/20,TN,B,584,560,0,24,2564,2564,800,0,,,708381,0,,,701761,,,40172,39848,0,0,,,,,46468,26159,,0,748553,0,,,,,,0,748229,0
6/28/20,TX,B,2393,,27,,,,5497,0,,,2148011,43618,,,,,,148723,148723,5357,0,6940,1872,,,247586,79974,,0,2296734,48975,184398,9872,,,,0,2296734,48975
6/28/20,UT,A+,167,,0,,1396,1396,289,31,389,83,319889,5454,,,374419,167,,21100,21100,472,0,,28,,27,24222,11931,,0,398641,7442,,158,,138,341740,5892,398641,7442
6/28/20,VA,A+,1732,1628,8,104,6136,6136,818,16,,235,566592,9913,,,,,107,61736,59071,489,0,,,,,73198,8005,636714,10692,636714,10692,,,,,,0,,0
6/28/20,VI,C,6,6,0,,,,,0,,,2746,0,,,,,,81,,0,0,,,,,,71,,0,2827,0,,,,,,0,2858,0
6/28/20,VT,B,56,56,0,,,,15,0,,,60879,1167,,,,,,1204,1204,3,0,,,,,,946,,0,74536,1541,,,,,62083,1170,74536,1541
6/28/20,WA,B,1310,1310,6,,4240,4240,400,46,,,609883,4590,,,,,58,33921,33916,626,0,,,,,,,644439,4854,644439,4854,,,,,525802,11374,,0
6/28/20,WI,A+,777,777,0,,3393,3393,251,11,746,93,521747,6024,,,,,,30707,27743,480,0,,,,,,21953,674035,12922,674035,12922,,,,,549490,6481,,0
6/28/20,WV,B,93,,0,,,,32,0,,10,163691,1797,,,,,4,2817,2723,56,0,,,,,,2062,,0,166508,1853,9584,,,,,0,166414,1821
6/28/20,WY,B,20,,0,,112,112,5,1,,,30406,0,,,45354,,,1417,1121,25,0,,,,,1332,1057,,0,46686,209,,,,,31485,0,46686,209
6/27/20,AK,A,14,14,0,,67,67,11,0,,,104723,3770,,,,,1,858,,19,0,,,,,,521,,0,105581,3789,,,,,,0,105581,3789
6/27/20,AL,B,919,898,12,21,2697,2697,655,44,789,,348943,4803,,,,453,,35083,34605,900,0,,,,,,18866,,0,384026,6169,,,,,384026,6169,,0
6/27/20,AR,A,249,,9,,1337,1337,284,37,,,265225,5907,,,,206,63,18740,18740,678,0,,,,,,12784,,0,283965,6585,,,,,,0,283965,6585
6/27/20,AS,C,0,,0,,,,,0,,,696,0,,,,,,0,0,0,0,,,,,,,,0,696,0,,,,,,0,696,0
6/27/20,AZ,A+,1579,1479,44,100,4595,4595,2577,81,,657,424696,11421,,,,,433,70051,69641,3503,0,,,,,,8659,,0,709826,23684,162440,,,,494337,15007,709826,23684
6/27/20,CA,B,5872,,60,,,,5790,0,,1562,3655877,85024,,,,,,206433,206433,5972,0,,,,,,,,0,3862310,90996,,,,,,0,3862310,90996
6/27/20,CO,A,1674,1343,1,331,5399,5399,235,7,,,281689,5902,97025,,,,,32022,29194,226,0,6858,,,,,4442,375696,8521,375696,8521,103883,,,,310883,6124,,0
6/27/20,CT,B,4311,3443,4,868,10268,10268,106,0,,,392824,9059,,,,,,46206,44225,147,0,,,,,,8053,,0,439030,9206,,,,,,0,427567,12678
6/27/20,DC,A+,548,,2,,,,136,0,,43,79055,1117,,,,,26,10216,,31,0,,,,,,1194,89271,1148,89271,1148,,,,,69699,1031,,0
6/27/20,DE,A+,507,449,0,58,,,83,0,,15,93171,2088,,,,,,11091,10047,74,0,,,,,13798,6665,132268,4980,132268,4980,,,,,104262,2162,,0
6/27/20,FL,A,3489,3489,25,,14432,14432,,151,,,1696980,51055,,226699,2010839,,,130145,,9534,0,,,9575,,171768,,1979724,71204,1979724,71204,,,236304,,1830791,60710,2186400,79352
6/27/20,GA,A,2776,,6,,10689,10689,1178,84,2261,,714828,16795,,,,,,74985,74985,1990,0,8367,,,,68570,,,0,789337,18785,152220,,,,,0,789337,18785
6/27/20,GU,B,5,,0,,,,1,0,,,11903,259,,,11284,,,248,240,0,0,2,,,,239,179,,0,12151,259,125,,,,,0,11523,0
6/27/20,HI,D,17,,0,,109,109,,0,,,73435,1280,,,,,,866,,16,0,,,,,828,705,86000,1630,86000,1630,,,,,74301,1296,86464,1554
6/27/20,IA,A+,704,,0,,,,131,0,,40,261740,5783,,29466,,,22,28012,28012,326,0,,,2271,,,17467,,0,289752,6109,,,31769,,290171,6125,,0
6/27/20,ID,A,90,70,0,20,309,309,42,6,108,19,78908,1403,,,,,,5148,4629,283,0,,,,,,3827,,0,83537,1666,,,,,83537,1666,,0
6/27/20,IL,A,7074,6873,26,201,,,1516,0,,400,1380112,29451,,,,,225,142130,141077,786,0,,,,,,,,0,1522242,30237,,,,,,0,1521189,30237
6/27/20,IN,A+,2616,2424,21,192,6982,6982,595,38,1461,257,418442,8692,,,,,82,44575,,435,0,,,,,46660,33725,,0,593997,12788,,,,,463017,9127,593997,12788
6/27/20,KS,A,264,,0,,1128,1128,,0,356,,154321,0,,,,152,,13538,,0,0,,,,,,779,,0,167859,0,,,,,167548,0,,0
6/27/20,KY,B,553,550,0,3,2589,2589,387,0,996,74,335895,0,,,,,,14859,14401,0,0,,,,,,3730,,0,350296,0,33340,,,,,0,350296,0
6/27/20,LA,B,3190,3077,0,113,,,700,0,,,623237,0,,,,,73,54769,54769,0,0,,,,,,39792,,0,678006,0,,,,,,0,678006,0
6/27/20,MA,A+,8041,7841,28,200,11310,11310,769,19,,143,717899,11884,,,,,90,108443,103376,373,0,,,,,136818,93157,,0,1065078,7836,,,69826,,821275,12189,1065078,7836
6/27/20,MD,A,3157,3030,15,127,10751,10751,478,26,,181,447366,7084,,,,,,66450,66450,335,0,,,,,77264,4935,,0,618237,10414,,,,,513816,7419,618237,10414
6/27/20,ME,A,104,103,1,1,345,345,24,2,,7,88778,2026,6943,,87604,,5,3154,2809,52,0,320,,,,3848,2566,,0,91932,2078,7271,,,,,0,91587,2077
6/27/20,MI,A+,6153,5907,19,246,,,557,0,,193,931142,18765,,,931142,,106,69679,63009,350,0,,,,,86713,51099,,0,1000821,19115,154909,,,,,0,1017855,19365
6/27/20,MN,A,1452,1417,6,35,3986,3986,300,20,1233,155,533874,11212,,,,,,35033,35033,417,0,,,,,,30401,568907,11629,568907,11629,,,,,,0,,0
6/27/20,MO,B,996,,6,,,,680,0,,,335029,6325,,39980,399926,,66,20261,20261,347,0,,,1506,,23527,,,0,424214,0,,,41486,,355290,6672,424214,0
6/27/20,MP,D,2,,0,,,,,0,,,8187,0,,,,,,30,30,0,0,,,,,,19,,0,8217,0,,,,,,0,8217,0
6/27/20,MS,A,1035,1018,13,17,3078,3078,731,34,,169,251790,4962,,,,,90,25531,25368,465,0,95,,,,,17242,,0,277321,5427,11652,,,,,0,277158,5424
6/27/20,MT,C,22,,0,,95,95,9,0,,,80395,1063,,,,,,852,852,23,0,,,,,,604,,0,81247,1086,,,,,,0,81247,1086
6/27/20,NC,A,1312,1312,9,,,,888,0,,,794594,16687,,,,,,60537,60537,1719,0,,,,,,36921,,0,855131,18406,,,,,,0,855131,18406
6/27/20,ND,D,87,,0,,225,225,23,3,,,99061,1596,4685,,,,,3453,3453,37,0,184,,,,,3119,170374,4085,170374,4085,4869,,,,100080,1553,173975,4161
6/27/20,NE,B,266,,6,,1312,1312,125,18,,,150074,3418,,,184781,,,18524,18524,178,0,,,,,22547,12698,,0,207925,6228,,,,,168800,3605,207925,6228
6/27/20,NH,B,365,,0,,561,561,32,0,161,,109097,0,,,,,,5671,5671,0,0,,,,,,4381,,0,144924,2979,21336,,18518,,114768,0,144924,2979
6/27/20,NJ,A+,14855,13094,36,1761,19823,19823,1103,71,,236,1196377,20289,,,,,200,170873,170873,289,0,,,,,,29967,,0,1367250,20578,,,,,,0,1367250,20578
6/27/20,NM,B,491,,2,,1851,1851,122,23,,,311340,2110,,,,,,11619,11619,211,0,,,,,,5251,,0,322959,2321,,,,,,0,322959,2321
6/27/20,NV,A+,500,,2,,,,503,0,,117,246687,3265,,,,,66,16339,16339,479,0,,,,,,,330278,9806,330278,9806,,,,,261667,3736,301815,4180
6/27/20,NY,A,24830,,16,,89995,89995,908,0,,230,3362656,72559,,,,,167,391923,391923,703,0,,,,,,70010,3754579,73262,3754579,73262,,,,,,0,,0
6/27/20,OH,B,2804,2561,16,243,7624,7624,561,54,1916,190,695384,22470,,,,,106,49455,45969,817,0,,,,,,,,0,744839,23287,,,,,,0,741353,23267
6/27/20,OK,A+,384,,7,,1440,1440,329,47,,134,313021,14587,,,313021,,,12642,12642,299,0,1171,,,,13941,9155,,0,325663,14886,34490,,,,,0,327683,15229
6/27/20,OR,A+,202,,0,,1022,1022,149,0,,53,219529,10479,,,329189,,35,8094,7521,276,0,,,,,17647,2649,,0,346836,8023,,,,,216344,0,346836,8023
6/27/20,PA,A+,6579,,0,,,,651,0,,,634711,0,,,,,126,84370,81956,0,0,,,,,,65808,,0,719081,0,,,,,716667,0,,0
6/27/20,PR,C,152,58,1,94,,,105,0,,10,113280,0,,,112331,,5,1602,1602,19,0,5464,,,,2326,,,0,114882,19,,,,,,0,114723,0
6/27/20,RI,A+,927,,0,,1984,1984,91,0,,16,134300,1198,,,220557,,15,16813,16813,36,0,,,,,23961,1600,246628,2537,246628,2537,,,,,151113,1234,244518,3273
6/27/20,SC,A,711,707,17,4,2622,2622,908,0,,,319225,14889,34799,,310105,,,31939,31850,1604,0,1734,,,,40970,13456,,0,351164,16493,36533,,,,,0,351075,16877
6/27/20,SD,B,91,,3,,645,645,73,6,,,71474,994,,,,,,6626,,91,0,,,,,,5717,,0,78100,1085,,,,,78100,1085,,0
6/27/20,TN,B,584,560,7,24,2564,2564,705,66,,,708381,5793,,,701761,,,40172,39848,728,0,,,,,46468,26159,,0,748553,6521,,,,,,0,748229,6492
6/27/20,TX,B,2366,,42,,,,5523,0,,,2104393,80401,,,,,,143366,143366,5742,0,6918,1709,,,237339,78248,,0,2247759,86143,180835,9321,,,,0,2247759,86143
6/27/20,UT,A+,167,,1,,1365,1365,287,44,388,77,314435,5911,,,367463,166,,20628,20628,578,0,,26,,25,23736,11658,,0,391199,7760,,156,,136,335848,6550,391199,7760
6/27/20,VA,A+,1724,1620,24,104,6120,6120,819,49,,234,556679,10786,,,,,103,61247,58611,677,0,,,,,72567,7968,626022,10518,626022,10518,,,,,,0,,0
6/27/20,VI,C,6,6,0,,,,,0,,,2746,41,,,,,,81,,0,0,,,,,,71,,0,2827,41,,,,,,0,2858,60
6/27/20,VT,B,56,56,0,,,,14,0,,,59712,1118,,,,,,1201,1201,2,0,,,,,,946,,0,72995,1464,,,,,60913,1120,72995,1464
6/27/20,WA,B,1304,1304,4,,4194,4194,386,88,,,605293,8189,,,,,50,33295,33292,661,0,,,,,,,639585,8678,639585,8678,,,,,514428,8633,,0
6/27/20,WI,A+,777,777,11,,3382,3382,248,31,746,92,515723,8555,,,,,,30227,27286,559,0,,,,,,21606,661113,14722,661113,14722,,,,,543009,9094,,0
6/27/20,WV,B,93,,1,,,,33,0,,10,161894,2649,,,,,4,2761,2699,49,0,,,,,,2042,,0,164655,2698,9243,,,,,0,164593,2726
6/27/20,WY,B,20,,0,,111,111,5,-1,,,30406,0,,,45155,,,1392,1097,24,0,,,,,1322,1054,,0,46477,244,,,,,31485,0,46477,244
6/26/20,AK,A,14,14,2,,67,67,12,0,,,100953,2322,,,,,2,839,,18,0,,,,,,519,,0,101792,2340,,,,,,0,101792,2340
6/26/20,AL,B,907,887,11,20,2653,2653,668,41,772,,344140,7888,,,,450,,34183,33717,977,0,,,,,,18866,,0,377857,8852,,,,,377857,8852,,0
6/26/20,AR,A,240,,0,,1300,1300,284,55,,,259318,0,,,,203,61,18062,18740,0,0,,,,,,12127,,0,277380,0,,,,,,0,277380,0
6/26/20,AS,C,0,,0,,,,,0,,,696,0,,,,,,0,0,0,0,,,,,,,,0,696,0,,,,,,0,696,0
6/26/20,AZ,A+,1535,1435,45,100,4514,4514,2110,108,,581,413275,12109,,,,,312,66548,66055,3518,0,,,,,,8389,,0,686142,23669,157620,,,,479330,15530,686142,23669
6/26/20,CA,B,5812,,79,,,,5639,0,,1570,3570853,72079,,,,,,200461,200461,4890,0,,,,,,,,0,3771314,76969,,,,,,0,3771314,76969
6/26/20,CO,A,1673,1342,4,331,5392,5392,226,6,,,275787,4689,95693,,,,,31796,28972,317,0,6800,,,,,4430,367175,7238,367175,7238,102493,,,,304759,4987,,0
6/26/20,CT,B,4307,3440,9,867,10268,10268,127,0,,,383765,12639,,,,,,46059,44086,65,0,,,,,,8053,,0,429824,12704,,,,,,0,414889,7922
6/26/20,DC,A+,546,,3,,,,147,0,,48,77938,1366,,,,,29,10185,,26,0,,,,,,1186,88123,1392,88123,1392,,,,,68668,2942,,0
6/26/20,DE,A,507,449,0,58,,,78,0,,,91083,1071,,,,,,11017,9972,37,0,,,,,13640,6661,127288,2234,127288,2234,,,,,102100,1108,,0
6/26/20,FL,A,3464,3464,41,,14281,14281,,213,,,1645925,39299,,226699,1943604,,,120611,,8814,0,,,9575,,159793,,1908520,65014,1908520,65014,,,236304,,1770081,48269,2107048,69674
6/26/20,GA,A,2770,,25,,10605,10605,1184,148,2244,,698033,11204,,,,,,72995,72995,1900,0,8275,,,,66512,,,0,770552,13104,149086,,,,,-757924,770552,13104
6/26/20,GU,B,5,,0,,,,1,0,,,11644,471,,,11284,,,248,240,3,0,2,,,,239,179,,0,11892,474,125,,,,,0,11523,422
6/26/20,HI,D,17,,0,,109,109,,4,,,72155,1055,,,,,,850,,15,0,,,,,812,696,84370,1569,84370,1569,,,,,73005,1070,84910,1609
6/26/20,IA,A+,704,,9,,,,141,0,,42,255957,6100,,28898,,,24,27686,27686,489,0,,,2255,,,17313,,0,283643,6589,,,31185,,284046,6602,,0
6/26/20,ID,A,90,70,0,20,303,303,48,3,106,20,77505,1611,,,,,,4865,4366,220,0,,,,,,3712,,0,81871,1811,,,,,81871,1811,,0
6/26/20,IL,A,7048,6847,34,201,,,1516,0,,400,1350661,29568,,,,,225,141344,140291,910,0,,,,,,,,0,1492005,30478,,,,,,0,1490952,30425
6/26/20,IN,A+,2595,2403,9,192,6944,6944,692,32,1458,281,409750,9153,,,,,94,44140,,485,0,,,,,46080,33396,,0,581209,12144,,,,,453890,9638,581209,12144
6/26/20,KS,A,264,,3,,1128,1128,,46,356,,154321,5586,,,,152,,13538,,568,0,,,,,,779,,0,167859,6154,,,,,167548,6110,,0
6/26/20,KY,B,553,550,7,3,2589,2589,387,5,996,74,335895,7630,,,,,,14859,14401,242,0,,,,,,3730,,0,350296,7849,33340,,,,,0,350296,7849
6/26/20,LA,B,3190,3077,26,113,,,700,0,,,623237,15987,,,,,73,54769,54769,1354,0,,,,,,39792,,0,678006,17341,,,,,,0,678006,17341
6/26/20,MA,A+,8013,7815,50,198,11291,11291,791,39,,156,706015,8396,,,,,99,108070,103071,233,0,,,,,136627,93157,,0,1057242,13231,,,68259,,809086,8545,1057242,13231
6/26/20,MD,A,3142,3015,13,127,10725,10725,487,42,,190,440282,7100,,,,,,66115,66115,338,0,,,,,76821,4903,,0,607823,9914,,,,,506397,7438,607823,9914
6/26/20,ME,A,103,102,0,1,343,343,28,0,,9,86752,2224,6799,,85592,,6,3102,2758,32,0,316,,,,3787,2542,,0,89854,2256,7123,,,,,0,89510,2251
6/26/20,MI,A+,6134,5888,1,246,,,557,0,,193,912377,18527,,,912377,,106,69329,62695,340,0,,,,,86113,49290,,0,981706,18867,151973,,,,,0,998490,19072
6/26/20,MN,A,1446,1411,5,35,3966,3966,335,23,1221,157,522662,14089,,,,,,34616,34616,493,0,,,,,,30008,557278,14582,557278,14582,,,,,,0,,0
6/26/20,MO,B,990,,8,,,,600,0,,,328704,6477,,39315,399926,,66,19914,19914,493,0,,,1497,,23527,,,0,424214,97190,,,40812,,348618,6970,424214,97190
6/26/20,MP,D,2,,0,,,,,0,,,8187,0,,,,,,30,30,0,0,,,,,,19,,0,8217,0,,,,,,0,8217,0
6/26/20,MS,A,1022,1005,6,17,3044,3044,769,46,,153,246828,5347,,,,,90,25066,24906,550,0,95,,,,,17242,,0,271894,5897,11389,,,,,0,271734,5895
6/26/20,MT,C,22,,1,,95,95,14,2,,,79332,1803,,,,,,829,829,26,0,,,,,,589,,0,80161,1829,,,,,,0,80161,1829
6/26/20,NC,A,1303,1303,19,,,,892,0,,,777907,23812,,,,,,58818,58818,1635,0,,,,,,36921,,0,836725,25447,,,,,,0,836725,25447
6/26/20,ND,D,87,,0,,222,222,23,0,,,97465,1414,4637,,,,,3416,3416,28,0,182,,,,,3090,166289,4343,166289,4343,4819,,,,98527,1424,169814,4415
6/26/20,NE,B,260,,3,,1294,1294,126,26,,,146656,1707,,,178893,,,18346,18346,125,0,,,,,22221,12314,,0,201697,2410,,,,,165195,1827,201697,2410
6/26/20,NH,B,365,,18,,561,561,32,3,161,,109097,3129,,,,,,5671,5671,73,0,,,,,,4381,,0,141945,2509,21049,,18518,,114768,3202,141945,2509
6/26/20,NJ,A+,14819,13060,43,1759,19752,19752,1118,84,,234,1176088,25374,,,,,206,170584,170584,388,0,,,,,,29855,,0,1346672,25762,,,,,,0,1346672,25762
6/26/20,NM,B,489,,4,,1828,1828,128,17,,,309230,5752,,,,,,11408,11408,216,0,,,,,,5149,,0,320638,5968,,,,,,0,320638,5968
6/26/20,NV,A+,498,,3,,,,471,0,,118,243422,2731,,,,,59,15860,15860,381,0,,,,,,,320472,8523,320472,8523,,,,,257931,3057,297635,3782
6/26/20,NY,A,24814,,14,,89995,89995,951,0,,244,3290097,60918,,,,,167,391220,391220,805,0,,,,,,70010,3681317,61723,3681317,61723,,,,,,0,,0
6/26/20,OH,B,2788,2545,16,243,7570,7570,624,68,1904,205,672914,20935,,,,,116,48638,45172,987,0,,,,,,,,0,721552,21922,,,,,,0,718086,21886
6/26/20,OK,A+,377,,2,,1393,1393,308,57,,126,298434,5417,,,298434,,,12343,12343,395,0,1058,,,,13338,8817,,0,310777,5812,30021,,,,,0,312454,5738
6/26/20,OR,A+,202,,5,,1022,1022,149,10,,53,209050,0,,,321612,,35,7818,7521,250,0,,,,,17201,2649,,0,338813,12576,,,,,216344,0,338813,12576
6/26/20,PA,A+,6579,,22,,,,661,0,,,634711,13680,,,,,131,84370,81956,600,0,,,,,,65808,,0,719081,14280,,,,,716667,14262,,0
6/26/20,PR,C,151,57,0,94,,,89,0,,9,113280,0,,,112331,,7,1583,1583,4,0,5339,,,,2326,,,0,114863,4,,,,,,0,114723,0
6/26/20,RI,A+,927,,7,,1984,1984,91,3,,16,133102,1314,,,217368,,15,16777,16777,69,0,,,,,23877,1600,244091,2971,244091,2971,,,,,149879,1383,241245,2458
6/26/20,SC,A,694,692,1,2,2622,2622,906,245,,,304336,0,33536,,296525,,,30335,30263,1313,0,1706,,,,37673,13456,,0,334671,1313,35242,,,,,0,334198,0
6/26/20,SD,B,88,,1,,639,639,79,7,,,70480,1105,,,,,,6535,,56,0,,,,,,5652,,0,77015,1161,,,,,77015,1161,,0
6/26/20,TN,B,577,552,10,25,2498,2498,741,67,,,702588,13073,,,696003,,,39444,39149,1410,0,,,,,45734,25753,,0,742032,14483,,,,,,0,741737,14469
6/26/20,TX,B,2324,,28,,,,5102,0,,,2023992,72153,,,,,,137624,137624,5707,0,6871,1542,,,221863,76282,,0,2161616,77860,177863,8490,,,,0,2161616,77860
6/26/20,UT,A+,166,,2,,1321,1321,238,31,375,80,308524,4488,,,360392,161,,20050,20050,676,0,,26,,25,23047,11097,,0,383439,6208,,145,,128,329298,5059,383439,6208
6/26/20,VA,A+,1700,1596,25,104,6071,6071,854,76,,219,545893,12873,,,,,99,60570,57977,624,0,,,,,71867,7868,615504,11693,615504,11693,,,,,,0,,0
6/26/20,VI,C,6,6,0,,,,,0,,,2705,51,,,,,,81,,1,0,,,,,,67,,0,2786,52,,,,,,0,2798,43
6/26/20,VT,B,56,56,0,,,,14,0,,,58594,881,,,,,,1199,1199,7,0,,,,,,941,,0,71531,1453,,,,,59793,888,71531,1453
6/26/20,WA,B,1300,1300,7,,4106,4106,372,13,,,597104,12967,,,,,49,32634,32632,676,0,,,,,,,630907,13587,630907,13587,,,,,505795,10297,,0
6/26/20,WI,A+,766,766,0,,3351,3351,262,25,741,95,507168,8607,,,,,,29668,26747,563,0,,,,,,21174,646391,13218,646391,13218,,,,,533915,9127,,0
6/26/20,WV,B,92,,0,,,,33,0,,10,159245,3202,,,,,4,2712,2622,51,0,,,,,,1907,,0,161957,3253,9210,,,,,0,161867,3250
6/26/20,WY,B,20,,0,,112,112,5,1,,,30406,1537,,,44917,,,1368,1079,42,0,,,,,1316,1033,,0,46233,1250,,,,,31485,1600,46233,1250
6/25/20,AK,A,12,12,0,,67,67,14,0,,,98631,3332,,,,,2,821,,24,0,,,,,,513,,0,99452,3356,,,,,,0,99452,3356
6/25/20,AL,B,896,880,5,16,2612,2612,694,45,761,,336252,9557,,,,447,,33206,32753,1142,0,,,,,,18866,,0,369005,10686,,,,,369005,10686,,0
6/25/20,AR,A,240,,0,,1245,1245,284,31,,,259318,4827,,,,194,61,18062,18062,687,0,,,,,,12127,,0,277380,5514,,,,,,0,277380,5514
6/25/20,AS,C,0,,0,,,,,0,,,696,522,,,,,,0,0,0,0,,,,,,,,0,696,522,,,,,,0,696,522
6/25/20,AZ,A+,1490,1393,27,97,4406,4406,2453,93,,611,401166,11952,,,,,415,63030,62634,3056,0,,,,,,8139,,0,662473,23698,155343,,,,463800,15000,662473,23698
6/25/20,CA,B,5733,,101,,,,5522,0,,1523,3498774,96097,,,,,,195571,195571,5349,0,,,,,,,,0,3694345,101446,,,,,,0,3694345,101446
6/25/20,CO,A,1669,1337,2,332,5386,5386,247,11,,,271098,6188,94101,,,,,31479,28674,324,0,6719,,,,,4412,359937,8287,359937,8287,100820,,,,299772,6488,,0
6/25/20,CT,B,4298,3434,11,864,10268,10268,122,169,,,371126,7769,,,,,,45994,44018,81,0,,,,,,8053,,0,417120,7850,,,,,,0,406967,6576
6/25/20,DC,A+,543,,2,,,,157,0,,53,76572,2527,,,,,34,10159,,31,0,,,,,,1182,86731,2558,86731,2558,,,,,65726,0,,0
6/25/20,DE,A,507,449,2,58,,,93,0,,,90012,2700,,,,,,10980,9925,91,0,,,,,13553,6646,125054,1184,125054,1184,,,,,100992,2791,,0
6/25/20,FL,A,3423,3423,46,,14068,14068,,203,,,1606626,47298,,198132,1885749,,,111797,,4991,0,,,8627,,148081,,1843506,53065,1843506,53065,,,206789,,1721812,52372,2037374,58617
6/25/20,GA,A,2745,,47,,10457,10457,1135,144,2222,,686829,12976,,,,,,71095,71095,1714,0,8185,,,,64811,,,0,757448,14690,146230,,,,757924,14690,757448,14690
6/25/20,GU,A,5,,0,,,,0,0,,0,11173,366,,,10878,,0,245,237,14,0,2,,,,223,174,,0,11418,380,122,,,,,0,11101,390
6/25/20,HI,D,17,,0,,105,105,,1,,,71100,1380,,,,,,835,,16,0,,,,,793,686,82801,2046,82801,2046,,,,,71935,1396,83301,1653
6/25/20,IA,A+,695,,3,,,,137,0,,42,249857,6603,,28404,,,26,27197,27197,492,0,,,2238,,,17017,,0,277054,7095,,,30674,,277444,7112,,0
6/25/20,ID,A,90,70,1,20,300,300,45,2,106,14,75894,2461,,,,,,4645,4166,243,0,,,,,,3610,,0,80060,2684,,,,,80060,2684,,0
6/25/20,IL,A,7014,6810,40,204,,,1626,0,,399,1321093,30792,,,,,216,140434,139434,894,0,,,,,,,,0,1461527,31686,,,,,,0,1460527,31686
6/25/20,IN,A+,2586,2394,8,192,6912,6912,723,29,1452,276,400597,11854,,,,,91,43655,,515,0,,,,,45558,33036,,0,569065,11644,,,,,444252,12369,569065,11644
6/25/20,KS,A,261,,0,,1082,1082,,0,348,,148735,0,,,,150,,12970,,0,0,,,,,,747,,0,161705,0,,,,,161438,0,,0
6/25/20,KY,B,546,542,8,4,2584,2584,377,10,994,79,328265,6926,,,,,,14617,14182,254,0,,,,,,3719,,0,342447,7171,34447,,,,,0,342447,7171
6/25/20,LA,B,3164,3051,12,113,,,653,0,,,607250,11222,,,,,77,53415,53415,938,0,,,,,,39792,,0,660665,12160,,,,,,0,660665,12160
6/25/20,MA,A+,7963,7776,25,187,11252,11252,822,33,,174,697619,10158,,,,,101,107837,102922,226,0,,,,,136298,93157,,0,1044011,12646,,,66753,,800541,10318,1044011,12646
6/25/20,MD,A,3129,3001,21,128,10683,10683,511,35,,209,433182,8062,,,,,,65777,65777,440,0,,,,,76340,4874,,0,597909,11637,,,,,498959,8502,597909,11637
6/25/20,ME,A,103,102,0,1,343,343,25,4,,10,84528,2355,6780,,83385,,7,3070,2731,53,0,311,,,,3743,2512,,0,87598,2408,7099,,,,,0,87259,2406
6/25/20,MI,A+,6133,5886,19,247,,,557,0,,193,893850,17600,,,893850,,115,68989,62306,434,0,,,,,85568,49290,,0,962839,18034,148912,,,,,0,979418,18050
6/25/20,MN,A,1441,1406,9,35,3943,3943,336,46,1218,162,508573,12693,,,,,,34123,34123,360,0,,,,,,29854,542696,13053,542696,13053,,,,,,0,,0
6/25/20,MO,B,982,,7,,,,546,0,,,322227,14071,,37177,360303,,66,19421,19421,553,0,,,1451,,21737,,,0,327024,0,,,38268,,341648,14624,327024,0
6/25/20,MP,D,2,,0,,,,,0,,,8187,0,,,,,,30,30,0,0,,,,,,19,,0,8217,0,,,,,,0,8217,0
6/25/20,MS,A,1016,999,5,17,2998,2998,755,52,,157,241481,3244,,,,,94,24516,24358,1092,0,95,,,,,17242,,0,265997,4336,11330,,,,,0,265839,4334
6/25/20,MT,C,21,,0,,93,93,15,0,,,77529,3229,,,,,,803,803,37,0,,,,,,572,,0,78332,3266,,,,,,0,78332,3266
6/25/20,NC,A,1284,1284,18,,,,891,0,,,754095,18984,,,,,,57183,57183,1009,0,,,,,,36921,,0,811278,19993,,,,,,0,811278,19993
6/25/20,ND,D,87,,1,,222,222,25,3,,,96051,724,4530,,,,,3388,3388,32,0,147,,,,,3064,161946,2894,161946,2894,4677,,,,97103,735,165399,2965
6/25/20,NE,B,257,,1,,1268,1268,131,11,,,144949,1740,,,176638,,,18221,18221,129,0,,,,,22070,12099,,0,199287,2897,,,,,163368,1874,199287,2897
6/25/20,NH,B,347,,4,,558,558,49,0,160,,105968,1486,,,,,,5598,5598,27,0,,,,,,4358,,0,139436,2775,20785,,18082,,111566,1513,139436,2775
6/25/20,NJ,A+,14776,13018,23,1758,19668,19668,1182,70,,252,1150714,20961,,,,,210,170196,170196,304,0,,,,,,29740,,0,1320910,21265,,,,,,0,1320910,21265
6/25/20,NM,B,485,,5,,1811,1811,135,18,,,303478,6363,,,,,,11192,11192,202,0,,,,,,5047,,0,314670,6565,,,,,,0,314670,6565
6/25/20,NV,A+,495,,1,,,,467,0,,98,240691,2666,,,,,57,15479,15479,887,0,,,,,,,311949,8798,311949,8798,,,,,254874,2967,293853,3933
6/25/20,NY,A,24800,,18,,89995,89995,996,0,,270,3229179,66893,,,,,167,390415,390415,749,0,,,,,,70010,3619594,67642,3619594,67642,,,,,,0,,0
6/25/20,OH,B,2772,2530,17,242,7502,7502,624,55,1897,206,651979,18051,,,,,121,47651,44221,892,0,,,,,,,,0,699630,18943,,,,,,0,696200,15513
6/25/20,OK,A+,375,,3,,1336,1336,277,17,,87,293017,6249,,,293017,,,11948,11948,438,0,1058,,,,13108,8507,,0,304965,6687,30021,,,,,0,306716,6786
6/25/20,OR,A+,197,,2,,1012,1012,189,6,,60,209050,2486,,,309548,,29,7568,7294,124,0,,,,,16689,2649,,0,326237,2584,,,,,216344,2595,326237,2584
6/25/20,PA,A+,6557,,39,,,,704,0,,,621031,12814,,,,,142,83770,81374,579,0,,,,,,65340,,0,704801,13393,,,,,702405,13378,,0
6/25/20,PR,C,151,57,2,94,,,85,0,,12,113280,0,,,112331,,4,1579,1579,2,0,5298,,,,2326,,,0,114859,2,,,,,,0,114723,0
6/25/20,RI,A+,920,,8,,1981,1981,103,14,,18,131788,1406,,,214999,,17,16708,16708,45,0,,,,,23788,1588,241120,3614,241120,3614,,,,,148496,1451,238787,2841
6/25/20,SC,A,693,691,10,2,2377,2377,881,0,,,304336,14025,33536,,296525,,,29022,28962,1125,0,1706,,,,37673,12317,,0,333358,15150,35242,,,,,0,334198,7567
6/25/20,SD,B,87,,3,,632,632,79,3,,,69375,717,,,,,,6479,,60,0,,,,,,5592,,0,75854,777,,,,,75854,777,,0
6/25/20,TN,B,567,540,11,27,2431,2431,741,45,,,689515,8446,,,683066,,,38034,37753,799,0,,,,,44202,25280,,0,727549,9245,,,,,,0,727268,9230
6/25/20,TX,B,2296,,47,,,,4739,0,,,1951839,66898,,,,,,131917,131917,5996,0,6823,1337,,,207327,74496,,0,2083756,72894,176697,7673,,,,0,2083756,72894
6/25/20,UT,A+,164,,1,,1290,1290,230,34,365,79,304036,5156,,,354800,160,,19374,19374,590,0,,25,,24,22431,10642,,0,377231,6874,,124,,109,324239,5788,377231,6874
6/25/20,VA,A+,1675,1572,14,103,5995,5995,854,40,,237,533020,15963,,,,,104,59946,57384,432,0,,,,,70986,7818,603811,11740,603811,11740,,,,,,0,,0
6/25/20,VI,C,6,6,0,,,,,0,,,2654,61,,,,,,80,,2,0,,,,,,64,,0,2734,63,,,,,,0,2755,49
6/25/20,VT,B,56,56,0,,,,15,0,,,57713,847,,,,,,1192,1192,7,0,,,,,,938,,0,70078,1160,,,,,58905,854,70078,1160
6/25/20,WA,B,1293,1293,9,,4093,4093,402,26,,,584137,12573,,,,,56,31958,31956,620,0,,,,,,,617320,13233,617320,13233,,,,,495498,8439,,0
6/25/20,WI,A+,766,766,9,,3326,3326,247,27,734,94,498561,10758,,,,,,29105,26227,464,0,,,,,,20557,633173,17149,633173,17149,,,,,524788,11222,,0
6/25/20,WV,B,92,,0,,,,24,0,,5,156043,1624,,,,,2,2661,2574,32,0,,,,,,1858,,0,158704,1656,8988,,,,,0,158617,1657
6/25/20,WY,B,20,,0,,111,111,7,2,,,28869,0,,,43693,,,1326,1052,44,0,,,,,1290,996,,0,44983,1327,,,,,29885,0,44983,1327
6/24/20,AK,A,12,12,0,,67,67,16,1,,,95299,3135,,,,,2,797,,14,0,,,,,,507,,0,96096,3149,,,,,,0,96096,3149
6/24/20,AL,B,891,879,27,12,2567,2567,683,46,749,,326695,3754,,,,441,,32064,31624,967,0,,,,,,18866,,0,358319,4708,,,,,358319,4708,,0
6/24/20,AR,B,240,,3,,1214,1214,267,26,,,254491,6677,,,,189,58,17375,17375,697,0,,,,,,11568,,0,271866,7374,,,,,,0,271866,7374
6/24/20,AS,C,0,,0,,,,,0,,,174,0,,,,,,0,0,0,0,,,,,,,,0,174,0,,,,,,0,174,0
6/24/20,AZ,A+,1463,1366,79,97,4313,4313,2270,58,,581,389214,6875,,,,,407,59974,59586,1795,0,,,,,,7936,,0,638775,23477,151006,,,,448800,8662,638775,23477
6/24/20,CA,B,5632,,52,,,,5399,0,,1487,3402677,88821,,,,,,190222,190222,7149,0,,,,,,,,0,3592899,95970,,,,,,0,3592899,95970
6/24/20,CO,A,1667,1335,2,332,5375,5375,247,9,,,264910,4969,92756,,,,,31155,28374,262,0,6658,,,,,4392,351650,6281,351650,6281,99414,,,,293284,5205,,0
6/24/20,CT,B,4287,3423,10,864,10099,10099,124,0,,,363357,6459,,,,,,45913,43954,14,0,,,,,,7842,,0,409270,6473,,,,,,0,400391,-1595
6/24/20,DC,A+,541,,4,,,,167,0,,58,74045,837,,,,,36,10128,,34,0,,,,,,1182,84173,871,84173,871,,,,,65726,653,,0
6/24/20,DE,A,505,447,1,58,,,85,0,,,87312,623,,,,,,10889,9834,42,0,,,,,13501,6598,123870,2304,123870,2304,,,,,98201,665,,0
6/24/20,FL,A,3377,3377,44,,13865,13865,,251,,,1559328,22079,,198132,1833006,,,106806,,5471,0,,,8627,,142315,,1790441,32598,1790441,32598,,,206789,,1669440,27602,1978757,34027
6/24/20,GA,A,2698,,10,,10313,10313,1124,190,2206,,673853,10270,,,,,,69381,69381,1703,0,8106,,,,63113,,,0,742758,11973,143350,,,,743234,11973,742758,11973
6/24/20,GU,A,5,,0,,,,0,0,,0,10807,381,,,10493,,0,231,223,6,0,2,,,,218,174,,0,11038,387,122,,,,,0,10711,266
6/24/20,HI,D,17,,0,,104,104,,5,,,69720,1196,,,,,,819,,3,0,,,,,782,673,80755,1275,80755,1275,,,,,70539,1199,81648,1254
6/24/20,IA,A+,692,,4,,,,140,0,,43,243254,4924,,28021,,,25,26705,26705,332,0,,,2223,,,16858,,0,269959,5256,,,30276,,270332,5258,,0
6/24/20,ID,A,89,69,0,20,298,298,34,5,105,14,73433,1523,,,,,,4402,3943,148,0,,,,,,3484,,0,77376,1646,,,,,77376,1646,,0
6/24/20,IL,A,6974,6770,63,204,,,1614,0,,389,1290301,28616,,,,,219,139540,138540,715,0,,,,,,,,0,1429841,29331,,,,,,0,1428841,29331
6/24/20,IN,A+,2578,2386,9,192,6883,6883,701,30,1446,263,388743,5238,,,,,89,43140,,269,0,,,,,45085,32152,,0,557421,12883,,,,,431883,5507,557421,12883
6/24/20,KS,A,261,,2,,1082,1082,,26,348,,148735,6187,,,,150,,12970,,505,0,,,,,,747,,0,161705,6692,,,,,161438,6668,,0
6/24/20,KY,B,538,534,1,4,2574,2574,335,18,992,79,321339,4186,,,,,,14363,13937,222,0,,,,,,3706,,0,335276,4387,32876,,,,,0,335276,4387
6/24/20,LA,B,3152,3039,18,113,,,631,0,,,596028,11684,,,,,77,52477,52477,882,0,,,,,,39792,,0,648505,12566,,,,,,0,648505,12566
6/24/20,MA,A+,7938,7752,48,186,11219,11219,939,62,,181,687461,7258,,,,,98,107611,102762,172,0,,,,,135964,91404,,0,1031365,13998,,,65845,,790223,7369,1031365,13998
6/24/20,MD,A,3108,2978,16,130,10648,10648,544,37,,213,425120,6592,,,,,,65337,65337,330,0,,,,,75828,4810,,0,586272,8887,,,,,490457,6922,586272,8887
6/24/20,ME,A,103,102,1,1,339,339,26,0,,12,82173,3460,6652,,81042,,6,3017,2680,23,0,308,,,,3690,2490,,0,85190,3483,6968,,,,,0,84853,3146
6/24/20,MI,A+,6114,5868,5,246,,,557,0,,209,876250,15779,,,876250,,124,68555,61953,358,0,,,,,85118,49290,,0,944805,16137,146035,,,,,0,961368,16159
6/24/20,MN,A,1432,1397,7,35,3897,3897,340,37,1203,160,495880,9304,,,,,,33763,33763,294,0,,,,,,29707,529643,9598,529643,9598,,,,,,0,,0
6/24/20,MO,B,975,,14,,,,546,0,,,308156,8925,,36822,360303,,66,18868,18868,725,0,,,1446,,21737,,,0,327024,-55586,,,38268,,327024,9650,327024,-55586
6/24/20,MP,D,2,,0,,,,,0,,,8187,0,,,,,,30,30,0,0,,,,,,19,,0,8217,0,,,,,,0,8217,0
6/24/20,MS,A,1011,994,22,17,2946,2946,767,31,,157,238237,7275,,,,,91,23424,23268,526,0,95,,,,,17242,,0,261661,7801,11008,,,,,0,261505,8407
6/24/20,MT,C,21,,0,,93,93,17,2,,,74300,1120,,,,,,766,766,23,0,,,,,,571,,0,75066,1143,,,,,,0,75066,1143
6/24/20,NC,A,1266,1266,15,,,,906,0,,,735111,15736,,,,,,56174,56174,1721,0,,,,,,36921,,0,791285,17457,,,,,,0,791285,17457
6/24/20,ND,D,86,,2,,219,219,27,1,,,95327,1094,4453,,,,,3356,3356,41,0,145,,,,,3044,159052,3863,159052,3863,4598,,,,96368,1077,162434,3944
6/24/20,NE,B,256,,7,,1257,1257,125,23,,,143209,2524,,,173929,,,18092,18092,135,0,,,,,21887,12099,,0,196390,2885,,,,,161494,2667,196390,2885
6/24/20,NH,B,343,,4,,558,558,51,0,160,,104482,1164,,,,,,5571,5571,13,0,,,,,,4316,,0,136661,3162,20541,,17902,,110053,1895,136661,3162
6/24/20,NJ,A+,14753,12995,46,1758,19598,19598,1196,86,,275,1129753,16036,,,,,214,169892,169892,158,0,,,,,,29627,,0,1299645,16194,,,,,,0,1299645,16194
6/24/20,NM,B,480,,4,,1793,1793,149,17,,,297115,5870,,,,,,10990,10990,152,0,,,,,,4984,,0,308105,6022,,,,,,0,308105,6022
6/24/20,NV,A+,494,,2,,,,439,0,,96,238025,3496,,,,,53,14592,14592,595,0,,,,,,,303151,8535,303151,8535,,,,,251907,3874,289920,4130
6/24/20,NY,A,24782,,16,,89995,89995,1071,0,,290,3162286,50563,,,,,228,389666,389666,581,0,,,,,,69710,3551952,51144,3551952,51144,,,,,,0,,0
6/24/20,OH,B,2755,2516,20,239,7447,7447,592,68,1886,202,633928,9618,,,,,119,46759,43363,632,0,,,,,,,,0,680687,10250,,,,,,0,680687,13610
6/24/20,OK,A+,372,,1,,1319,1319,268,31,,90,286768,2739,,,286768,,,11510,11510,482,0,1058,,,,12498,8144,,0,298278,3221,30021,,,,,0,299930,2942
6/24/20,OR,A+,195,,3,,1006,1006,185,23,,59,206564,3126,,,307081,,29,7444,7185,170,0,,,,,16572,2604,,0,323653,6831,,,,,213749,3293,323653,6831
6/24/20,PA,A+,6518,,54,,,,707,0,,,608217,11810,,,,,136,83191,80810,495,0,,,,,,64502,,0,691408,12305,,,,,689027,12273,,0
6/24/20,PR,C,149,57,0,92,,,80,0,,9,113280,0,,,112331,,2,1577,1577,27,0,5243,,,,2326,,,0,114857,27,,,,,,0,114723,0
6/24/20,RI,A+,912,,6,,1967,1967,104,9,,20,130382,1486,,,212253,,16,16663,16663,51,0,,,,,23693,1573,237506,3988,237506,3988,,,,,147045,1537,235946,3354
6/24/20,SC,A,683,683,10,0,2377,2377,832,0,,,290311,7673,32561,,290311,,,27897,27842,1284,0,1681,,,,36320,12317,,0,318208,8957,34242,,,,,0,326631,9193
6/24/20,SD,B,84,,1,,629,629,81,5,,,68658,1025,,,,,,6419,,66,0,,,,,,5554,,0,75077,1091,,,,,75077,1091,,0
6/24/20,TN,B,556,535,14,21,2386,2386,696,50,,,681069,11953,,,674821,,,37235,36969,932,0,,,,,43217,24693,,0,718304,12885,,,,,,0,718038,12874
6/24/20,TX,B,2249,,29,,,,4389,0,,,1884941,58139,,,,,,125921,125921,5551,0,6770,1175,,,193924,72898,,0,2010862,63690,175384,6722,,,,0,2010862,63690
6/24/20,UT,A+,163,,0,,1256,1256,245,30,355,77,298880,4645,,,348608,154,,18784,18784,484,0,,22,,21,21749,10334,,0,370357,6339,,91,,79,318451,5214,370357,6339
6/24/20,VA,A+,1661,1559,16,102,5955,5955,886,42,,235,517057,7674,,,,,107,59514,56956,520,0,,,,,70203,7765,592071,10763,592071,10763,,,,,,0,,0
6/24/20,VI,C,6,6,0,,,,,0,,,2593,49,,,,,,78,,2,0,,,,,,64,,0,2671,51,,,,,,0,2706,53
6/24/20,VT,B,56,56,0,,,,13,0,,,56866,517,,,,,,1185,1185,20,0,,,,,,930,,0,68918,751,,,,,58051,537,68918,751
6/24/20,WA,B,1284,1284,8,,4067,4067,386,5,,,571564,13870,,,,,44,31338,31338,724,0,,,,,,,604087,14545,604087,14545,,,,,487059,9855,,0
6/24/20,WI,A+,757,757,7,,3299,3299,239,31,723,89,487803,9638,,,,,,28641,25763,466,0,,,,,,20121,616024,12596,616024,12596,,,,,513566,10070,,0
6/24/20,WV,B,92,,0,,,,24,0,,5,154419,2673,,,,,2,2629,2541,47,0,,,,,,1855,,0,157048,2720,8817,,,,,0,156960,2721
6/24/20,WY,B,20,,0,,109,109,7,0,,,28869,1384,,,42397,,,1282,1016,28,0,,,,,1259,966,,0,43656,1267,,,,,29885,1408,43656,1267
6/23/20,AK,A,12,12,0,,66,66,14,1,,,92164,2107,,,,,1,783,,16,0,,,,,,502,,0,92947,2123,,,,,,0,92947,2123
6/23/20,AL,B,864,854,23,10,2521,2521,681,50,737,,322941,4285,,,,430,,31097,30670,643,0,,,,,,15974,,0,353611,4924,,,,,353611,4924,,0
6/23/20,AR,A,237,,10,,1188,1188,248,24,,,247814,7558,,,,186,57,16678,16678,595,0,,,,,,11220,,0,264492,8153,,,,,,0,264492,8153
6/23/20,AS,C,0,,0,,,,,0,,,174,0,,,,,,0,0,0,0,,,,,,,,0,174,0,,,,,,0,174,0
6/23/20,AZ,A+,1384,1291,42,93,4255,4255,2136,0,,614,382339,7135,,,,,386,58179,57799,3593,0,,,,,,7746,,0,615298,21964,149616,,,,440138,10720,615298,21964
6/23/20,CA,B,5580,,65,,,,5065,0,,1421,3313856,80224,,,,,,183073,183073,5019,0,,,,,,,,0,3496929,85243,,,,,,0,3496929,85243
6/23/20,CO,A,1665,1330,14,335,5366,5366,238,23,,,259941,2770,91974,,,,,30893,28138,188,0,6601,,,,,4370,345369,4114,345369,4114,98575,,,,288079,2949,,0
6/23/20,CT,B,4277,3414,14,863,10099,10099,138,0,,,356898,-1601,,,,,,45899,43941,117,0,,,,,,7842,,0,402797,-1484,,,,,,0,401986,6396
6/23/20,DC,A+,537,,2,,,,171,0,,61,73208,1262,,,,,40,10094,,36,0,,,,,,1182,83302,1298,83302,1298,,,,,65073,1002,,0
6/23/20,DE,A,504,446,0,58,,,91,0,,,86689,786,,,,,,10847,9792,27,0,,,,,13420,6554,121566,3467,121566,3467,,,,,97536,813,,0
6/23/20,FL,A,3333,3333,67,,13614,13614,,207,,,1537249,19979,,198132,1805379,,,101335,,3798,0,,,8627,,135955,,1757843,33677,1757843,33677,,,206789,,1641838,23298,1944730,33054
6/23/20,GA,A,2688,,40,,10123,10123,1056,170,2174,,663583,21485,,,,,,67678,67678,1750,0,8090,,,,61786,,,0,730785,23236,142862,,,,731261,23235,730785,23236
6/23/20,GU,A,5,,0,,,,0,0,,0,10426,246,,,10228,,0,225,217,1,0,2,,,,217,174,,0,10651,247,122,,,,,0,10445,152
6/23/20,HI,D,17,,0,,99,99,,2,,,68524,627,,,,,,816,,2,0,,,,,778,669,79480,707,79480,707,,,,,69340,629,80394,599
6/23/20,IA,A+,688,,2,,,,163,0,,47,238330,5749,,27733,,,26,26373,26373,322,0,,,2214,,,16579,,0,264703,6071,,,29977,,265074,6072,,0
6/23/20,ID,A,89,69,0,20,293,293,39,10,102,14,71910,2948,,,,,,4254,3820,248,0,,,,,,3405,,0,75730,3183,,,,,75730,3183,,0
6/23/20,IL,A,6911,6707,36,204,,,1648,0,,424,1261685,19906,,,,,236,138825,137825,601,0,,,,,,,,0,1400510,20507,,,,,,0,1399510,20507
6/23/20,IN,A+,2569,2377,16,192,6853,6853,736,34,1447,297,383505,7222,,,,,110,42871,,238,0,,,,,44579,32152,,0,544538,13634,,,,,426376,7460,544538,13634
6/23/20,KS,A,259,,0,,1056,1056,,0,342,,142548,0,,,,149,,12465,,0,0,,,,,,722,,0,155013,0,,,,,154770,0,,0
6/23/20,KY,B,537,533,11,4,2556,2556,376,24,988,70,317153,8960,,,,,,14141,13736,302,0,,,,,,3591,,0,330889,9247,32138,,,,,0,330889,9247
6/23/20,LA,B,3134,3021,17,113,,,646,0,,,584344,16519,,,,,83,51595,51595,1356,0,,,,,,39792,,0,635939,17875,,,,,,0,635939,17875
6/23/20,MA,A+,7890,7710,16,180,11157,11157,953,63,,181,680203,7350,,,,,112,107439,102651,229,0,,,,,135621,91404,,0,1017367,14067,,,65313,,782854,7532,1017367,14067
6/23/20,MD,A,3092,2963,18,129,10611,10611,561,39,,212,418528,8406,,,,,,65007,65007,404,0,,,,,75363,4797,,0,577385,10360,,,,,483535,8810,577385,10360
6/23/20,ME,B,102,101,0,1,339,339,24,3,,12,78713,680,6470,,77942,,6,2994,2655,23,0,307,,,,3645,2443,,0,81707,703,6785,,,,,0,81707,1045
6/23/20,MI,A+,6109,5864,12,245,,,557,0,,209,860471,10411,,,860471,,99,68197,61630,240,0,,,,,84738,49290,,0,928668,10651,144088,,,,,0,945209,10664
6/23/20,MN,A,1425,1393,9,32,3860,3860,339,30,1191,158,486576,6666,,,,,,33469,33469,242,0,,,,,,29399,520045,6908,520045,6908,,,,,,0,,0
6/23/20,MO,B,961,,0,,,,595,0,,,299231,0,,36243,360303,,66,18143,18143,0,0,,,1421,,21737,,,0,382610,112378,,,37664,,317374,0,382610,112378
6/23/20,MP,D,2,,0,,,,,0,,,8187,48,,,,,,30,30,0,0,,,,,,19,,0,8217,48,,,,,,0,8217,48
6/23/20,MS,A,989,972,11,17,2915,2915,664,34,,151,230962,0,,,,,88,22898,22745,611,0,95,,,,,17242,,0,253860,611,10713,,,,,0,253098,0
6/23/20,MT,C,21,,0,,91,91,15,1,,,73180,2615,,,,,,743,743,3,0,,,,,,566,,0,73923,2618,,,,,,0,73923,2618
6/23/20,NC,A,1251,1251,28,,,,915,0,,,719375,15635,,,,,,54453,54453,848,0,,,,,,36921,,0,773828,16483,,,,,,0,773828,16483
6/23/20,ND,D,84,,1,,218,218,28,0,,,94233,93,4349,,,,,3315,3315,7,0,139,,,,,3008,155189,320,155189,320,4488,,,,95291,191,158490,327
6/23/20,NE,D,249,,5,,1234,1234,135,22,,,140685,1987,,,171196,,,17957,17957,147,0,,,,,21740,11980,,0,193505,3508,,,,,158827,2136,193505,3508
6/23/20,NH,B,339,,0,,558,558,54,5,160,,103318,0,,,,,,5558,5558,14,0,,,,,,4290,,0,133499,1379,20228,,17822,,108158,-704,133499,1379
6/23/20,NJ,A+,14707,12949,56,1758,19512,19512,1092,111,,307,1113717,15733,,,,,216,169734,169734,319,0,,,,,,29517,,0,1283451,16052,,,,,,0,1283451,16052
6/23/20,NM,B,476,,7,,1776,1776,141,22,,,291245,3863,,,,,,10838,10838,144,0,,,,,,4874,,0,302083,4007,,,,,,0,302083,4007
6/23/20,NV,A+,492,,0,,,,389,0,,100,234529,3999,,,,,50,13997,13997,462,0,,,,,,,294616,6253,294616,6253,,,,,248033,4459,285790,5703
6/23/20,NY,A,24766,,27,,89995,89995,1104,0,,302,3111723,48112,,,,,228,389085,389085,597,0,,,,,,69710,3500808,48709,3500808,48709,,,,,,0,,0
6/23/20,OH,B,2735,2497,31,238,7379,7379,570,87,1876,205,624310,10246,,,,,126,46127,42767,590,0,,,,,,,,0,670437,10836,,,,,,0,667077,10759
6/23/20,OK,A+,371,,2,,1288,1288,265,20,,111,284029,12104,,,284029,,,11028,11028,295,0,1058,,,,12295,7888,,0,295057,12399,30021,,,,,0,296988,13113
6/23/20,OR,A+,192,,0,,983,983,184,14,,58,203438,3893,,,300516,,28,7274,7018,191,0,,,,,16306,2604,,0,316822,6280,,,,,210456,4075,316822,6280
6/23/20,PA,A+,6464,,38,,,,738,0,,,596407,10745,,,,,151,82696,80347,510,0,,,,,,64502,,0,679103,11255,,,,,676754,11233,,0
6/23/20,PR,C,149,57,0,92,,,77,0,,9,113280,0,,,112331,,2,1550,1550,10,0,5135,,,,2326,,,0,114830,10,,,,,,0,114723,0
6/23/20,RI,A+,906,,3,,1958,1958,105,8,,19,128896,1599,,,209010,,17,16612,16612,77,0,,,,,23582,1562,233518,3846,233518,3846,,,,,145508,1676,232592,3750
6/23/20,SC,A,673,673,14,0,2377,2377,824,83,,,282638,4459,32313,,282638,,,26613,26572,912,0,1662,,,,34800,12317,,0,309251,5371,33975,,,,,0,317438,5485
6/23/20,SD,B,83,,2,,624,624,85,8,,,67633,630,,,,,,6353,,27,0,,,,,,5497,,0,73986,657,,,,,73986,657,,0
6/23/20,TN,B,542,521,11,21,2336,2336,721,35,,,669116,4564,,,663010,,,36303,36048,750,0,,,,,42154,24068,,0,705419,5314,,,,,,0,705164,5310
6/23/20,TX,B,2220,,28,,,,4092,0,,,1826802,41796,,,,,,120370,120370,5489,0,6606,1003,,,182161,70714,,0,1947172,47285,170411,5811,,,,0,1947172,47285
6/23/20,UT,A,163,,5,,1226,1226,214,34,344,77,294235,4301,,,342872,153,,18300,18300,394,0,,21,,20,21146,10057,,0,364018,5721,,87,,76,313237,4831,364018,5721
6/23/20,VA,A+,1645,1542,25,103,5913,5913,847,44,,245,509383,9725,,,,,126,58994,56452,529,0,,,,,69593,7725,581308,8137,581308,8137,,,,,,0,,0
6/23/20,VI,C,6,6,0,,,,,0,,,2544,42,,,,,,76,,0,0,,,,,,64,,0,2620,42,,,,,,0,2653,60
6/23/20,VT,B,56,56,0,,,,19,0,,,56349,716,,,,,,1165,1165,2,0,,,,,,927,,0,68167,916,,,,,57514,718,68167,916
6/23/20,WA,B,1276,1276,6,,4062,4062,372,13,,,557694,12482,,,,,37,30614,30614,191,0,,,,,,,589542,13098,589542,13098,,,,,477204,2266,,0
6/23/20,WI,A+,750,750,5,,3268,3268,240,37,716,93,478165,11531,,,,,,28175,25331,297,0,,,,,,19852,603428,8624,603428,8624,,,,,503496,11794,,0
6/23/20,WV,B,92,,3,,,,21,0,,5,151746,3094,,,,,2,2582,2493,30,0,,,,,,1790,,0,154328,3124,8643,,,,,0,154239,3126
6/23/20,WY,C,20,,0,,109,109,8,4,,,27485,1323,,,41158,,,1254,992,24,0,,,,,1231,953,,0,42389,1140,,,,,28477,1368,42389,1140
6/22/20,AK,A,12,12,0,,65,65,13,0,,,90057,2767,,,,,1,767,,6,0,,,,,,491,,0,90824,2773,,,,,,0,90824,2773
6/22/20,AL,B,841,831,2,10,2471,2471,663,11,725,,318656,3999,,,,424,,30454,30031,433,0,,,,,,15974,,0,348687,4432,,,,,348687,4432,,0
6/22/20,AR,A,227,,3,,1164,1164,237,12,,,240256,13164,,,,186,61,16083,16083,941,0,,,,,,10793,,0,256339,14105,,,,,,0,256339,14105
6/22/20,AS,C,0,,0,,,,,0,,,174,0,,,,,,0,0,0,0,,,,,,,,0,174,0,,,,,,0,174,0
6/22/20,AZ,A+,1342,1251,3,91,4255,4255,1992,0,,583,375204,7850,,,,,379,54586,54214,2196,0,,,,,,7581,,0,593334,7690,148031,,,,429418,10046,593334,7690
6/22/20,CA,B,5515,,20,,,,4804,0,,1412,3233632,88200,,,,,,178054,178054,4230,0,,,,,,,,0,3411686,92430,,,,,,0,3411686,92430
6/22/20,CO,A,1651,1314,4,337,5343,5343,249,16,,,257171,4938,91154,,,,,30705,27959,166,0,6550,,,,,4342,341255,6238,341255,6238,97704,,,,285130,5097,,0
6/22/20,CT,B,4263,3403,3,860,10099,10099,140,0,,,358499,6324,,,,,,45782,43820,27,0,,,,,,7842,,0,404281,6351,,,,,,0,395590,2115
6/22/20,DC,A+,535,,2,,,,155,0,,50,71946,2444,,,,,34,10058,,38,0,,,,,,1182,82004,2482,82004,2482,,,,,64071,1984,,0
6/22/20,DE,A,504,446,0,58,,,89,0,,,85903,1704,,,,,,10820,9764,45,0,,,,,13311,6459,118099,2813,118099,2813,,,,,96723,1749,,0
6/22/20,FL,A,3266,3266,12,,13407,13407,,82,,,1517270,15265,,198132,1777209,,,97537,,2751,0,,,8627,,131152,,1724166,33994,1724166,33994,,,206789,,1618540,18205,1911676,22014
6/22/20,GA,A,2648,,5,,9953,9953,1000,116,2155,,642098,8492,,,,,,65928,65928,1227,0,8079,,,,59960,,,0,707549,9708,142648,,,,708026,19438,707549,9708
6/22/20,GU,A,5,,0,,,,0,0,,0,10180,392,,,10077,,0,224,216,2,0,2,,,,216,173,,0,10404,394,122,,,,,0,10293,227
6/22/20,HI,D,17,,0,,97,97,,1,,,67897,840,,,,,,814,,11,0,,,,,774,651,78773,1436,78773,1436,,,,,68711,851,79795,1051
6/22/20,IA,A+,686,,1,,,,169,0,,51,232581,1392,,26850,,,28,26051,26051,88,0,,,2207,,,16240,,0,258632,1480,,,29086,,259002,1480,,0
6/22/20,ID,A,89,69,0,20,283,283,41,0,101,12,68962,0,,,,,,4006,3585,0,0,,,,,,3305,,0,72547,0,,,,,72547,0,,0
6/22/20,IL,A,6875,6671,24,204,,,1628,0,,419,1241779,17757,,,,,250,138224,137224,462,0,,,,,,,,0,1380003,18219,,,,,,0,1379003,18219
6/22/20,IN,A+,2553,2363,13,190,6819,6819,756,31,1452,283,376283,6786,,,,,108,42633,,210,0,,,,,43983,31739,,0,530904,2797,,,,,418916,6996,530904,2797
6/22/20,KS,A,259,,5,,1056,1056,,21,342,,142548,6958,,,,149,,12465,,406,0,,,,,,722,,0,155013,7364,,,,,154770,7357,,0
6/22/20,KY,B,526,522,0,4,2532,2532,349,10,987,67,308193,4662,,,,,,13839,13449,89,0,,,,,,3534,,0,321642,4858,30573,,,,,0,321642,4858
6/22/20,LA,B,3117,3004,12,113,,,630,0,,,567825,6791,,,,,77,50239,50239,461,0,,,,,,39792,,0,618064,7252,,,,,,0,618064,7252
6/22/20,MA,A+,7874,7694,16,180,11094,11094,920,9,,180,672853,6594,,,,,107,107210,102469,149,0,,,,,135290,91404,,0,1003300,13590,,,64592,,775322,6730,1003300,13590
6/22/20,MD,A,3074,2945,8,129,10572,10572,602,28,,232,410122,5397,,,,,,64603,64603,297,0,,,,,74856,4776,,0,567025,7433,,,,,474725,5694,567025,7433
6/22/20,ME,B,102,102,0,,336,336,27,0,,13,78033,0,6336,,76924,,6,2971,2640,14,0,305,,,,3619,2409,,0,81004,14,6649,,,,,0,80662,0
6/22/20,MI,A+,6097,5853,7,244,,,557,0,,209,850060,10345,,,850060,,99,67957,61409,246,0,,,,,84485,49290,,0,918017,10591,143099,,,,,0,934545,10584
6/22/20,MN,A,1416,1384,4,32,3830,3830,332,33,1180,156,479910,8467,,,,,,33227,33227,307,0,,,,,,29065,513137,8774,513137,8774,,,,,,0,,0
6/22/20,MO,B,961,,5,,,,415,0,,,299231,2077,,36243,252506,,66,18143,18143,140,0,,,1421,,17275,,,0,270232,0,,,37664,,317374,2217,270232,0
6/22/20,MP,D,2,,0,,,,,0,,,8139,0,,,,,,30,30,0,0,,,,,,19,,0,8169,0,,,,,,0,8169,0
6/22/20,MS,A,978,961,40,17,2881,2881,710,114,,148,230962,12888,,,,,95,22287,22136,1646,0,95,,,,,17242,,0,253249,14534,10713,,,,,0,253098,14524
6/22/20,MT,C,21,,1,,90,90,15,1,,,70565,925,,,,,,740,740,23,0,,,,,,548,,0,71305,948,,,,,,0,71305,948
6/22/20,NC,A,1223,1223,3,,,,870,0,,,703740,10766,,,,,,53605,53605,804,0,,,,,,36921,,0,757345,11570,,,,,,0,757345,11570
6/22/20,ND,D,83,,0,,218,218,31,2,,,94140,1255,4349,,,,,3308,3308,25,0,139,,,,,2952,154869,2184,154869,2184,4488,,,,95100,1242,158163,2226
6/22/20,NE,D,244,,0,,1212,1212,141,0,,,138698,2164,,,167929,,,17810,17810,103,0,,,,,21512,11776,,0,189997,2825,,,,,156691,2268,189997,2825
6/22/20,NH,B,339,,0,,553,553,55,2,159,,103318,2951,,,,,,5544,5544,26,0,,,,,,4275,,0,132120,1287,20112,,17588,,108862,2977,132120,1287
6/22/20,NJ,A+,14651,12895,28,1756,19401,19401,1033,134,,287,1097984,22159,,,,,213,169415,169415,273,0,,,,,,29522,,0,1267399,22432,,,,,,0,1267399,22432
6/22/20,NM,C,469,,0,,1754,1754,139,8,,,287382,4516,,,,,,10694,10694,129,0,,,,,,4742,,0,298076,4645,,,,,,0,298076,4645
6/22/20,NV,A+,492,,0,,,,373,0,,100,230530,2044,,,,,46,13535,13535,330,0,,,,,,,288363,1663,288363,1663,,,,,243574,2204,280087,2055
6/22/20,NY,A,24739,,14,,89995,89995,1122,0,,330,3063611,56228,,,,,228,388488,388488,552,0,,,,,,69710,3452099,56780,3452099,56780,,,,,,0,,0
6/22/20,OH,B,2704,2467,4,237,7292,7292,549,50,1852,217,614064,15651,,,,,124,45537,42254,729,0,,,,,,,,0,659601,16380,,,,,,0,656318,16327
6/22/20,OK,A+,369,,0,,1268,1268,197,25,,93,271925,0,,,271925,,,10733,10733,218,0,1058,,,,11340,7648,,0,282658,218,30021,,,,,0,283875,0
6/22/20,OR,A+,192,,2,,969,969,145,23,,48,199545,3871,,,294482,,27,7083,6836,146,0,,,,,16060,2588,,0,310542,5771,,,,,206381,3770,310542,5771
6/22/20,PA,A+,6426,,3,,,,745,0,,,585662,9647,,,,,156,82186,79859,456,0,,,,,,64105,,0,667848,10103,,,,,665521,10101,,0
6/22/20,PR,C,149,57,0,92,,,70,0,,10,113280,0,,,112331,,3,1540,1540,7,0,5024,,,,2326,,,0,114820,7,,,,,,0,114723,0
6/22/20,RI,A+,903,,9,,1950,1950,106,28,,18,127297,1596,,,205408,,15,16535,16535,59,0,,,,,23434,1554,229672,1072,229672,1072,,,,,143832,1655,228842,3684
6/22/20,SC,A,659,659,6,0,2294,2294,731,0,,,278179,205,32276,,278179,,,25701,25666,1008,0,1630,,,,33774,10790,,0,303880,1213,33906,,,,,0,311953,9318
6/22/20,SD,B,81,,0,,616,616,88,8,,,67003,274,,,,,,6326,,29,0,,,,,,5437,,0,73329,303,,,,,73329,303,,0
6/22/20,TN,B,531,510,5,21,2301,2301,664,10,,,664552,14025,,,658355,,,35553,35302,451,0,,,,,41499,23567,,0,700105,14476,,,,,,0,699854,14473
6/22/20,TX,B,2192,,10,,,,3711,0,,,1785006,13712,,,,,,114881,114881,3280,0,6527,866,,,173856,69190,,0,1899887,16992,166168,5043,,,,0,1899887,16992
6/22/20,UT,A,158,,0,,1192,1192,198,8,338,67,289934,3395,,,337707,150,,17906,17906,444,0,,19,,18,20590,9863,,0,358297,4463,,69,,58,308406,3714,358297,4463
6/22/20,VA,A+,1620,1517,9,103,5869,5869,848,29,,240,499658,11976,,,,,132,58465,55949,471,0,,,,,69143,7663,573171,8774,573171,8774,,,,,,0,,0
6/22/20,VI,C,6,6,0,,,,,0,,,2502,0,,,,,,76,,0,0,,,,,,64,,0,2578,0,,,,,,0,2593,6
6/22/20,VT,B,56,56,0,,,,8,0,,,55633,774,,,,,,1163,1163,4,0,,,,,,926,,0,67251,1177,,,,,56796,778,67251,1177
6/22/20,WA,B,1270,1270,5,,4049,4049,362,19,,,545212,12915,,,,,42,30423,30423,315,0,,,,,,,576444,13634,576444,13634,,,,,474938,8869,,0
6/22/20,WI,A+,745,745,1,,3231,3231,246,11,711,93,466634,6300,,,,,,27878,25068,263,0,,,,,,19543,594804,8861,594804,8861,,,,,491702,6549,,0
6/22/20,WV,B,89,,0,,,,21,0,,5,148652,606,,,,,2,2552,2461,9,0,,,,,,1681,,0,151204,615,8575,,,,,0,151113,615
6/22/20,WY,C,20,,0,,105,105,8,5,,,26162,0,,,40048,,,1230,974,33,0,,,,,1201,931,,0,41249,1550,,,,,27109,0,41249,1550
6/21/20,AK,A,12,12,0,,65,65,15,0,,,87290,1122,,,,,1,761,,11,0,,,,,,475,,0,88051,1133,,,,,,0,88051,1133
6/21/20,AL,B,839,829,1,10,2460,2460,625,17,721,,314657,4683,,,,424,,30021,29598,472,0,,,,,,15974,,0,344255,5155,,,,,344255,5155,,0
6/21/20,AR,A,224,,0,,1152,1152,240,52,,,227092,0,,,,184,59,15142,15142,0,0,,,,,,10082,,0,242234,0,,,,,,0,242234,0
6/21/20,AS,C,0,,0,,,,,0,,,174,0,,,,,,0,0,0,0,,,,,,,,0,174,0,,,,,,0,174,0
6/21/20,AZ,A+,1339,1248,1,91,4255,4255,1942,3,,556,367354,11872,,,,,361,52390,52018,2592,0,,,,,,7387,,0,585644,13128,147565,,,,419372,14464,585644,13128
6/21/20,CA,B,5495,,71,,,,4679,0,,1366,3145432,80329,,,,,,173824,173824,4515,0,,,,,,,,0,3319256,84844,,,,,,0,3319256,84844
6/21/20,CO,A,1647,1310,0,337,5327,5327,256,4,,,252233,4196,90329,,,,,30539,27800,190,0,6513,,,,,4328,335017,5637,335017,5637,96842,,,,280033,4388,,0
6/21/20,CT,B,4260,3401,9,859,10099,10099,149,0,,,352175,2003,,,,,,45755,43802,40,0,,,,,,7842,,0,397930,2043,,,,,,0,393475,3772
6/21/20,DC,A+,533,,2,,,,168,0,,61,69502,1533,,,,,37,10020,,36,0,,,,,,1172,79522,1569,79522,1569,,,,,62087,1335,,0
6/21/20,DE,A,504,446,0,58,,,79,0,,,84199,2464,,,,,,10775,9724,94,0,,,,,13240,6459,115286,2861,115286,2861,,,,,94974,2558,,0
6/21/20,FL,A,3254,3254,17,,13325,13325,,98,,,1502005,34530,,198132,1758538,,,94786,,4617,0,,,8627,,127837,,1690172,37092,1690172,37092,,,206789,,1600335,38055,1889662,45556
6/21/20,GA,A,2643,,1,,9837,9837,960,0,2140,,633606,3031,,,,,,64701,64701,892,0,8017,,,,58871,,,0,697841,9707,140694,,,,688588,0,697841,9707
6/21/20,GU,A,5,,0,,,,0,0,,0,9788,0,,,9852,,0,222,214,0,0,2,,,,214,173,,0,10010,0,116,,,,,0,10066,0
6/21/20,HI,D,17,,0,,96,96,,0,,,67057,1112,,,,,,803,,14,0,,,,,765,644,77337,1282,77337,1282,,,,,67860,1126,78744,1124
6/21/20,IA,A+,685,,4,,,,170,0,,53,231189,6478,,26662,,,27,25963,25963,467,0,,,2207,,,16068,,0,257152,6945,,,28898,,257522,6946,,0
6/21/20,ID,A,89,69,0,20,283,283,31,4,101,12,68962,1637,,,,,,4006,3585,135,0,,,,,,3305,,0,72547,1756,,,,,72547,1756,,0
6/21/20,IL,A,6851,6647,22,204,,,1631,0,,422,1224022,23158,,,,,256,137762,136762,658,0,,,,,,,,0,1361784,23816,,,,,,0,1360784,23816
6/21/20,IN,A+,2540,2350,4,190,6788,6788,744,33,1450,226,369497,9756,,,,,124,42423,,362,0,,,,,43845,31302,,0,528107,6393,,,,,411920,10118,528107,6393
6/21/20,KS,A,254,,0,,1035,1035,,0,338,,135590,0,,,,146,,12059,,0,0,,,,,,715,,0,147649,0,,,,,147413,0,,0
6/21/20,KY,B,526,523,2,3,2522,2522,354,0,980,62,303531,0,,,,,,13750,13369,120,0,,,,,,3530,,0,316784,0,30547,,,,,0,316784,0
6/21/20,LA,B,3105,2993,1,112,,,589,0,,,561034,5603,,,,,69,49778,49778,393,0,,,,,,37017,,0,610812,5996,,,,,,0,610812,5996
6/21/20,MA,A+,7858,7677,30,181,11085,11085,927,9,,194,666259,8258,,,,,111,107061,102333,125,0,,,,,134874,91404,,0,989710,5228,,,64266,,768592,8363,989710,5228
6/21/20,MD,A,3066,2937,14,129,10544,10544,608,47,,230,404725,6401,,,,,,64306,64306,350,0,,,,,74473,4773,,0,559592,9424,,,,,469031,6751,559592,9424
6/21/20,ME,B,102,102,0,,336,336,26,3,,11,78033,1395,6336,,76924,,5,2957,2629,19,0,305,,,,3619,2391,,0,80990,1414,6649,,,,,0,80662,1414
6/21/20,MI,A+,6090,5846,3,244,,,557,0,,209,839715,12626,,,839715,,99,67711,61230,166,0,,,,,84246,49290,,0,907426,12792,141941,,,,,0,923961,12933
6/21/20,MN,A,1412,1380,8,32,3797,3797,322,30,1163,160,471443,11867,,,,,,32920,32920,453,0,,,,,,28663,504363,12320,504363,12320,,,,,,0,,0
6/21/20,MO,B,956,,1,,,,415,0,,,297154,3629,,36213,252506,,66,18003,18003,413,0,,,1419,,17275,,,0,270232,0,,,37632,,315157,4042,270232,0
6/21/20,MP,D,2,,0,,,,,0,,,8139,0,,,,,,30,30,0,0,,,,,,19,,0,8169,0,,,,,,0,8169,0
6/21/20,MS,A,938,922,0,16,2767,2767,689,0,,156,218074,0,,,,,98,20641,20500,0,0,95,,,,,15323,,0,238715,0,10353,,,,,0,238574,0
6/21/20,MT,C,20,,0,,89,89,15,4,,,69640,808,,,,,,717,717,19,0,,,,,,548,,0,70357,827,,,,,,0,70357,827
6/21/20,NC,A,1220,1220,8,,,,845,0,,,692974,13022,,,,,,52801,52801,1412,0,,,,,,29219,,0,745775,14434,,,,,,0,745775,14434
6/21/20,ND,D,83,,1,,216,216,31,3,,,92885,1905,4344,,,,,3283,3283,37,0,139,,,,,2910,152685,3861,152685,3861,4483,,,,93858,1929,155937,3932
6/21/20,NE,D,244,,0,,1212,1212,140,12,,,136534,2271,,,165239,,,17707,17707,116,0,,,,,21382,11565,,0,187172,2942,,,,,154423,2383,187172,2942
6/21/20,NH,B,339,,2,,551,551,55,2,159,,100367,286,,,,,,5518,5518,32,0,,,,,,4244,,0,130833,2201,20002,,17402,,105885,318,130833,2201
6/21/20,NJ,A+,14623,12870,15,1753,19267,19267,1105,0,,278,1075825,25786,,,,,219,169142,169142,308,0,,,,,,29450,,0,1244967,26094,,,,,,0,1244967,26094
6/21/20,NM,C,469,,3,,1746,1746,134,6,,,282866,4659,,,,,,10565,10565,135,0,,,,,,4684,,0,293431,4794,,,,,,0,293431,4794
6/21/20,NV,A+,492,,1,,,,370,0,,87,228486,2454,,,,,49,13205,13205,274,0,,,,,,,286700,3616,286700,3616,,,,,241370,2696,278032,3153
6/21/20,NY,A,24725,,15,,89995,89995,1142,0,,332,3007383,66862,,,,,237,387936,387936,664,0,,,,,,69506,3395319,67526,3395319,67526,,,,,,0,,0
6/21/20,OH,B,2700,2463,3,237,7242,7242,496,41,1844,194,598413,12710,,,,,119,44808,41578,546,0,,,,,,,,0,643221,13256,,,,,,0,639991,13226
6/21/20,OK,A+,369,,1,,1243,1243,197,14,,93,271925,0,,,271925,,,10515,10037,478,0,1058,,,,11340,7531,,0,282440,478,30021,,,,,0,283875,0
6/21/20,OR,A+,190,,1,,946,946,154,0,,50,195674,8329,,,288943,,29,6937,6344,187,0,,,,,15828,2533,,0,304771,6490,,,,,202611,8922,304771,6490
6/21/20,PA,A+,6423,,4,,,,735,0,,,576015,9554,,,,,157,81730,79405,464,0,,,,,,62932,,0,657745,10018,,,,,655420,10012,,0
6/21/20,PR,C,149,57,2,92,,,71,0,,13,113280,0,,,112331,,5,1533,1533,2,0,4992,,,,2326,,,0,114813,2,,,,,,0,114723,0
6/21/20,RI,A+,894,,0,,1922,1922,123,0,,23,125701,623,,,201860,,12,16476,16476,27,0,,,,,23298,1515,228600,1958,228600,1958,,,,,142177,650,225158,1010
6/21/20,SC,A,653,653,9,0,2294,2294,692,0,,,277974,5511,31883,,270043,,,24693,24661,907,0,1623,,,,32592,10790,,0,302667,6418,33506,,,,,0,302635,6416
6/21/20,SD,B,81,,0,,608,608,89,10,,,66729,1039,,,,,,6297,,72,0,,,,,,5389,,0,73026,1111,,,,,73026,1111,,0
6/21/20,TN,B,526,505,2,21,2291,2291,605,25,,,650527,9633,,,644414,,,35102,34854,656,0,,,,,40967,23067,,0,685629,10289,,,,,,0,685381,10280
6/21/20,TX,B,2182,,17,,,,3409,0,,,1771294,26844,,,,,,111601,111601,3866,0,6493,739,,,170508,68499,,0,1882895,30710,163944,4481,,,,0,1882895,30710
6/21/20,UT,A,158,,3,,1184,1184,222,23,338,67,286539,4400,,,333588,150,,17462,17462,394,0,,19,,18,20246,9659,,0,353834,6117,,69,,58,304692,4860,353834,6117
6/21/20,VA,A+,1611,1508,4,103,5840,5840,863,33,,243,487682,13721,,,,,125,57994,55504,551,0,,,,,68672,7646,564397,14255,564397,14255,,,,,,0,,0
6/21/20,VI,C,6,6,0,,,,,0,,,2502,10,,,,,,76,,2,0,,,,,,64,,0,2578,12,,,,,,0,2587,1
6/21/20,VT,B,56,56,0,,,,11,0,,,54859,769,,,,,,1159,1159,12,0,,,,,,922,,0,66074,1029,,,,,56018,781,66074,1029
6/21/20,WA,B,1265,1265,10,,4030,4030,371,27,,,532297,3608,,,,,54,30108,30108,521,0,,,,,,,562810,3797,562810,3797,,,,,466069,-8807,,0
6/21/20,WI,A+,744,744,0,,3220,3220,243,17,710,94,460334,5771,,,,,,27615,24819,289,0,,,,,,19310,585943,10914,585943,10914,,,,,485153,6051,,0
6/21/20,WV,B,89,,1,,,,23,0,,3,148046,2136,,,,,2,2543,2452,57,0,,,,,,1676,,0,150589,2193,8566,,,,,0,150498,2185
6/21/20,WY,C,20,,0,,100,100,8,2,,,26162,0,,,38540,,,1197,947,18,0,,,,,1159,909,,0,39699,150,,,,,27109,0,39699,150
6/20/20,AK,A,12,12,0,,65,65,16,2,,,86168,3266,,,,,1,750,,21,0,,,,,,464,,0,86918,3287,,,,,,0,86918,3287
6/20/20,AL,B,838,828,16,10,2443,2443,638,27,717,,309974,7651,,,,418,,29549,29126,547,0,,,,,,15974,,0,339100,8194,,,,,339100,8194,,0
6/20/20,AR,B,224,,10,,1100,1100,224,0,,,227092,6951,,,,175,53,15142,15142,511,0,,,,,,10082,,0,242234,7462,,,,,,0,242234,7462
6/20/20,AS,C,0,,0,,,,,0,,,174,0,,,,,,0,0,0,0,,,,,,,,0,174,0,,,,,,0,174,0
6/20/20,AZ,A+,1338,1247,26,91,4252,4252,1938,6,,546,355482,9955,,,,,368,49798,49426,3109,0,,,,,,7196,,0,572516,22321,144366,,,,404908,13058,572516,22321
6/20/20,CA,B,5424,,64,,,,4582,0,,1332,3065103,74817,,,,,,169309,169309,3893,0,,,,,,,,0,3234412,78710,,,,,,0,3234412,78710
6/20/20,CO,A,1647,1310,4,337,5323,5323,255,5,,,248037,5155,89299,,,,,30349,27608,162,0,6457,,,,,4309,329380,7016,329380,7016,95756,,,,275645,5310,,0
6/20/20,CT,B,4251,3394,13,857,10099,10099,150,0,,,350172,3641,,,,,,45715,43763,158,0,,,,,,7842,,0,395887,3799,,,,,,0,389703,11772
6/20/20,DC,A+,531,,1,,,,177,0,,58,67969,4130,,,,,40,9984,,32,0,,,,,,1166,77953,4162,77953,4162,,,,,60752,1680,,0
6/20/20,DE,A,504,446,0,58,,,75,0,,,81735,1912,,,,,,10681,9632,70,0,,,,,13176,6395,112425,4860,112425,4860,,,,,92416,1982,,0
6/20/20,FL,A,3237,3237,40,,13227,13227,,165,,,1467475,24352,,198132,1717070,,,90169,,4002,0,,,8627,,123815,,1653080,30974,1653080,30974,,,206789,,1562280,28404,1844106,34452
6/20/20,GA,A,2642,,6,,9837,9837,944,65,2140,,630575,22278,,,,,,63809,63809,1800,0,7943,,,,57956,,,0,688134,24618,138123,,,,688588,24613,688134,24618
6/20/20,GU,A,5,,0,,,,0,0,,0,9788,273,,,9852,,0,222,214,22,0,2,,,,214,173,,0,10010,295,116,,,,,0,10066,359
6/20/20,HI,D,17,,0,,96,96,,1,,,65945,963,,,,,,789,,27,0,,,,,753,642,76055,1361,76055,1361,,,,,66734,990,77620,1280
6/20/20,IA,A+,681,,0,,,,182,0,,58,224711,3337,,26256,,,30,25496,25496,221,0,,,2202,,,15963,,0,250207,3558,,,28486,,250576,3561,,0
6/20/20,ID,A,89,69,0,20,279,279,28,1,101,9,67325,1523,,,,,,3871,3466,128,0,,,,,,3183,,0,70791,1635,,,,,70791,1635,,0
6/20/20,IL,A,6829,6625,111,204,,,1696,0,,454,1200864,25331,,,,,274,137104,136104,634,0,,,,,,,,0,1337968,25965,,,,,,0,1336968,25965
6/20/20,IN,A+,2536,2346,20,190,6755,6755,768,24,1444,231,359741,8600,,,,,113,42061,,315,0,,,,,43627,31110,,0,521714,13456,,,,,401802,8915,521714,13456
6/20/20,KS,A,254,,0,,1035,1035,,0,338,,135590,0,,,,146,,12059,,0,0,,,,,,715,,0,147649,0,,,,,147413,0,,0
6/20/20,KY,B,524,521,2,3,2522,2522,354,28,980,62,303531,5758,,,,,,13630,13253,176,0,,,,,,3530,,0,316784,5914,30547,,,,,0,316784,5914
6/20/20,LA,B,3104,2992,20,112,,,574,0,,,555431,13037,,,,,73,49385,49385,870,0,,,,,,37017,,0,604816,13907,,,,,,0,604816,13907
6/20/20,MA,A+,7828,7647,28,181,11076,11076,964,40,,200,658001,13844,,,,,118,106936,102228,286,0,,,,,134754,91404,,0,984482,7208,,,63736,,760229,14067,984482,7208
6/20/20,MD,A,3052,2923,22,129,10497,10497,644,50,,238,398324,8203,,,,,,63956,63956,408,0,,,,,73980,4745,,0,550168,11802,,,,,462280,8611,550168,11802
6/20/20,ME,B,102,102,0,,333,333,29,5,,13,76638,2390,6203,,75537,,5,2938,2610,25,0,303,,,,3592,2380,,0,79576,2415,6514,,,,,0,79248,1328
6/20/20,MI,A+,6087,5843,20,244,,,557,0,,209,827089,14258,,,827089,,99,67545,61084,448,0,,,,,83939,49290,,0,894634,14706,140185,,,,,0,911028,14646
6/20/20,MN,A,1404,1372,11,32,3767,3767,324,19,1155,161,459576,16455,,,,,,32467,32467,436,0,,,,,,28205,492043,16891,492043,16891,,,,,,0,,0
6/20/20,MO,B,955,,7,,,,415,0,,,293525,4442,,35823,252506,,66,17590,17590,389,0,,,1387,,17275,,,0,270232,0,,,37210,,311115,4831,270232,0
6/20/20,MP,D,2,,0,,,,,0,,,8139,0,,,,,,30,30,0,0,,,,,,19,,0,8169,0,,,,,,0,8169,0
6/20/20,MS,A,938,922,0,16,2767,2767,465,0,,159,218074,0,,,,,108,20641,20500,0,0,95,,,,,15323,,0,238715,0,10353,,,,,0,238574,0
6/20/20,MT,C,20,,0,,85,85,10,3,,,68832,1076,,,,,,698,698,32,0,,,,,,548,,0,69530,1108,,,,,,0,69530,1108
6/20/20,NC,A,1212,1212,15,,,,883,0,,,679952,17479,,,,,,51389,51389,1549,0,,,,,,29219,,0,731341,19028,,,,,,0,731341,19028
6/20/20,ND,D,82,,0,,213,213,28,3,,,90980,1600,4336,,,,,3246,3246,25,0,139,,,,,2882,148824,3896,148824,3896,4475,,,,91929,1662,152005,3943
6/20/20,NE,D,244,,4,,1200,1200,141,34,,,134263,3832,,,162454,,,17591,17591,176,0,,,,,21226,11312,,0,184230,3434,,,,,152040,4001,184230,3434
6/20/20,NH,B,337,,6,,549,549,61,16,159,,100081,1806,,,,,,5486,5486,36,0,,,,,,4209,,0,128632,2995,19749,,17126,,105567,1842,128632,2995
6/20/20,NJ,A+,14608,12857,23,1751,19267,19267,1125,0,,286,1050039,24192,,,,,238,168834,168834,338,0,,,,,,29318,,0,1218873,24530,,,,,,0,1218873,24530
6/20/20,NM,C,466,,2,,1740,1740,145,5,,,278207,3865,,,,,,10430,10430,170,0,,,,,,4628,,0,288637,4035,,,,,,0,288637,4035
6/20/20,NV,A+,491,,0,,,,370,0,,87,226032,4158,,,,,49,12931,12931,445,0,,,,,,,283084,6368,283084,6368,,,,,238674,4521,274879,5782
6/20/20,NY,A,24710,,24,,89995,89995,1220,0,,335,2940521,68114,,,,,237,387272,387272,716,0,,,,,,69506,3327793,68830,3327793,68830,,,,,,0,,0
6/20/20,OH,B,2697,2460,30,237,7201,7201,482,34,1833,186,585703,13398,,,,,118,44262,41062,531,0,,,,,,,,0,629965,13929,,,,,,0,626765,13911
6/20/20,OK,A+,368,,1,,1229,1229,197,20,,93,271925,7053,,,271925,,,10037,10037,331,0,1058,,,,11340,7414,,0,281962,7384,30021,,,,,0,283875,7559
6/20/20,OR,A+,189,,1,,946,946,154,0,,50,187345,0,,,282661,,29,6750,6344,178,0,,,,,15620,2533,,0,298281,8110,,,,,193689,0,298281,8110
6/20/20,PA,A+,6419,,20,,,,715,0,,,566461,10005,,,,,161,81266,78947,504,0,,,,,,62574,,0,647727,10509,,,,,645408,10501,,0
6/20/20,PR,C,147,57,0,90,,,83,0,,10,113280,0,,,112331,,4,1531,1531,32,0,4932,,,,2326,,,0,114811,32,,,,,,0,114723,0
6/20/20,RI,A+,894,,0,,1922,1922,123,0,,23,125078,681,,,200885,,12,16449,16449,36,0,,,,,23263,1515,226642,3899,226642,3899,,,,,141527,717,224148,1756
6/20/20,SC,A,644,644,5,0,2294,2294,673,0,,,272463,6794,31275,,264666,,,23786,23756,1155,0,1602,,,,31553,10790,,0,296249,7949,32877,,,,,0,296219,7942
6/20/20,SD,B,81,,0,,598,598,91,9,,,65690,655,,,,,,6225,,67,0,,,,,,5335,,0,71915,722,,,,,71915,722,,0
6/20/20,TN,B,524,503,9,21,2266,2266,588,28,,,640894,13222,,,634900,,,34446,34207,429,0,,,,,40201,22838,,0,675340,13651,,,,,,0,675101,7765
6/20/20,TX,B,2165,,25,,,,3247,0,,,1744450,45918,,,,,,107735,107735,4430,0,6431,623,,,165047,67096,,0,1852185,50348,159453,3869,,,,0,1852185,50348
6/20/20,UT,A,155,,0,,1161,1161,232,16,333,66,282139,4884,,,327981,149,,17068,17068,643,0,,17,,17,19736,9390,,0,347717,6803,,67,,57,299832,5454,347717,6803
6/20/20,VA,A+,1607,1504,5,103,5807,5807,880,10,,267,473961,18343,,,,,133,57443,54953,650,0,,,,,67975,7607,550142,8834,550142,8834,,,,,,0,,0
6/20/20,VI,C,6,6,0,,,,,0,,,2492,42,,,,,,74,,0,0,,,,,,64,,0,2566,42,,,,,,0,2586,51
6/20/20,VT,B,56,56,0,,,,9,0,,,54090,1142,,,,,,1147,1147,4,0,,,,,,920,,0,65045,1510,,,,,55237,1146,65045,1510
6/20/20,WA,B,1255,1255,10,,4003,4003,359,44,,,528689,6758,,,,,49,29587,29587,542,0,,,,,,,559013,7072,559013,7072,,,,,474876,689,,0
6/20/20,WI,A+,744,744,14,,3203,3203,239,26,708,90,454563,9812,,,,,,27326,24539,413,0,,,,,,18951,575029,13680,575029,13680,,,,,479102,10197,,0
6/20/20,WV,B,88,,0,,,,22,0,,6,145910,2331,,,,,2,2486,2403,51,0,,,,,,1669,,0,148396,2382,8384,,,,,0,148313,2381
6/20/20,WY,C,20,,0,,98,98,8,0,,,26162,-9139,,,38395,,,1179,930,6,0,,,,,1154,896,,0,39549,190,,,,,27109,27109,39549,190
6/19/20,AK,A,12,12,0,,63,63,18,2,,,82902,2430,,,,,1,729,,16,0,,,,,,457,,0,83631,2446,,,,,,0,83631,2446
6/19/20,AL,B,822,812,12,10,2416,2416,650,43,710,,302323,7995,,,,415,,29002,28583,796,0,,,,,,15974,,0,330906,8782,,,,,330906,8782,,0
6/19/20,AR,B,214,,6,,1100,1100,224,26,,,220141,5635,,,,175,53,14631,14631,703,0,,,,,,9712,,0,234772,6338,,,,,,0,234772,6338
6/19/20,AS,C,0,,0,,,,,0,,,174,0,,,,,,0,0,0,0,,,,,,,,0,174,0,,,,,,0,174,0
6/19/20,AZ,A+,1312,1224,41,88,4246,4246,1832,5,,519,345527,9238,,,,,362,46689,46323,3246,0,,,,,,7018,,0,550195,20636,140847,,,,391850,12476,550195,20636
6/19/20,CA,B,5360,,70,,,,4587,0,,1329,2990286,76855,,,,,,165416,165416,4317,0,,,,,,,,0,3155702,81172,,,,,,0,3155702,81172
6/19/20,CO,A,1643,1306,5,337,5318,5318,250,10,,,242882,8337,87749,,,,,30187,27453,286,0,6385,,,,,4296,322364,7595,322364,7595,94134,,,,270335,5869,,0
6/19/20,CT,B,4238,3385,12,853,10099,10099,172,0,,,346531,11678,,,,,,45557,43610,117,0,,,,,,7842,,0,392088,11795,,,,,,0,377931,7293
6/19/20,DC,A+,530,,3,,,,184,0,,63,63839,1543,,,,,44,9952,,49,0,,,,,,1162,73791,1592,73791,1592,,,,,59072,1205,,0
6/19/20,DE,A,504,446,2,58,,,75,0,,,79823,1638,,,,,,10611,9580,112,0,,,,,13067,6395,107565,1456,107565,1456,,,,,90434,1750,,0
6/19/20,FL,A,3197,3197,43,,13062,13062,,200,,,1443123,17737,,171364,1687546,,,86167,,3313,0,,,7717,,118915,,1622106,31521,1622106,31521,,,179109,,1533876,21561,1809654,26539
6/19/20,GA,A,2636,,31,,9772,9772,937,109,2122,,608297,6005,,,,,,62009,62009,1097,0,7848,,,,55621,,,0,663516,6560,134309,,,,663975,663975,663516,6560
6/19/20,GU,B,5,,0,,,,0,0,,0,9515,120,,,9515,,0,200,192,7,0,2,,,,192,173,,0,9715,127,114,,,,,0,9707,447
6/19/20,HI,D,17,,0,,95,95,,0,,,64982,1352,,,,,,762,,18,0,,,,,727,640,74694,1890,74694,1890,,,,,65744,1370,76340,1807
6/19/20,IA,A+,681,,2,,,,197,0,,60,221374,5297,,25816,,,37,25275,25275,421,0,,,2171,,,15816,,0,246649,5718,,,28015,,247015,5714,,0
6/19/20,ID,A,89,69,1,20,278,278,28,3,101,9,65802,1422,,,,,,3743,3354,111,0,,,,,,3088,,0,69156,1518,,,,,69156,1518,,0
6/19/20,IL,A,6718,6580,0,204,,,1837,0,,512,1175533,26479,,,,,293,136470,135470,831,0,,,,,,,,0,1312003,27310,,,,,,0,1311003,27171
6/19/20,IN,A+,2516,2327,25,189,6731,6731,773,142,1465,259,351141,7857,,,,,111,41746,,308,0,,,,,43205,30760,,0,508258,13669,,,,,392887,8165,508258,13669
6/19/20,KS,A,254,,7,,1035,1035,,24,338,,135590,5147,,,,146,,12059,,378,0,,,,,,715,,0,147649,5525,,,,,147413,5525,,0
6/19/20,KY,B,522,519,2,3,2494,2494,339,12,978,64,297773,4590,,,,,,13454,13097,257,0,,,,,,3516,,0,310870,4841,30270,,,,,0,310870,4841
6/19/20,LA,B,3084,2972,22,112,,,561,0,,,542394,45807,,,,,75,48515,48515,-119,0,,,,,,37017,,0,590909,45688,,,,,,0,590909,45688
6/19/20,MA,A+,7800,7619,30,181,11036,11036,994,51,,199,644157,9319,,,,,124,106650,102005,228,0,,,,,134592,91404,,0,977274,11621,,,62591,,746162,9471,977274,11621
6/19/20,MD,A,3030,2901,14,129,10447,10447,648,90,,261,390121,5742,,,,,,63548,63548,319,0,,,,,73424,4685,,0,538366,8628,,,,,453669,6061,538366,8628
6/19/20,ME,A,102,102,0,,328,328,26,5,,11,74248,3066,6087,,74248,,5,2913,2586,35,0,300,,,,3554,2323,,0,77161,3101,6395,,,,,0,77920,3157
6/19/20,MI,A+,6067,5823,6,244,,,557,0,,209,812831,29443,,,812831,,99,67097,60829,299,0,,,,,83551,44964,,0,879928,29742,137858,,,,,0,896382,30105
6/19/20,MN,A,1393,1361,17,32,3748,3748,339,30,1150,168,443121,13917,,,,,,32031,32031,356,0,,,,,,27709,475152,14273,475152,14273,,,,,,0,,0
6/19/20,MO,B,948,,2,,,,594,0,,,289083,8649,,35265,252506,,70,17201,17201,293,0,,,1385,,17275,,,0,270232,0,,,36650,,306284,8942,270232,0
6/19/20,MP,D,2,,0,,,,,0,,,8139,0,,,,,,30,30,0,0,,,,,,19,,0,8169,0,,,,,,0,8169,0
6/19/20,MS,A,938,922,0,16,2767,2767,661,0,,159,218074,0,,,,,108,20641,20500,0,0,95,,,,,15323,,0,238715,0,10353,,,,,0,238574,0
6/19/20,MT,C,20,,0,,82,82,9,1,,,67756,1541,,,,,,666,666,11,0,,,,,,546,,0,68422,1552,,,,,,0,68422,1552
6/19/20,NC,A,1197,1197,22,,,,871,0,,,662473,16983,,,,,,49840,49840,1652,0,,,,,,29219,,0,712313,18635,,,,,,0,712313,18635
6/19/20,ND,D,82,,1,,210,210,26,2,,,89380,1919,4266,,,,,3221,3221,32,0,135,,,,,2840,144928,3778,144928,3778,4401,,,,90267,1909,148062,3813
6/19/20,NE,D,240,,6,,1166,1166,149,25,,,130431,2844,,,159240,,,17415,17415,189,0,,,,,21009,11066,,0,180796,3591,,,,,148039,3043,180796,3591
6/19/20,NH,B,331,,1,,533,533,56,2,158,,98275,1727,,,,,,5450,5450,14,0,,,,,,4140,,0,125637,2525,19442,,16848,,103725,1741,125637,2525
6/19/20,NJ,A+,14585,12835,35,1750,19267,19267,1177,257,,286,1025847,22220,,,,,231,168496,168496,389,0,,,,,,29209,,0,1194343,22609,,,,,,0,1194343,22609
6/19/20,NM,C,464,,8,,1735,1735,147,9,,,274342,8598,,,,,,10260,10260,107,0,,,,,,4512,,0,284602,8705,,,,,,0,284602,8705
6/19/20,NV,A+,491,,2,,,,370,0,,87,221874,3154,,,,,49,12486,12486,410,0,,,,,,,276716,6670,276716,6670,,,,,234153,3425,269097,4529
6/19/20,NY,A,24686,,25,,89995,89995,1284,0,,359,2872407,78507,,,,,256,386556,386556,796,0,,,,,,69377,3258963,79303,3258963,79303,,,,,,0,,0
6/19/20,OH,B,2667,2430,34,237,7167,7167,525,63,1820,200,572305,15403,,,,,133,43731,40549,609,0,,,,,,,,0,616036,16012,,,,,,0,612854,15979
6/19/20,OK,A+,367,,1,,1209,1209,211,63,,96,264872,4673,,,264872,,,9706,9706,352,0,974,,,,10834,7212,,0,274578,5025,27415,,,,,0,276316,4977
6/19/20,OR,A+,188,,1,,946,946,154,13,,50,187345,4575,,,274848,,29,6572,6344,206,0,,,,,15323,2533,,0,290171,7955,,,,,193689,4779,290171,7955
6/19/20,PA,A+,6399,,38,,,,731,0,,,556456,12624,,,,,169,80762,78451,526,0,,,,,,62186,,0,637218,13150,,,,,634907,13126,,0
6/19/20,PR,C,147,57,0,90,,,78,0,,7,113280,0,,,112331,,3,1499,1499,3,0,4696,,,,2326,,,0,114779,3,,,,,,0,114723,0
6/19/20,RI,A+,894,,9,,1922,1922,123,11,,23,124397,1181,,,199203,,12,16413,16413,59,0,,,,,23189,1515,222743,3180,222743,3180,,,,,140810,1240,222392,3560
6/19/20,SC,A,639,639,18,0,2294,2294,660,239,,,265669,6694,30523,,258045,,,22631,22608,1083,0,1569,,,,30232,10790,,0,288300,7777,32092,,,,,0,288277,7754
6/19/20,SD,B,81,,3,,589,589,95,4,,,65035,791,,,,,,6158,,49,0,,,,,,5276,,0,71193,840,,,,,71193,840,,0
6/19/20,TN,B,515,494,6,21,2238,2238,635,29,,,627672,8107,,,627672,,,34017,33776,1188,0,,,,,39664,22531,,0,661689,9295,,,,,,0,667336,15176
6/19/20,TX,B,2140,,35,,,,3148,0,,,1698532,41508,,,,,,103305,103305,3454,0,6262,493,,,156829,65329,,0,1801837,44962,153011,3116,,,,0,1801837,44962
6/19/20,UT,A,155,,3,,1145,1145,237,25,330,63,277255,4707,,,321802,148,,16425,16425,586,0,,13,,13,19112,9113,,0,340914,6437,,59,,50,294378,5221,340914,6437
6/19/20,VA,A+,1602,1499,16,103,5797,5797,862,53,,251,455618,9788,,,,,121,56793,54312,555,0,,,,,67410,7563,541308,9873,541308,9873,,,,,,0,,0
6/19/20,VI,C,6,6,0,,,,,0,,,2450,96,,,,,,74,,1,0,,,,,,64,,0,2524,97,,,,,,0,2535,95
6/19/20,VT,B,56,56,0,,,,8,0,,,52948,1131,,,,,,1143,1143,8,0,,,,,,918,,0,63535,1463,,,,,54091,1139,63535,1463
6/19/20,WA,B,1245,1245,19,,3959,3959,396,21,,,521931,9489,,,,,47,29045,29045,460,0,,,,,,,551941,10006,551941,10006,,,,,474187,4419,,0
6/19/20,WI,A+,730,730,11,,3177,3177,241,17,704,91,444751,10838,,,,,,26913,24154,323,0,,,,,,18055,561349,13987,561349,13987,,,,,468905,11116,,0
6/19/20,WV,B,88,,0,,,,22,0,,6,143579,1568,,,,,2,2435,2353,17,0,,,,,,1665,,0,146014,1585,8223,,,,,0,145932,1585
6/19/20,WY,C,20,,2,,98,98,8,1,,,35301,291,,,38213,,,1173,927,29,0,,,,,1146,889,,0,39359,751,,,,,,0,39359,751
6/18/20,AK,A,12,12,0,,61,61,18,0,,,80472,3464,,,,,0,713,,12,0,,,,,,449,,0,81185,3476,,,,,,0,81185,3476
6/18/20,AL,B,810,801,20,9,2373,2373,668,21,695,,294328,10917,,,,405,,28206,27796,894,0,,,,,,15974,,0,322124,11799,,,,,322124,11799,,0
6/18/20,AR,B,208,,11,,1074,1074,226,22,,,214506,7413,,,,173,53,13928,13928,322,0,,,,,,9376,,0,228434,7735,,,,,,0,228434,7735
6/18/20,AS,C,0,,0,,,,,0,,,174,0,,,,,,0,0,0,0,,,,,,,,0,174,0,,,,,,0,174,0
6/18/20,AZ,A+,1271,1184,32,87,4241,4241,1667,17,,540,336289,11020,,,,,341,43443,43085,2519,0,,,,,,6863,,0,529559,17723,138292,,,,379374,13528,529559,17723
6/18/20,CA,B,5290,,82,,,,4584,0,,1298,2913431,72458,,,,,,161099,161099,4084,0,,,,,,,,0,3074530,76542,,,,,,0,3074530,76542
6/18/20,CO,A,1638,1303,7,335,5308,5308,270,14,,,234545,2002,86128,,,,,29901,27218,228,0,6302,,,,,4280,314769,6502,314769,6502,92430,,,,264466,4920,,0
6/18/20,CT,B,4226,3378,7,848,10099,10099,176,187,,,334853,7003,,,,,,45440,43493,11,0,,,,,,7842,,0,380293,7014,,,,,,0,370638,4722
6/18/20,DC,A+,527,,4,,,,189,0,,86,62296,2057,,,,,45,9903,,56,0,,,,,,1155,72199,2113,72199,2113,,,,,57867,1794,,0
6/18/20,DE,A,502,444,0,58,,,79,0,,,78185,2042,,,,,,10499,9524,55,0,,,,,13004,6350,106109,979,106109,979,,,,,88684,2091,,0
6/18/20,FL,A,3154,3154,44,,12862,12862,,189,,,1425386,22346,,171364,1665500,,,82854,,2694,0,,,7717,,114435,,1590585,29092,1590585,29092,,,179109,,1512315,25556,1783115,30401
6/18/20,GA,A,2605,,30,,9663,9663,921,120,2109,,602292,11855,,,,,,60912,60912,882,0,6982,,,,55069,,,0,656956,12699,121151,,,,,0,656956,12699
6/18/20,GU,A,5,,0,,,,0,0,,0,9395,385,,,9076,,0,193,185,5,0,2,,,,184,170,,0,9588,390,114,,,,,0,9260,164
6/18/20,HI,D,17,,0,,95,95,,3,,,63630,1127,,,,,,744,,4,0,,,,,709,639,72804,1452,72804,1452,,,,,64374,1131,74533,1455
6/18/20,IA,A+,679,,6,,,,188,0,,64,216077,5407,,25453,,,47,24854,24854,393,0,,,2160,,,15604,,0,240931,5800,,,27641,,241301,5793,,0
6/18/20,ID,A,88,68,0,20,275,275,23,0,101,7,64380,1136,,,,,,3632,3258,92,0,,,,,,3013,,0,67638,1197,,,,,67638,1197,,0
6/18/20,IL,A,6718,6537,52,181,,,1878,0,,538,1149054,24911,,,,,321,135639,134778,593,0,,,,,,,,0,1284693,25504,,,,,,0,1283832,25504
6/18/20,IN,A+,2491,2304,16,187,6589,6589,754,63,1389,236,343284,13115,,,,,103,41438,,425,0,,,,,42778,30175,,0,494589,13627,,,,,384722,13540,494589,13627
6/18/20,KS,A,247,,0,,1011,1011,,0,333,,130443,0,,,,146,,11681,,0,0,,,,,,696,,0,142124,0,,,,,141888,0,,0
6/18/20,KY,B,520,518,2,2,2482,2482,400,27,975,68,293183,6309,,,,,,13197,12846,202,0,,,,,,3506,,0,306029,6509,30238,,,,,0,306029,6509
6/18/20,LA,B,3062,2950,0,112,,,585,0,,,496587,0,,,,,83,48634,48634,0,0,,,,,,37017,,0,545221,0,,,,,,0,545221,0
6/18/20,MA,A+,7770,7591,36,179,10985,10985,968,60,,227,634838,8943,,,,,125,106422,101853,271,0,,,,,134278,91404,,0,965653,17340,,,61085,,736691,9142,965653,17340
6/18/20,MD,A,3016,2886,20,130,10357,10357,660,48,,269,384379,6005,,,,,,63229,63229,260,0,,,,,72930,4640,,0,529738,8562,,,,,447608,6265,529738,8562
6/18/20,ME,A,102,102,0,,323,323,27,0,,10,71182,0,5843,,71182,,4,2878,2555,42,0,294,,,,3466,2300,,0,74060,42,6145,,,,,0,74763,0
6/18/20,MI,A+,6061,5818,25,243,,,557,0,,209,783388,0,,,783388,,101,66798,60618,301,0,,,,,82889,44964,,0,850186,301,132227,,,,,0,866277,0
6/18/20,MN,A,1376,1344,19,32,3718,3718,345,29,1144,171,429204,11913,,,,,,31675,31675,379,0,,,,,,27566,460879,12292,460879,12292,,,,,,0,,0
6/18/20,MO,B,946,,37,,,,533,0,,,280434,12057,,34715,252506,,64,16908,16908,283,0,,,1363,,17275,,,0,270232,0,,,36078,,297342,12551,270232,0
6/18/20,MP,D,2,,0,,,,,0,,,8139,0,,,,,,30,30,0,0,,,,,,19,,0,8169,0,,,,,,0,8169,0
6/18/20,MS,A,938,922,0,16,2767,2767,668,0,,161,218074,-5674,,,,,100,20641,20500,0,0,95,,,,,15323,,0,238715,-5674,10353,,,,,0,238574,0
6/18/20,MT,C,20,,0,,81,81,8,3,,,66215,1330,,,,,,655,655,25,0,,,,,,545,,0,66870,1355,,,,,,0,66870,1355
6/18/20,NC,A,1175,1175,7,,,,857,0,,,645490,24923,,,,,,48188,48188,1333,0,,,,,,29219,,0,693678,26256,,,,,,0,693678,26256
6/18/20,ND,D,81,,3,,208,208,26,7,,,87461,953,4069,,,,,3189,3189,29,0,130,,,,,2809,141150,4087,141150,4087,4199,,,,88358,929,144249,4188
6/18/20,NE,D,234,,3,,1141,1141,156,25,,,127587,2231,,,155905,,,17226,17226,195,0,,,,,20774,10761,,0,177205,3652,,,,,144996,2430,177205,3652
6/18/20,NH,B,330,,4,,531,531,56,10,156,,96548,1826,,,,,,5436,5436,72,0,,,,,,4104,,0,123112,2636,19109,,16599,,101984,1898,123112,2636
6/18/20,NJ,A+,14550,12800,32,1750,19010,19010,1258,0,,319,1003627,23489,,,,,257,168107,168107,404,0,,,,,,29101,,0,1171734,23893,,,,,,0,1171734,23893
6/18/20,NM,C,456,,4,,1726,1726,157,11,,,265744,-88,,,,,,10153,10153,88,0,,,,,,4439,,0,275897,0,,,,,,0,275897,0
6/18/20,NV,A+,489,,3,,,,357,0,,93,218720,2952,,,,,55,12076,12076,234,0,,,,,,,270046,7094,270046,7094,,,,,230728,3136,264568,3767
6/18/20,NY,A,24661,,32,,89995,89995,1358,0,,388,2793900,67923,,,,,278,385760,385760,618,0,,,,,,69243,3179660,68541,3179660,68541,,,,,,0,,0
6/18/20,OH,B,2633,2401,22,232,7104,7104,547,53,1807,219,556902,14761,,,,,149,43122,39973,700,0,,,,,,,,0,600024,15461,,,,,,0,596875,15431
6/18/20,OK,A+,366,,2,,1146,1146,197,0,,89,260199,3671,,,260199,,,9354,9354,450,0,974,,,,10535,7071,,0,269553,4121,27415,,,,,0,271339,3915
6/18/20,OR,A+,187,,4,,933,933,141,4,,46,182770,4638,,,267194,,28,6366,6140,148,0,,,,,15022,2502,,0,282216,7706,,,,,188910,4771,282216,7706
6/18/20,PA,A+,6361,,42,,,,740,0,,,543832,10819,,,,,170,80236,77949,418,0,,,,,,60979,,0,624068,11237,,,,,621781,11225,,0
6/18/20,PR,C,147,57,0,90,,,73,0,,9,113280,0,,,112331,,5,1496,1496,10,0,4615,,,,2326,,,0,114776,10,,,,,,0,114723,0
6/18/20,RI,A+,885,,9,,1911,1911,126,13,,23,123216,1219,,,195774,,13,16354,16354,71,0,,,,,23058,1502,219563,2941,219563,2941,,,,,139570,1290,218832,3015
6/18/20,SC,A,621,621,4,0,2055,2055,626,0,,,258975,6777,29838,,251540,,,21548,21533,992,0,1538,,,,28983,9734,,0,280523,7769,31376,,,,,0,280523,7774
6/18/20,SD,B,78,,0,,585,585,93,15,,,64244,1306,,,,,,6109,,59,0,,,,,,5221,,0,70353,1365,,,,,70353,1365,,0
6/18/20,TN,B,509,488,12,21,2209,2209,617,29,,,619565,7135,,,613966,,,32829,32595,686,0,,,,,38194,21949,,0,652394,7821,,,,,,0,652160,7816
6/18/20,TX,B,2105,,43,,,,2947,0,,,1657024,46496,,,,,,99851,99851,3516,0,6258,401,,,149615,63812,,0,1756875,50012,152796,2475,,,,0,1756875,50012
6/18/20,UT,A,152,,3,,1120,1120,282,18,326,66,272548,3596,,,315924,145,,15839,15839,495,0,,11,,11,18553,8786,,0,334477,4995,,46,,39,289157,4121,334477,4995
6/18/20,VA,A+,1586,1482,3,104,5744,5744,857,52,,241,445830,7264,,,,,129,56238,53769,463,0,,,,,66774,7493,531435,11335,531435,11335,,,,,,0,,0
6/18/20,VI,C,6,6,0,,,,,0,,,2354,0,,,,,,73,,0,0,,,,,,64,,0,2427,0,,,,,,0,2440,0
6/18/20,VT,B,56,56,1,,,,11,0,,,51817,1076,,,,,,1135,1135,6,0,,,,,,917,,0,62072,1346,,,,,52952,1082,62072,1346
6/18/20,WA,B,1226,1226,-5,,3938,3938,373,23,,,512442,9258,,,,,47,28585,28585,494,0,,,,,,,541935,9795,541935,9795,,,,,469768,6619,,0
6/18/20,WI,A+,719,719,7,,3160,3160,241,32,701,82,433913,10177,,,,,,26590,23876,461,0,,,,,,18055,547362,14175,547362,14175,,,,,457789,10599,,0
6/18/20,WV,B,88,,0,,,,25,0,,5,142011,3017,,,,,2,2418,2336,42,0,,,,,,1665,,0,144429,3059,8070,,,,,0,144347,3058
6/18/20,WY,C,18,,0,,97,97,8,0,,,35010,1055,,,37479,,,1144,906,30,0,,,,,1129,870,,0,38608,1131,,,,,,0,38608,1131
6/17/20,AK,A,12,12,0,,61,61,23,0,,,77008,1474,,,,,0,701,,20,0,,,,,,438,,0,77709,1494,,,,,,0,77709,1494
6/17/20,AL,B,790,784,5,6,2352,2352,688,37,687,,283411,4899,,,,401,,27312,26914,400,0,,,,,,15974,,0,310325,5289,,,,,310325,5289,,0
6/17/20,AR,A,197,,15,,1052,1052,217,26,,,207093,14718,,,,168,53,13606,13606,415,0,,,,,,8996,,0,220699,15407,,,,,,0,220699,15407
6/17/20,AS,C,0,,0,,,,,0,,,174,0,,,,,,0,0,0,0,,,,,,,,0,174,0,,,,,,0,174,0
6/17/20,AZ,A+,1239,1159,20,80,4224,4224,1582,15,,531,325269,10032,,,,,346,40924,40577,1827,0,,,,,,6715,,0,511836,17988,136117,,,,365846,11855,511836,17988
6/17/20,CA,B,5208,,87,,,,4522,0,,1318,2840973,56778,,,,,,157015,157015,3455,0,,,,,,,,0,2997988,60233,,,,,,0,2997988,60233
6/17/20,CO,A,1631,1299,14,332,5294,5294,270,22,,,232543,5318,84783,,,,,29673,27003,231,0,6236,,,,,4253,308267,6818,308267,6818,91019,,,,259546,5526,,0
6/17/20,CT,B,4219,3373,9,846,9912,9912,186,0,,,327850,4491,,,,,,45429,43487,80,0,,,,,,7611,,0,373279,4571,,,,,,0,365916,6430
6/17/20,DC,A+,523,,3,,,,197,0,,73,60239,2931,,,,,47,9847,,29,0,,,,,,1155,70086,2960,70086,2960,,,,,56073,2615,,0
6/17/20,DE,A,502,444,3,58,,,83,0,,,76143,472,,,,,,10444,9470,41,0,,,,,12964,6305,105130,2648,105130,2648,,,,,86593,519,,0
6/17/20,FL,A,3110,3110,25,,12673,12673,,184,,,1403040,22840,,171364,1638911,,,80160,,2427,0,,,7717,,110650,,1561493,22825,1561493,22825,,,179109,,1486759,25462,1752714,30647
6/17/20,GA,A,2575,,46,,9543,9543,881,89,2084,,590437,14537,,,,,,60030,60030,952,0,6912,,,,54227,,,0,644257,15453,118426,,,,,0,644257,15453
6/17/20,GU,A,5,,0,,,,0,0,,0,9010,164,,,8914,,0,188,180,2,0,2,,,,181,170,,0,9198,166,114,,,,,0,9096,295
6/17/20,HI,D,17,,0,,92,92,,1,,,62503,1211,,,,,,740,,4,0,,,,,703,637,71352,1198,71352,1198,,,,,63243,1215,73078,1503
6/17/20,IA,A+,673,,4,,,,188,0,,64,210670,4211,,25186,,,47,24461,24461,282,0,,,2152,,,15289,,0,235131,4493,,,27366,,235508,4496,,0
6/17/20,ID,A,88,68,0,20,275,275,28,5,101,8,63244,1059,,,,,,3540,3197,78,0,,,,,,2921,,0,66441,1135,,,,,66441,1135,,0
6/17/20,IL,A,6666,6485,87,181,,,1878,0,,563,1124143,29441,,,,,331,135046,134185,546,0,,,,,,,,0,1259189,29987,,,,,,0,1258328,29987
6/17/20,IN,A+,2475,2289,28,186,6526,6526,789,45,1384,238,330169,7210,,,,,105,41013,,227,0,,,,,42306,29671,,0,480962,13141,,,,,371182,7437,480962,13141
6/17/20,KS,A,247,,2,,1011,1011,,23,333,,130443,4900,,,,146,,11681,,262,0,,,,,,696,,0,142124,5162,,,,,141888,5147,,0
6/17/20,KY,B,518,516,6,2,2455,2455,416,19,971,61,286874,3670,,,,,,12995,12646,166,0,,,,,,3444,,0,299520,4820,30190,,,,,0,299520,4820
6/17/20,LA,B,3062,2950,20,112,,,585,0,,,496587,11576,,,,,83,48634,48634,928,0,,,,,,37017,,0,545221,12504,,,,,,0,545221,12504
6/17/20,MA,A+,7734,7568,69,166,10925,10925,998,58,,227,625895,8133,,,,,135,106151,101654,266,0,,,,,133872,88725,,0,948313,17892,,,59940,,727549,8313,948313,17892
6/17/20,MD,A,2996,2866,14,130,10309,10309,702,47,,283,378374,11558,,,,,,62969,62969,560,0,,,,,72479,4596,,0,521176,15594,,,,,441343,12118,521176,15594
6/17/20,ME,A,102,102,1,,323,323,27,2,,10,71182,1666,5843,,71182,,5,2836,2509,17,0,294,,,,3466,2275,,0,74018,1683,6145,,,,,0,74763,1692
6/17/20,MI,A+,6036,5792,2,244,,,562,0,,210,783388,14123,,,783388,,131,66497,60393,228,0,,,,,82889,44964,,0,849885,14351,132227,,,,,0,866277,14447
6/17/20,MN,A,1357,1325,13,32,3689,3689,351,31,1136,181,417291,19028,,,,,,31296,31296,414,0,,,,,,27404,448587,19442,448587,19442,,,,,,0,,0
6/17/20,MO,B,909,,27,,,,533,0,,,268377,0,,33637,252506,,66,16625,16625,211,0,,,1308,,17275,,,0,270232,0,,,34945,,284791,0,270232,0
6/17/20,MP,D,2,,0,,,,,0,,,8139,0,,,,,,30,30,0,0,,,,,,19,,0,8169,0,,,,,,0,8169,0
6/17/20,MS,A,938,922,23,16,2767,2767,668,39,,161,223748,3097,,,,,100,20641,20500,489,0,95,,,,,15323,,0,244389,3586,10222,,,,,0,238574,-2090
6/17/20,MT,C,20,,1,,78,78,5,-1,,,64885,1922,,,,,,630,630,16,0,,,,,,538,,0,65515,1938,,,,,,0,65515,1938
6/17/20,NC,A,1168,1168,14,,,,846,0,,,620567,14999,,,,,,46855,46855,1002,0,,,,,,29219,,0,667422,16001,,,,,,0,667422,16001
6/17/20,ND,D,78,,1,,201,201,25,1,,,86508,981,3997,,,,,3160,3160,39,0,128,,,,,2756,137063,4343,137063,4343,4125,,,,87429,954,140061,4406
6/17/20,NE,D,231,,11,,1116,1116,156,28,,,125356,2694,,,152535,,,17031,17031,180,0,,,,,20503,10529,,0,173553,3324,,,,,142566,2876,173553,3324
6/17/20,NH,B,326,,6,,521,521,62,2,155,,94722,1194,,,,,,5364,5364,19,0,,,,,,4067,,0,120476,1942,18787,,16285,,100086,1213,120476,1942
6/17/20,NJ,A+,14518,12769,42,1749,19010,19010,1352,131,,358,980138,15782,,,,,254,167703,167703,277,0,,,,,,28966,,0,1147841,16059,,,,,,0,1147841,16059
6/17/20,NM,C,452,,5,,1715,1715,161,17,,,265832,4212,,,,,,10065,10065,132,0,,,,,,4351,,0,275897,4344,,,,,,0,275897,4344
6/17/20,NV,A+,486,,1,,,,360,0,,96,215768,4952,,,,,45,11842,11842,184,0,,,,,,,262952,5233,262952,5233,,,,,227592,5132,260801,6002
6/17/20,NY,A,24629,,21,,89995,89995,1479,0,,431,2725977,58774,,,,,304,385142,385142,567,0,,,,,,69085,3111119,59341,3111119,59341,,,,,,0,,0
6/17/20,OH,B,2611,2377,14,234,7051,7051,541,44,1797,215,542141,16018,,,,,148,42422,39303,412,0,,,,,,,,0,584563,16430,,,,,,0,581444,16410
6/17/20,OK,A+,364,,1,,1146,1146,181,16,,92,256528,3368,,,256528,,,8904,8904,259,0,974,,,,10296,6898,,0,265432,3627,27415,,,,,0,267424,3542
6/17/20,OR,A+,183,,1,,929,929,158,17,,54,178132,4692,,,259703,,26,6218,6007,120,0,,,,,14807,2457,,0,274510,7455,,,,,184139,4802,274510,7455
6/17/20,PA,A+,6319,,43,,,,788,0,,,533013,9404,,,,,179,79818,77543,335,0,,,,,,59863,,0,612831,9739,,,,,610556,9717,,0
6/17/20,PR,C,147,57,0,90,,,78,0,,8,113280,0,,,112331,,1,1486,1486,7,0,4517,,,,2326,,,0,114766,7,,,,,,0,114723,0
6/17/20,RI,A+,876,,11,,1898,1898,126,9,,17,121997,1207,,,192904,,13,16283,16283,51,0,,,,,22913,1489,216622,3118,216622,3118,,,,,138280,1258,215817,2679
6/17/20,SC,A,617,617,10,0,2055,2055,607,0,,,252198,4509,28878,,244957,,,20556,20551,566,0,1500,,,,27792,9734,,0,272754,5075,30378,,,,,0,272749,5070
6/17/20,SD,B,78,,1,,570,570,91,8,,,62938,1702,,,,,,6050,,84,0,,,,,,5143,,0,68988,1786,,,,,68988,1786,,0
6/17/20,TN,B,497,476,4,21,2180,2180,632,34,,,612430,5270,,,606924,,,32143,31914,313,0,,,,,37420,21282,,0,644573,5583,,,,,,0,644344,5572
6/17/20,TX,B,2062,,33,,,,2793,0,,,1610528,49514,,,,,,96335,96335,3129,0,6258,316,,,142013,62368,,0,1706863,52643,152796,1971,,,,0,1706863,52643
6/17/20,UT,A,149,,4,,1102,1102,270,29,321,64,268952,3464,,,311492,142,,15344,15344,407,0,,11,,11,17990,8552,,0,329482,4966,,32,,27,285036,3942,329482,4966
6/17/20,VA,A+,1583,1478,13,105,5692,5692,938,49,,249,438566,8459,,,,,120,55775,53318,444,0,,,,,66042,7429,520100,10219,520100,10219,,,,,,0,,0
6/17/20,VI,C,6,6,0,,,,,0,,,2354,49,,,,,,73,,0,0,,,,,,64,,0,2427,49,,,,,,0,2440,57
6/17/20,VT,B,55,55,0,,,,5,0,,,50741,773,,,,,,1129,1129,0,0,,,,,,915,,0,60726,992,,,,,51870,773,60726,992
6/17/20,WA,B,1231,1231,10,,3915,3915,359,21,,,503184,10334,,,,,47,28091,28091,520,0,,,,,,,532140,10795,532140,10795,,,,,463149,8913,,0
6/17/20,WI,A+,712,712,9,,3128,3128,247,32,696,93,423736,9406,,,,,,26129,23454,285,0,,,,,,17613,533187,11672,533187,11672,,,,,447190,9662,,0
6/17/20,WV,B,88,,0,,,,23,0,,7,138994,4264,,,,,2,2376,2295,35,0,,,,,,1654,,0,141370,4299,7878,,,,,0,141289,4298
6/17/20,WY,C,18,,0,,97,97,7,1,,,33955,631,,,36370,,,1114,884,25,0,,,,,1107,862,,0,37477,846,,,,,,0,37477,846
6/16/20,AK,A,12,12,0,,61,61,22,1,,,75534,1765,,,,,2,681,,13,0,,,,,,429,,0,76215,1778,,,,,,0,76215,1778
6/16/20,AL,B,785,779,11,6,2315,2315,683,56,682,,278512,2110,,,,399,,26912,26524,640,0,,,,,,13508,,0,305036,2742,,,,,305036,2742,,0
6/16/20,AR,A,182,,0,,1026,1026,214,23,,,192375,1154,,,,165,45,13191,13191,274,0,,,,,,8352,,0,205292,1240,,,,,,0,205292,1240
6/16/20,AS,C,0,,0,,,,,0,,,174,0,,,,,,0,0,0,0,,,,,,,,0,174,0,,,,,,0,174,0
6/16/20,AZ,A+,1219,1140,25,79,4209,4209,1506,27,,502,315237,6685,,,,,340,39097,38754,2392,0,,,,,,6598,,0,493848,17774,135295,,,,353991,9062,493848,17774
6/16/20,CA,B,5121,,32,,,,4462,0,,1272,2784195,67465,,,,,,153560,153560,2108,0,,,,,,,,0,2937755,69573,,,,,,0,2937755,69573
6/16/20,CO,A,1617,1291,12,326,5272,5272,290,3,,,227225,3368,83749,,,,,29442,26795,143,0,6176,,,,,4231,301449,4481,301449,4481,89925,,,,254020,3497,,0
6/16/20,CT,B,4210,3362,6,848,9912,9912,201,0,,,323359,6321,,,,,,45349,43415,114,0,,,,,,7611,,0,368708,6435,,,,,,0,359486,5041
6/16/20,DC,A+,520,,5,,,,192,0,,70,57308,1261,,,,,49,9818,,19,0,,,,,,1155,67126,1280,67126,1280,,,,,53458,1010,,0
6/16/20,DE,A,499,441,1,58,,,87,0,,,75671,1325,,,,,,10403,9429,63,0,,,,,12898,6256,102482,2741,102482,2741,,,,,86074,1388,,0
6/16/20,FL,A,3085,3085,55,,12489,12489,,191,,,1380200,27342,,171364,1611442,,,77733,,2691,0,,,7717,,107506,,1538668,34413,1538668,34413,,,179109,,1461297,30133,1722067,37688
6/16/20,GA,A,2529,,35,,9454,9454,875,132,2065,,575900,3818,,,,,,59078,59078,664,0,6897,,,,53313,,,0,628804,4218,118075,,,,,0,628804,4218
6/16/20,GU,B,5,,0,,,,,0,,,8846,273,,,8624,,,186,178,1,0,2,,,,176,169,,0,9032,274,114,,,,,0,8801,95
6/16/20,HI,D,17,,0,,91,91,,0,,,61292,546,,,,,,736,,8,0,,,,,699,630,70154,671,70154,671,,,,,62028,554,71575,698
6/16/20,IA,A+,669,,14,,,,193,0,,71,206459,3124,,24658,,,49,24179,24179,126,0,,,2131,,,15025,,0,230638,3250,,,26817,,231012,3253,,0
6/16/20,ID,A,88,68,1,20,270,270,24,4,100,6,62185,2604,,,,,,3462,3121,63,0,,,,,,2877,,0,65306,2664,,,,,65306,2664,,0
6/16/20,IL,A,6579,6398,72,181,,,1939,0,,561,1094702,18106,,,,,331,134500,133639,623,0,,,,,,,,0,1229202,18729,,,,,,0,1228341,18729
6/16/20,IN,A+,2447,2265,14,182,6481,6481,860,30,1383,313,322959,7560,,,,,121,40786,,356,0,,,,,41887,29093,,0,467821,13858,,,,,363745,7916,467821,13858
6/16/20,KS,A,245,,0,,988,988,,0,327,,125543,0,,,,143,,11419,,0,0,,,,,,676,,0,136962,0,,,,,136741,0,,0
6/16/20,KY,B,512,510,7,2,2436,2436,395,3,969,69,283204,0,,,,,,12829,12490,182,0,,,,,,3431,,0,294700,-830,29733,,,,,0,294700,-830
6/16/20,LA,B,3042,2930,24,112,,,588,0,,,485011,13458,,,,,77,47706,47706,534,0,,,,,,37017,,0,532717,13992,,,,,,0,532717,13992
6/16/20,MA,A+,7665,7508,18,157,10867,10867,1045,50,,244,617762,6221,,,,,151,105885,101474,195,0,,,,,133424,88725,,0,930421,13700,,,58795,,719236,6361,930421,13700
6/16/20,MD,B,2982,2851,35,131,10262,10262,742,40,,284,366816,7740,,,,,,62409,62409,377,0,,,,,71784,4579,,0,505582,10497,,,,,429225,8117,505582,10497
6/16/20,ME,B,101,101,0,,321,321,30,4,,10,69516,1355,5715,,69516,,6,2819,2499,9,0,290,,,,3441,2233,,0,72335,1364,6013,,,,,0,73071,1374
6/16/20,MI,A+,6034,5790,17,244,,,562,0,,210,769265,11313,,,769265,,131,66269,60189,184,0,,,,,82565,44964,,0,835534,11497,130254,,,,,0,851830,11964
6/16/20,MN,A,1344,1313,9,31,3658,3658,357,28,1128,185,398263,6034,,,,,,30882,30882,189,0,,,,,,27006,429145,6223,429145,6223,,,,,,0,,0
6/16/20,MO,B,882,,2,,,,524,0,,,268377,4625,,33637,252506,,66,16414,16414,225,0,,,1308,,17275,,,0,270232,0,,,34945,,284791,4850,270232,0
6/16/20,MP,D,2,,0,,,,,0,,,8139,0,,,,,,30,30,0,0,,,,,,19,,0,8169,0,,,,,,0,8169,0
6/16/20,MS,A,915,899,20,16,2728,2728,668,48,,160,220651,9947,,,,,98,20152,20013,353,0,95,,,,,15323,,0,240803,10300,10161,,,,,0,240664,10161
6/16/20,MT,C,19,,0,,79,79,8,1,,,62963,2635,,,,,,614,614,5,0,,,,,,535,,0,63577,2640,,,,,,0,63577,2640
6/16/20,NC,A,1154,1154,36,,,,829,0,,,605568,12191,,,,,,45853,45853,751,0,,,,,,29219,,0,651421,12942,,,,,,0,651421,12942
6/16/20,ND,D,77,,0,,200,200,26,3,,,85527,852,3967,,,,,3121,3121,23,0,126,,,,,2720,132720,1770,132720,1770,4093,,,,86475,929,135655,1795
6/16/20,NE,D,220,,4,,1088,1088,160,13,,,122662,1632,,,149423,,,16851,16851,126,0,,,,,20296,10351,,0,170229,3348,,,,,139690,1766,170229,3348
6/16/20,NH,B,320,,0,,519,519,69,0,154,,93528,0,,,,,,5345,5345,0,0,,,,,,4041,,0,118534,1717,18427,,16080,,98873,0,118534,1717
6/16/20,NJ,A+,14476,12727,52,1749,18879,18879,1291,124,,362,964356,15376,,,,,245,167426,167426,323,0,,,,,,28872,,0,1131782,15699,,,,,,0,1131782,15699
6/16/20,NM,C,447,,7,,1698,1698,156,12,,,261620,3544,,,,,,9933,9933,88,0,,,,,,4217,,0,271553,3632,,,,,,0,271553,3632
6/16/20,NV,A+,485,,2,,,,349,0,,87,210816,5661,,,,,48,11658,11658,379,0,,,,,,,257719,4329,257719,4329,,,,,222460,5996,254799,6301
6/16/20,NY,A,24608,,29,,89995,89995,1538,0,,449,2667203,59937,,,,,303,384575,384575,631,0,,,,,,68938,3051778,60568,3051778,60568,,,,,,0,,0
6/16/20,OH,B,2597,2362,24,235,7007,7007,528,59,1784,216,526123,10531,,,,,151,42010,38911,434,0,,,,,,,,0,568133,10965,,,,,,0,565034,10906
6/16/20,OK,A+,363,,4,,1130,1130,172,13,,75,253160,10573,,,253160,,,8645,8645,228,0,974,,,,10130,6765,,0,261805,10801,27415,,,,,0,263882,11258
6/16/20,OR,A+,182,,2,,912,912,141,13,,50,173440,3124,,,252413,,22,6098,5897,278,0,,,,,14642,2431,,0,267055,5884,,,,,179337,3396,267055,5884
6/16/20,PA,A+,6276,,33,,,,800,0,,,523609,9700,,,,,179,79483,77230,362,0,,,,,,59612,,0,603092,10062,,,,,600839,10047,,0
6/16/20,PR,C,147,57,0,90,,,94,0,,9,113280,0,,,112331,,1,1479,1479,2,0,4472,,,,2326,,,0,114759,2,,,,,,0,114723,0
6/16/20,RI,A+,865,,14,,1889,1889,129,7,,16,120790,1486,,,190338,,13,16232,16232,52,0,,,,,22800,1479,213504,3284,213504,3284,,,,,137022,1538,213138,2912
6/16/20,SC,A,607,607,5,,2055,2055,571,67,,,247689,11510,28573,,240593,,,19990,19990,612,0,1483,,,,27086,9734,,0,267679,12122,30056,,,,,0,267679,5206
6/16/20,SD,B,77,,2,,562,562,92,18,,,61236,769,,,,,,5966,,38,0,,,,,,5069,,0,67202,807,,,,,67202,807,,0
6/16/20,TN,B,493,472,10,21,2146,2146,621,40,,,607160,8342,,,601777,,,31830,31612,670,0,,,,,36995,20710,,0,638990,9012,,,,,,0,638772,9003
6/16/20,TX,B,2029,,46,,,,2518,0,,,1561014,39544,,,,,,93206,93206,4098,0,6189,270,,,135057,60681,,0,1654220,43642,150573,1757,,,,0,1654220,43642
6/16/20,UT,B,145,,2,,1073,1073,271,32,311,,265488,3788,,,307048,138,,14937,14937,329,0,,7,,7,17468,8470,,0,324516,5106,,22,,19,281094,4212,324516,5106
6/16/20,VA,A+,1570,1465,18,105,5643,5643,904,55,,241,430107,5994,,,,,125,55331,52917,445,0,,,,,65432,7341,509881,7489,509881,7489,,,,,,0,,0
6/16/20,VI,C,6,6,0,,,,,0,,,2305,0,,,,,,73,,0,0,,,,,,64,,0,2378,0,,,,,,0,2383,5
6/16/20,VT,B,55,55,0,,,,12,0,,,49968,334,,,,,,1129,1129,3,0,,,,,,914,,0,59734,471,,,,,51097,337,59734,471
6/16/20,WA,B,1221,1221,4,,3894,3894,342,38,,,492850,12066,,,,,38,27571,27571,136,0,,,,,,,521345,12560,521345,12560,,,,,454236,10942,,0
6/16/20,WI,A+,703,703,9,,3096,3096,275,35,687,100,414330,10883,,,,,,25844,23198,298,0,,,,,,17122,521515,7575,521515,7575,,,,,437528,11149,,0
6/16/20,WV,B,88,,0,,,,24,0,,8,134730,5075,,,,,3,2341,2261,43,0,,,,,,1636,,0,137071,5118,7813,,,,,0,136991,5116
6/16/20,WY,C,18,,0,,96,96,7,3,,,33324,1778,,,35547,,,1089,866,10,0,,,,,1084,852,,0,36631,787,,,,,,0,36631,787
6/15/20,AK,A,12,12,0,,60,60,21,3,,,73769,967,,,,,3,668,,3,0,,,,,,417,,0,74437,970,,,,,,0,74437,970
6/15/20,AL,B,774,769,1,5,2259,2259,641,4,676,,276402,4562,,,,395,,26272,25892,657,0,,,,,,13508,,0,302294,5219,,,,,302294,5219,,0
6/15/20,AR,B,182,,3,,1003,1003,206,5,,,191221,6733,,,,163,45,12917,12917,416,0,,,,,,8352,,0,204052,7063,,,,,,0,204052,7063
6/15/20,AS,C,0,,0,,,,,0,,,174,0,,,,,,0,0,0,0,,,,,,,,0,174,0,,,,,,0,174,0
6/15/20,AZ,A+,1194,1127,8,67,4182,4182,1449,34,,464,308552,6198,,,,,307,36705,36377,1014,0,,,,,,6462,,0,476074,6281,134173,,,,344929,7201,476074,6281
6/15/20,CA,B,5089,,26,,,,4323,0,,1270,2716730,63589,,,,,,151452,151452,2597,0,,,,,,,,0,2868182,66186,,,,,,0,2868182,66186
6/15/20,CO,A,1605,1279,6,326,5269,5269,276,25,,,223857,3902,82914,,,,,29299,26666,169,0,6119,,,,,4196,296968,5164,296968,5164,89033,,,,250523,4045,,0
6/15/20,CT,B,4204,3356,3,848,9912,9912,203,0,,,317038,4775,,,,,,45235,43303,147,0,,,,,,7611,,0,362273,4922,,,,,,0,354445,7255
6/15/20,DC,A+,515,,0,,,,191,0,,76,56047,1284,,,,,48,9799,,32,0,,,,,,1155,65846,1316,65846,1316,,,,,52448,1088,,0
6/15/20,DE,A,498,440,2,58,,,88,0,,,74346,2823,,,,,,10340,9378,76,0,,,,,12845,6172,99741,2889,99741,2889,,,,,84686,2899,,0
6/15/20,FL,A,3030,3030,8,,12298,12298,,74,,,1352858,19411,,171364,1577532,,,75042,,1760,0,,,7717,,103802,,1504255,30907,1504255,30907,,,179109,,1431164,21172,1684379,26305
6/15/20,GA,A,2494,,43,,9322,9322,865,74,2043,,572082,8973,,,,,,58414,58414,733,0,6885,,,,52913,,,0,624586,9589,117901,,,,,0,624586,9589
6/15/20,GU,B,5,,0,,,,,0,,,8573,215,,,8531,,,185,177,0,0,2,,,,174,169,,0,8758,215,114,,,,,0,8706,280
6/15/20,HI,D,17,,0,,91,91,,2,,,60746,1147,,,,,,728,,5,0,,,,,691,629,69483,1202,69483,1202,,,,,61474,1152,70877,1365
6/15/20,IA,A+,655,,3,,,,197,0,,71,203335,2627,,24121,,,51,24053,24053,127,0,,,2114,,,14625,,0,227388,2754,,,26262,,227759,2758,,0
6/15/20,ID,A,87,67,0,20,266,266,23,0,98,5,59581,0,,,,,,3399,3061,0,0,,,,,,2837,,0,62642,0,,,,,62642,0,,0
6/15/20,IL,A,6507,6326,18,181,,,1961,0,,569,1076596,18154,,,,,340,133877,133016,473,0,,,,,,,,0,1210473,18627,,,,,,0,1209612,18627
6/15/20,IN,A+,2433,2251,11,182,6451,6451,882,32,1368,305,315399,6917,,,,,123,40430,,521,0,,,,,41401,28744,,0,453963,2846,,,,,355829,7438,453963,2846
6/15/20,KS,A,245,,2,,988,988,,15,327,,125543,7438,,,,143,,11419,,372,0,,,,,,676,,0,136962,7810,,,,,136741,7802,,0
6/15/20,KY,B,505,503,6,2,2433,2433,383,0,969,63,283204,1064,,,,,,12647,12326,202,0,,,,,,3416,,0,295530,1265,29535,,,,,0,295530,1265
6/15/20,LA,B,3018,2906,4,112,,,568,0,,,471553,8840,,,,,76,47172,47172,553,0,,,,,,37017,,0,518725,9393,,,,,,0,518725,9393
6/15/20,MA,A+,7647,7490,23,157,10817,10817,1026,15,,253,611541,4434,,,,,167,105690,101334,87,0,,,,,133033,88725,,0,916721,14126,,,57886,,712875,4492,916721,14126
6/15/20,MD,B,2947,2817,8,130,10222,10222,745,57,,292,359076,5468,,,,,,62032,62032,331,0,,,,,71293,4567,,0,495085,8486,,,,,421108,5799,495085,8486
6/15/20,ME,B,101,101,1,,317,317,31,3,,11,68161,1096,5622,,68161,,4,2810,2495,17,0,287,,,,3425,2189,,0,70971,1113,5917,,,,,0,71697,1108
6/15/20,MI,A+,6017,5772,1,245,,,562,0,,210,757952,10508,,,757952,,139,66085,60064,31,0,,,,,82274,44964,,0,824037,10539,128657,,,,,0,839866,10343
6/15/20,MN,A,1335,1304,6,31,3630,3630,353,20,1121,186,392229,4990,,,,,,30693,30693,222,0,,,,,,26609,422922,5212,422922,5212,,,,,,0,,0
6/15/20,MO,B,880,,1,,,,612,0,,,263752,4073,,33127,252506,,64,16189,16189,379,0,,,1288,,17275,,,0,270232,0,,,34415,,279941,4452,270232,0
6/15/20,MP,D,2,,0,,,,,0,,,8139,0,,,,,,30,30,0,0,,,,,,19,,0,8169,0,,,,,,0,8169,0
6/15/20,MS,A,895,879,4,16,2680,2680,661,15,,163,210704,16167,,,,,100,19799,19664,283,0,95,,,,,15323,,0,230503,16450,10161,,,,,0,230503,16750
6/15/20,MT,C,19,,0,,78,78,7,1,,,60328,2022,,,,,,609,609,8,0,,,,,,510,,0,60937,2030,,,,,,0,60937,2030
6/15/20,NC,A,1118,1118,9,,,,797,0,,,593377,10366,,,,,,45102,45102,983,0,,,,,,29219,,0,638479,11349,,,,,,0,638479,11349
6/15/20,ND,F,77,,0,,197,197,31,0,,,84675,875,3874,,,,,3098,3098,22,0,126,,,,,2683,130950,1995,130950,1995,4000,,,,85546,1011,133860,2025
6/15/20,NE,D,216,,0,,1075,1075,160,5,,,121030,1548,,,146309,,,16725,16725,92,0,,,,,20073,10121,,0,166881,2735,,,,,137924,1647,166881,2735
6/15/20,NH,B,320,,2,,519,519,69,6,154,,93528,2406,,,,,,5345,5345,46,0,,,,,,4041,,0,116817,2095,18167,,16080,,98873,2452,116817,2095
6/15/20,NJ,A+,14424,12676,52,1748,18755,18755,1342,18,,399,948980,18245,,,,,267,167103,167103,222,0,,,,,,28819,,0,1116083,18467,,,,,,0,1116083,18467
6/15/20,NM,C,440,,5,,1686,1686,161,61,,,258076,4134,,,,,,9845,9845,122,0,,,,,,4160,,0,267921,4256,,,,,,0,267921,4256
6/15/20,NV,A+,483,,4,,,,346,0,,85,205155,5717,,,,,40,11279,11279,106,0,,,,,,,253390,1383,253390,1383,,,,,216464,5961,248498,6769
6/15/20,NY,A,24579,,28,,89995,89995,1608,0,,470,2607266,55991,,,,,323,383944,383944,620,0,,,,,,68851,2991210,56611,2991210,56611,,,,,,0,,0
6/15/20,OH,B,2573,2342,16,231,6948,6948,513,53,1776,216,515592,10520,,,,,157,41576,38536,428,0,,,,,,,,0,557168,10948,,,,,,0,554128,10868
6/15/20,OK,A+,359,,0,,1117,1117,149,1,,67,242587,0,,,242587,,,8417,8417,186,0,974,,,,9456,6628,,0,251004,186,27415,,,,,0,252624,0
6/15/20,OR,A+,180,,4,,899,899,125,24,,50,170316,2070,,,246879,,19,5820,5625,184,0,,,,,14292,2396,,0,261171,4387,,,,,175941,9922,261171,4387
6/15/20,PA,A+,6243,,28,,,,851,0,,,513909,9474,,,,,178,79121,76883,323,0,,,,,,58549,,0,593030,9797,,,,,590792,9790,,0
6/15/20,PR,C,147,57,0,90,,,104,0,,8,113280,0,,,112331,,2,1477,1477,6,0,4413,,,,2326,,,0,114757,6,,,,,,0,114723,0
6/15/20,RI,A+,851,,18,,1882,1882,127,29,,21,119304,1711,,,187532,,14,16180,16180,76,0,,,,,22694,1474,210220,2110,210220,2110,,,,,135484,1787,210226,3141
6/15/20,SC,A+,602,602,2,,1988,1988,536,0,,,236179,6638,28524,,236179,,,19378,19378,583,0,1457,,,,26294,8682,,0,255557,7221,29981,,,,,0,262473,7377
6/15/20,SD,B,75,,0,,544,544,93,5,,,60467,1046,,,,,,5928,,30,0,,,,,,4961,,0,66395,1076,,,,,66395,1076,,0
6/15/20,TN,B,483,462,8,21,2106,2106,642,19,,,598818,14030,,,593485,,,31160,30951,728,0,,,,,36284,20062,,0,629978,14758,,,,,,0,629769,14726
6/15/20,TX,B,1983,,7,,,,2326,0,,,1521470,13668,,,,,,89108,89108,1254,0,6135,219,,,128779,59089,,0,1610578,14922,149090,1544,,,,0,1610578,14922
6/15/20,UT,B,143,,4,,1041,1041,184,13,304,72,261700,3265,,,302448,134,,14608,14608,295,0,,5,,5,16962,8380,,0,319410,4508,,5,,5,276882,3575,319410,4508
6/15/20,VA,A+,1552,1444,6,108,5588,5588,902,52,,269,424113,9619,,,,,130,54886,52460,380,0,,,,,64951,7230,502392,8677,502392,8677,,,,,,0,,0
6/15/20,VI,C,6,6,0,,,,,0,,,2305,0,,,,,,73,,1,0,,,,,,64,,0,2378,1,,,,,,0,2378,15
6/15/20,VT,B,55,55,0,,,,16,0,,,49634,1549,,,,,,1126,1126,1,0,,,,,,912,,0,59263,1836,,,,,50760,1550,59263,1836
6/15/20,WA,B,1217,1217,4,,3856,3856,357,11,,,480784,11366,,,,,41,27435,27435,193,0,,,,,,,508785,11883,508785,11883,,,,,443294,10675,,0
6/15/20,WI,A+,694,694,2,,3061,3061,284,12,680,100,403447,6081,,,,,,25546,22932,206,0,,,,,,16837,513940,8813,513940,8813,,,,,426379,6255,,0
6/15/20,WV,B,88,,0,,,,25,0,,8,129655,745,,,,,2,2298,2220,9,0,,,,,,1585,,0,131953,754,7673,,,,,0,131875,752
6/15/20,WY,C,18,,0,,93,93,4,0,,,31546,-459,,,34779,,,1079,856,19,0,,,,,1065,834,,0,35844,902,,,,,,0,35844,902
6/14/20,AK,A,12,12,0,,57,57,11,1,,,72802,1655,,,,,1,665,,9,0,,,,,,411,,0,73467,1664,,,,,,0,73467,1664
6/14/20,AL,B,773,768,0,5,2255,2255,576,14,675,,271840,3189,,,,395,,25615,25235,1014,0,,,,,,13508,,0,297075,4203,,,,,297075,4203,,0
6/14/20,AR,A,179,,3,,998,998,204,19,,,184488,9018,,,,162,46,12501,12501,954,0,,,,,,8110,,0,196989,9972,,,,,,0,196989,9972
6/14/20,AS,C,0,,0,,,,,0,,,174,0,,,,,,0,0,0,0,,,,,,,,0,174,0,,,,,,0,174,0
6/14/20,AZ,A+,1186,1119,3,67,4148,4148,1457,33,,452,302354,8415,,,,,317,35691,35374,1233,0,,,,,,6333,,0,469793,9317,131698,,,,337728,9643,469793,9317
6/14/20,CA,B,5063,,74,,,,4247,0,,1280,2653141,74391,,,,,,148855,148855,3212,0,,,,,,,,0,2801996,77603,,,,,,0,2801996,77603
6/14/20,CO,A,1599,1273,1,326,5244,5244,276,0,,,219955,4329,81861,,,,,29130,26523,113,0,6046,,,,,4196,291804,5893,291804,5893,87907,,,,246478,4444,,0
6/14/20,CT,B,4201,3355,15,846,9912,9912,205,0,,,312263,7090,,,,,,45088,43172,94,0,,,,,,7611,,0,357351,7184,,,,,,0,347190,4852
6/14/20,DC,A+,515,,4,,,,186,0,,71,54763,1436,,,,,50,9767,,58,0,,,,,,1150,64530,1494,64530,1494,,,,,51360,1328,,0
6/14/20,DE,A,496,438,1,58,,,93,0,,,71523,1653,,,,,,10264,9313,35,0,,,,,12785,6172,96852,3371,96852,3371,,,,,81787,1688,,0
6/14/20,FL,A,3022,3022,6,,12224,12224,,69,,,1333447,36586,,171364,1553385,,,73282,,2133,0,,,7717,,101662,,1473348,45792,1473348,45792,,,179109,,1409992,38591,1658074,45457
6/14/20,GA,A,2451,,5,,9248,9248,829,24,2034,,563109,20230,,,,,,57681,57681,880,0,6769,,,,52295,,,0,614997,15786,115727,,,,,0,614997,15786
6/14/20,GU,B,5,,0,,,,,0,,,8358,0,,,8249,,,185,177,0,0,2,,,,176,168,,0,8543,0,110,,,,,0,8426,0
6/14/20,HI,D,17,,0,,89,89,,2,,,59599,967,,,,,,723,,17,0,,,,,675,628,68281,1205,68281,1205,,,,,60322,984,69512,774
6/14/20,IA,A+,652,,2,,,,203,0,,77,200708,4817,,23952,,,47,23926,23926,209,0,,,2101,,,14383,,0,224634,5026,,,26080,,225001,5025,,0
6/14/20,ID,A,87,67,0,20,266,266,22,1,98,6,59581,276,,,,,,3399,3061,46,0,,,,,,2837,,0,62642,314,,,,,62642,314,,0
6/14/20,IL,A,6489,6308,19,181,,,1914,0,,562,1058442,21368,,,,,328,133404,132543,672,0,,,,,,,,0,1191846,22040,,,,,,0,1190985,22040
6/14/20,IN,A+,2422,2240,9,182,6419,6419,869,70,1360,301,308482,7388,,,,,113,39909,,366,0,,,,,41237,28522,,0,451117,6733,,,,,348391,7754,451117,6733
6/14/20,KS,A,243,,0,,973,973,,0,324,,118105,0,,,,143,,11047,,0,0,,,,,,667,,0,129152,0,,,,,128939,0,,0
6/14/20,KY,B,499,497,0,2,2433,2433,410,0,969,68,282140,0,,,,,,12445,12125,0,0,,,,,,3409,,0,294265,0,28635,,,,,0,294265,0
6/14/20,LA,B,3014,2901,10,113,,,556,0,,,462713,4613,,,,,76,46619,46619,336,0,,,,,,33904,,0,509332,4949,,,,,,0,509332,4949
6/14/20,MA,A+,7624,7467,48,157,10802,10802,1039,30,,244,607107,8906,,,,,156,105603,101276,208,0,,,,,132541,88725,,0,902595,5039,,,57582,,708383,9112,902595,5039
6/14/20,MD,B,2939,2811,13,128,10165,10165,751,112,,313,353608,6155,,,,,,61701,61701,396,0,,,,,70855,4541,,0,486599,8480,,,,,415309,6551,486599,8480
6/14/20,ME,B,100,100,0,,314,314,29,1,,10,67065,1472,5438,,67065,,5,2793,2486,36,0,281,,,,3413,2173,,0,69858,1508,5727,,,,,0,70589,1516
6/14/20,MI,A+,6016,5771,3,245,,,636,0,,253,747444,13797,,,747444,,139,66054,59990,218,0,,,,,82079,44964,,0,813498,14015,127842,,,,,0,829523,14149
6/14/20,MN,A,1329,1298,15,31,3610,3610,369,29,1110,186,387239,-6,,,,,,30471,30471,6,0,,,,,,26090,417710,0,417710,0,,,,,,0,,0
6/14/20,MO,B,879,,0,,,,647,0,,,259679,5693,,33017,252506,,65,15810,15810,0,0,,,1275,,17275,,,0,270232,0,,,34292,,275489,5693,270232,0
6/14/20,MP,D,2,,0,,,,,0,,,8139,233,,,,,,30,30,0,0,,,,,,19,,0,8169,233,,,,,,0,8169,233
6/14/20,MS,A,891,873,2,16,2665,2665,667,21,,151,194537,0,,,,,99,19516,19383,168,0,95,,,,,13356,,0,214053,168,9442,,,,,0,213753,0
6/14/20,MT,C,19,,1,,77,77,6,0,,,58306,890,,,,,,601,601,13,0,,,,,,510,,0,58907,903,,,,,,0,58907,903
6/14/20,NC,A,1109,1109,5,,,,798,0,,,583011,13997,,,,,,44119,44119,1443,0,,,,,,23653,,0,627130,15440,,,,,,0,627130,15440
6/14/20,ND,F,77,,0,,197,197,35,0,,,83800,985,3872,,,,,3076,3076,22,0,126,,,,,2658,128955,2058,128955,2058,3998,,,,84535,860,131835,2087
6/14/20,NE,D,216,,0,,1070,1070,156,3,,,119482,1618,,,143727,,,16633,16633,120,0,,,,,19929,9879,,0,164146,2480,,,,,136277,1741,164146,2480
6/14/20,NH,B,318,,3,,513,513,70,10,152,,91122,2417,,,,,,5299,5299,48,0,,,,,,3905,,0,114722,2581,18071,,15631,,96421,2465,114722,2581
6/14/20,NJ,A+,14372,12625,37,1747,18737,18737,1391,30,,386,930735,19125,,,,,285,166881,166881,276,0,,,,,,28714,,0,1097616,19401,,,,,,0,1097616,19401
6/14/20,NM,C,435,,4,,1625,1625,162,0,,,253942,4569,,,,,,9723,9723,102,0,,,,,,4114,,0,263665,4671,,,,,,0,263665,4671
6/14/20,NV,A+,479,,1,,,,332,0,,83,199438,5504,,,,,69,11173,11173,227,0,,,,,,,252007,2473,252007,2473,,,,,210503,5715,241729,6229
6/14/20,NY,A,24551,,24,,89995,89995,1657,0,,499,2551275,61665,,,,,346,383324,383324,694,0,,,,,,68761,2934599,62359,2934599,62359,,,,,,0,,0
6/14/20,OH,B,2557,2327,3,230,6895,6895,511,31,1762,216,505072,7022,,,,,145,41148,38188,300,0,,,,,,,,0,546220,7322,,,,,,0,543260,7317
6/14/20,OK,A+,359,,0,,1116,1116,149,5,,67,242587,4221,,,242587,,,8231,8231,158,0,974,,,,9456,6578,,0,250818,4379,27415,,,,,0,252624,4533
6/14/20,OR,A+,176,,2,,875,875,133,0,,47,168246,3302,,,242754,,15,5636,5207,101,0,,,,,14030,2396,,0,256784,6243,,,,,166019,0,256784,6243
6/14/20,PA,A+,6215,,4,,,,852,0,,,504435,7846,,,,,189,78798,76567,336,0,,,,,,58310,,0,583233,8182,,,,,581002,8176,,0
6/14/20,PR,C,147,57,1,90,,,110,0,,6,113280,0,,,112331,,2,1471,1471,11,0,4340,,,,2326,,,0,114751,11,,,,,,0,114723,0
6/14/20,RI,A+,833,,0,,1853,1853,141,0,,28,117593,884,,,184571,,17,16104,16104,32,0,,,,,22514,1435,208110,3130,208110,3130,,,,,133697,916,207085,1947
6/14/20,SC,A+,600,600,1,,1988,1988,521,0,,,229541,5590,28264,,229541,,,18795,18795,840,0,1444,,,,25555,8682,,0,248336,6430,29708,,,,,0,255096,6534
6/14/20,SD,B,75,,0,,539,539,87,8,,,59421,741,,,,,,5898,,65,0,,,,,,4899,,0,65319,806,,,,,65319,806,,0
6/14/20,TN,B,475,454,3,21,2087,2087,588,14,,,584788,12967,,,579620,,,30432,30255,891,0,,,,,35423,19896,,0,615220,13858,,,,,,0,615043,13882
6/14/20,TX,B,1976,,19,,,,2287,0,,,1507802,22122,,,,,,87854,87854,1843,0,6062,187,,,126327,58341,,0,1595656,23965,146967,1391,,,,0,1595656,23965
6/14/20,UT,B,139,,0,,1028,1028,178,16,302,,258435,3882,,,298286,134,,14313,14313,332,0,,5,,5,16616,8252,,0,314902,5291,,5,,5,273307,4208,314902,5291
6/14/20,VA,A+,1546,1438,5,108,5536,5536,958,25,,334,414494,8370,,,,,155,54506,52103,637,0,,,,,64446,7178,493715,9500,493715,9500,,,,,,0,,0
6/14/20,VI,C,6,6,0,,,,,0,,,2305,21,,,,,,72,,0,0,,,,,,64,,0,2377,21,,,,,,0,2363,0
6/14/20,VT,B,55,55,0,,,,26,0,,,48085,1049,,,,,,1125,1125,2,0,,,,,,909,,0,57427,1240,,,,,49210,1051,57427,1240
6/14/20,WA,B,1213,1213,9,,3845,3845,350,28,,,469418,3957,,,,,49,27242,27242,390,0,,,,,,,496902,4093,496902,4093,,,,,432619,3760,,0
6/14/20,WI,A+,692,692,1,,3049,3049,291,14,680,101,397366,8967,,,,,,25340,22758,251,0,,,,,,16558,505127,10010,505127,10010,,,,,420124,9207,,0
6/14/20,WV,B,88,,0,,,,30,0,,8,128910,3652,,,,,2,2289,2213,30,0,,,,,,1571,,0,131199,3682,7651,,,,,0,131123,3682
6/14/20,WY,C,18,,0,,93,93,5,0,,,32005,0,,,33912,,,1060,841,10,0,,,,,1030,834,,0,34942,127,,,,,,0,34942,127
6/13/20,AK,A,12,12,0,,56,56,12,1,,,71147,897,,,,,2,656,,26,0,,,,,,405,,0,71803,923,,,,,,0,71803,923
6/13/20,AL,B,773,768,4,5,2241,2241,563,39,672,,268651,5976,,,,395,,24601,24221,891,0,,,,,,13508,,0,292872,6864,,,,,292872,6864,,0
6/13/20,AR,A,176,,0,,979,979,203,18,,,175470,5895,,,,160,49,11547,11547,0,0,,,,,,7607,,0,187017,4372,,,,,,0,187017,4372
6/13/20,AS,C,0,,0,,,,,0,,,174,0,,,,,,0,0,0,0,,,,,,,,0,174,0,,,,,,0,174,0
6/13/20,AZ,A+,1183,1116,39,67,4115,4115,1412,36,,447,293939,4078,,,,,309,34458,34146,1540,0,,,,,,6209,,0,460476,16337,128830,,,,328085,7269,460476,16337
6/13/20,CA,B,4989,,46,,,,4411,0,,1313,2578750,58475,,,,,,145643,145643,3660,0,,,,,,,,0,2724393,62135,,,,,,0,2724393,62135
6/13/20,CO,A,1598,1272,3,326,5244,5244,262,10,,,215626,7987,80748,,,,,29017,26408,195,0,5984,,,,,4178,285911,7385,285911,7385,86732,,,,242034,5573,,0
6/13/20,CT,B,4186,3342,27,844,9912,9912,233,0,,,305173,4730,,,,,,44994,43078,305,0,,,,,,7611,,0,350167,5035,,,,,,0,342338,13985
6/13/20,DC,A+,511,,5,,,,197,0,,78,53327,1028,,,,,52,9709,,55,0,,,,,,1143,63036,1083,63036,1083,,,,,50032,1330,,0
6/13/20,DE,A,495,437,1,58,,,93,0,,,69870,2349,,,,,,10229,9278,56,0,,,,,12677,6116,93481,2416,93481,2416,,,,,80099,2405,,0
6/13/20,FL,A,3016,3016,49,,12155,12155,,169,,,1296861,31933,,171364,1510430,,,71149,,2476,0,,,7717,,99168,,1427556,35007,1427556,35007,,,179109,,1371401,34506,1612617,41395
6/13/20,GA,A,2446,,28,,9224,9224,810,43,2029,,542879,6704,,,,,,56801,56801,1018,0,6631,,,,51141,,,0,599211,13254,113405,,,,,0,599211,13254
6/13/20,GU,B,5,,0,,,,,0,,,8358,15,,,8249,,,185,185,1,0,2,,,,174,168,,0,8543,16,110,,,,,0,8426,0
6/13/20,HI,D,17,,0,,87,87,,1,,,58632,745,,,,,,706,,14,0,,,,,659,627,67076,949,67076,949,,,,,59338,759,68738,1346
6/13/20,IA,A+,650,,7,,,,200,0,,76,195891,4684,,23752,,,43,23717,23717,380,0,,,2097,,,14326,,0,219608,5064,,,25876,,219976,5033,,0
6/13/20,ID,A,87,67,1,20,265,265,24,0,98,5,59305,1175,,,,,,3353,3023,51,0,,,,,,2776,,0,62328,1214,,,,,62328,1214,,0
6/13/20,IL,A,6470,6289,29,181,,,2117,0,,610,1037074,21171,,,,,352,132732,131871,673,0,,,,,,,,0,1169806,21844,,,,,,0,1168945,21844
6/13/20,IN,A+,2413,2231,17,182,6349,6349,871,0,1354,316,301094,5060,,,,,118,39543,,397,0,,,,,41037,28241,,0,444384,13135,,,,,340637,5457,444384,13135
6/13/20,KS,A,243,,0,,973,973,,0,324,,118105,0,,,,143,,11047,,0,0,,,,,,667,,0,129152,0,,,,,128939,0,,0
6/13/20,KY,B,499,497,6,2,2433,2433,410,27,969,68,282140,12991,,,,,,12445,12125,500,0,,,,,,3409,,0,294265,13479,28635,,,,,0,294265,13479
6/13/20,LA,B,3004,2891,8,113,,,542,0,,,458100,23561,,,,,76,46283,46283,1288,0,,,,,,33904,,0,504383,24849,,,,,,0,504383,24849
6/13/20,MA,A+,7576,7420,38,156,10772,10772,1069,46,,249,598201,9901,,,,,162,105395,101070,336,0,,,,,132395,88725,,0,897556,6435,,,57048,,699271,10160,897556,6435
6/13/20,MD,B,2926,2799,26,127,10053,10053,799,130,,321,347453,7971,,,,,,61305,61305,692,0,,,,,70320,4536,,0,478119,10555,,,,,408758,8663,478119,10555
6/13/20,ME,B,100,100,0,,313,313,29,5,,10,65593,1427,5323,,65593,,4,2757,2452,36,0,280,,,,3370,2152,,0,68350,1463,5611,,,,,0,69073,1488
6/13/20,MI,A+,6013,5768,23,245,,,636,0,,253,733647,13032,,,733647,,139,65836,59801,164,0,,,,,81727,44964,,0,799483,13196,125950,,,,,0,815374,13338
6/13/20,MN,A,1314,1283,9,31,3581,3581,390,24,1104,191,387245,9656,,,,,,30465,30465,2,0,,,,,,25620,417710,9658,417710,9658,,,,,,0,,0
6/13/20,MO,B,879,,7,,,,595,0,,,253986,4436,,32313,252506,,69,15810,15810,225,0,,,1275,,17275,,,0,270232,0,,,33588,,269796,4661,270232,0
6/13/20,MP,D,2,,0,,,,,0,,,7906,174,,,,,,30,30,0,0,,,,,,19,,0,7936,174,,,,,,0,7936,174
6/13/20,MS,A,889,873,8,16,2644,2644,684,1,,160,194537,-865,,,,,103,19348,19216,257,0,95,,,,,13356,,0,213885,-608,9442,,,,,0,213753,0
6/13/20,MT,C,18,,0,,77,77,7,0,,,57416,967,,,,,,588,588,15,0,,,,,,510,,0,58004,982,,,,,,0,58004,982
6/13/20,NC,A,1104,1104,12,,,,823,0,,,569014,14566,,,,,,42676,42676,1427,0,,,,,,23653,,0,611690,15993,,,,,,0,611690,15993
6/13/20,ND,F,77,,0,,197,197,35,0,,,82815,1667,3860,,,,,3054,3054,42,0,126,,,,,2630,126897,3247,126897,3247,3986,,,,83675,1745,129748,3305
6/13/20,NE,D,216,,4,,1067,1067,157,38,,,117864,3406,,,141410,,,16513,16513,198,0,,,,,19772,9610,,0,161666,3842,,,,,134536,3603,161666,3842
6/13/20,NH,B,315,,7,,503,503,76,-1,149,,88705,1997,,,,,,5251,5251,42,0,,,,,,3843,,0,112141,2639,17720,,15236,,93956,2039,112141,2639
6/13/20,NJ,A+,14335,12589,103,1746,18707,18707,1395,100,,409,911610,22378,,,,,279,166605,166605,441,0,,,,,,28606,,0,1078215,22819,,,,,,0,1078215,22819
6/13/20,NM,C,431,,5,,1625,1625,172,0,,,249373,3615,,,,,,9621,9621,95,0,,,,,,4072,,0,258994,3710,,,,,,0,258994,3710
6/13/20,NV,A+,478,,3,,,,351,0,,81,193934,5165,,,,,43,10946,10946,270,0,,,,,,,249534,5188,249534,5188,,,,,204788,5432,235500,6227
6/13/20,NY,A,24527,,32,,89995,89995,1734,0,,517,2489610,69924,,,,,360,382630,382630,916,0,,,,,,68584,2872240,70840,2872240,70840,,,,,,0,,0
6/13/20,OH,B,2554,2324,46,230,6864,6864,516,50,1754,230,498050,14756,,,,,152,40848,37893,424,0,,,,,,,,0,538898,15180,,,,,,0,535943,15130
6/13/20,OK,A+,359,,0,,1111,1111,154,8,,67,238366,0,,,238366,,,8073,8073,225,0,974,,,,9456,6495,,0,246439,225,27415,,,,,0,248091,0
6/13/20,OR,A+,174,,1,,875,875,133,0,,47,164944,4132,,,236699,,15,5535,5207,158,0,,,,,13842,2396,,0,250541,6302,,,,,166019,0,250541,6302
6/13/20,PA,A+,6211,,49,,,,875,0,,,496589,8204,,,,,192,78462,76237,463,0,,,,,,58061,,0,575051,8667,,,,,572826,8641,,0
6/13/20,PR,C,146,56,0,90,,,117,0,,4,113280,0,,,112331,,3,1460,1460,17,0,4230,,,,2326,,,0,114740,17,,,,,,0,114723,0
6/13/20,RI,A+,833,,0,,1853,1853,141,0,,28,116709,1226,,,182700,,17,16072,16072,49,0,,,,,22438,1435,204980,4805,204980,4805,,,,,132781,1275,205138,2844
6/13/20,SC,A+,599,599,6,,1988,1988,523,0,,,223951,5062,27599,,223951,,,17955,17955,785,0,1424,,,,24611,8682,,0,241906,5847,29023,,,,,0,248562,6019
6/13/20,SD,B,75,,1,,531,531,85,6,,,58680,1417,,,,,,5833,,91,0,,,,,,4828,,0,64513,1508,,,,,64513,1508,,0
6/13/20,TN,B,472,451,4,21,2073,2073,583,24,,,571821,10774,,,566752,,,29541,29340,415,0,,,,,34409,19731,,0,601362,11189,,,,,,0,601161,6201
6/13/20,TX,B,1957,,18,,,,2242,0,,,1485680,38376,,,,,,86011,86011,2331,0,5963,148,,,122603,56535,,0,1571691,40707,144050,1205,,,,0,1571691,40707
6/13/20,UT,B,139,,0,,1012,1012,236,24,300,,254553,4513,,,293348,132,,13981,13981,404,0,,5,,5,16263,8114,,0,309611,6411,,5,,5,269099,4926,309611,6411
6/13/20,VA,A+,1541,1435,7,106,5511,5511,959,66,,295,406124,8805,,,,,142,53869,51499,658,0,,,,,63856,7131,484215,10561,484215,10561,,,,,,0,,0
6/13/20,VI,C,6,6,0,,,,,0,,,2284,63,,,,,,72,,0,0,,,,,,64,,0,2356,63,,,,,,0,2363,64
6/13/20,VT,B,55,55,0,,,,11,0,,,47036,1287,,,,,,1123,1123,5,0,,,,,,908,,0,56187,1560,,,,,48159,1292,56187,1560
6/13/20,WA,B,1204,1204,10,,3817,3817,372,45,,,465461,6230,,,,,43,26852,26852,400,0,,,,,,,492809,6423,492809,6423,,,,,428859,6089,,0
6/13/20,WI,A+,691,691,2,,3035,3035,285,32,677,99,388399,11037,,,,,,25089,22518,294,0,,,,,,16231,495117,13427,495117,13427,,,,,410917,11309,,0
6/13/20,WV,B,88,,2,,,,29,0,,9,125258,3452,,,,,2,2259,2183,26,0,,,,,,1568,,0,127517,3478,7485,,,,,0,127441,3478
6/13/20,WY,C,18,,0,,93,93,5,1,,,32005,1132,,,33788,,,1050,832,23,0,,,,,1027,833,,0,34815,165,,,,,,0,34815,165
6/12/20,AK,A,12,12,1,,55,55,15,1,,,70250,1855,,,,,3,630,,14,0,,,,,,403,,0,70880,1869,,,,,,0,70880,1869
6/12/20,AL,B,769,764,14,5,2202,2202,624,37,658,,262675,6694,,,,384,,23710,23333,865,0,,,,,,13508,,0,286008,7553,,,,,286008,7553,,0
6/12/20,AR,A,176,,5,,961,961,203,36,,,169575,3726,,,,157,49,11547,11547,731,0,,,,,,7607,,0,182645,6428,,,,,,0,182645,6428
6/12/20,AS,C,0,,0,,,,,0,,,174,0,,,,,,0,0,0,0,,,,,,,,0,174,0,,,,,,0,174,0
6/12/20,AZ,A+,1144,1060,17,67,4079,4079,1336,38,,429,289861,11543,,,,,278,32918,30955,1654,0,,,,,,5980,,0,444139,15088,122070,,,,320816,11543,444139,15088
6/12/20,CA,B,4943,,62,,,,4480,0,,1310,2520275,61909,,,,,,141983,141983,2702,0,,,,,,,,0,2662258,64611,,,,,,0,2662258,64611
6/12/20,CO,A,1595,1268,12,327,5234,5234,274,177,,,207639,1916,79135,,,,,28822,26215,175,0,5892,,,,,4184,278526,5596,278526,5596,85027,,,,236461,4698,,0
6/12/20,CT,B,4159,3321,13,838,9912,9912,244,0,,,300443,13833,,,,,,44689,42788,228,0,,,,,,7611,,0,345132,14061,,,,,,0,328353,8309
6/12/20,DC,A+,506,,4,,,,212,0,,82,52299,2600,,,,,57,9654,,65,0,,,,,,1143,61953,2665,61953,2665,,,,,48702,906,,0
6/12/20,DE,A,494,436,0,58,,,100,0,,,67521,3594,,,,,,10173,9222,67,0,,,,,12592,6062,91065,1619,91065,1619,,,,,77694,3661,,0
6/12/20,FL,A,2967,2967,29,,11986,11986,,136,,,1264928,27249,,171364,1472224,,,68673,,1634,0,,,7717,,96007,,1392549,30492,1392549,30492,,,179109,,1336895,29167,1571222,35397
6/12/20,GA,A,2418,,43,,9181,9181,836,108,2021,,536175,6907,,,,,,55783,55783,810,0,6504,,,,50189,,,0,585957,7493,110825,,,,,0,585957,7493
6/12/20,GU,B,5,,0,,,,,0,,,8343,146,,,8249,,,184,174,1,0,2,,,,174,168,,0,8527,147,110,,,,,0,8426,60
6/12/20,HI,D,17,,0,,86,86,,1,,,57887,1277,,,,,,692,,7,0,,,,,655,623,66127,1464,66127,1464,,,,,58579,1284,67392,1540
6/12/20,IA,A+,643,,4,,,,225,0,,81,191207,5606,,23575,,,47,23337,23337,399,0,,,2095,,,14227,,0,214544,6005,,,25697,,214943,6404,,0
6/12/20,ID,A,86,66,1,20,265,265,20,3,98,5,58130,1275,,,,,,3302,2984,42,0,,,,,,2684,,0,61114,1312,,,,,61114,1312,,0
6/12/20,IL,A,6441,6260,78,181,,,2209,0,,648,1015903,24179,,,,,375,132059,131198,732,0,,,,,,,,0,1147962,24911,,,,,,-1122327,1147101,24774
6/12/20,IN,A+,2396,2214,16,182,6349,6349,906,35,1354,329,296034,7440,,,,,116,39146,,398,0,,,,,40598,27811,,0,431249,12072,,,,,335180,7838,431249,12072
6/12/20,KS,A,243,,3,,973,973,,19,324,,118105,5175,,,,143,,11047,,235,0,,,,,,667,,0,129152,5410,,,,,128939,128939,,0
6/12/20,KY,B,493,491,0,2,2406,2406,514,0,967,81,269149,0,,,,,,11945,11637,0,0,,,,,,3379,,0,280786,0,28319,,,,,0,280786,0
6/12/20,LA,B,2996,2883,9,113,,,549,0,,,434539,9338,,,,,74,44995,44995,523,0,,,,,,33904,,0,479534,9861,,,,,,0,479534,9861
6/12/20,MA,A+,7538,7382,46,156,10726,10726,1143,72,,276,588300,9879,,,,,170,105059,100811,392,0,,,,,132202,88725,,0,891121,13004,,,55784,,689111,10186,891121,13004
6/12/20,MD,B,2900,2773,25,127,9923,9923,836,134,,331,339482,7309,,,,,,60613,60613,416,0,,,,,69655,4474,,0,467564,9748,,,,,400095,7725,467564,9748
6/12/20,ME,B,100,100,0,,308,308,32,0,,11,64166,1376,5182,,64166,,5,2721,2420,54,0,274,,,,3311,2105,,0,66887,1430,5464,,,,,0,67585,1439
6/12/20,MI,A+,5990,5745,5,245,,,636,0,,253,720615,15544,,,720615,,139,65672,59621,223,0,,,,,81421,42041,,0,786287,15767,122843,,,,,0,802036,15882
6/12/20,MN,A,1305,1274,25,31,3557,3557,403,35,1093,191,377589,12773,,,,,,30463,30463,45,0,,,,,,25028,408052,12818,408052,12818,,,,,,0,,0
6/12/20,MO,B,872,,12,,,,593,0,,,249550,5900,,31220,252506,,69,15585,15585,195,0,,,1232,,17275,,,0,270232,0,,,32452,,265135,6095,270232,0
6/12/20,MP,D,2,,0,,,,,0,,,7732,181,,,,,,30,30,0,0,,,,,,19,,0,7762,181,,,,,,0,7762,181
6/12/20,MS,A,881,856,13,16,2643,2643,710,29,,172,195402,0,,,,,94,19091,18959,608,0,95,,,,,13356,,0,214493,608,9442,,,,,0,213753,0
6/12/20,MT,C,18,,0,,77,77,7,3,,,56449,1235,,,,,,573,573,10,0,,,,,,489,,0,57022,1245,,,,,,0,57022,1245
6/12/20,NC,A,1092,1092,28,,,,760,0,,,554448,21252,,,,,,41249,41249,1768,0,,,,,,23653,,0,595697,23020,,,,,,0,595697,23020
6/12/20,ND,F,77,,0,,197,197,35,4,,,81148,1340,3692,,,,,3012,3012,36,0,124,,,,,2573,123650,3332,123650,3332,3816,,,,81930,1312,126443,3409
6/12/20,NE,D,212,,17,,1029,1029,164,29,,,114458,2821,,,137852,,,16315,16315,290,0,,,,,19491,9229,,0,157824,4137,,,,,130933,3103,157824,4137
6/12/20,NH,A,308,,7,,504,504,73,4,149,,86708,1979,,,,,,5209,5209,31,0,,,,,,3665,,0,109502,3032,17282,,14884,,91917,2010,109502,3032
6/12/20,NJ,A+,14232,12489,49,1743,18607,18607,1480,115,,415,889232,24255,,,,,300,166164,166164,348,0,,,,,,28509,,0,1055396,24603,,,,,,0,1055396,24603
6/12/20,NM,C,426,,6,,1625,1625,179,0,,,245758,4245,,,,,,9526,9526,159,0,,,,,,3983,,0,255284,4404,,,,,,0,255284,4404
6/12/20,NV,A+,475,,0,,,,328,0,,77,188769,5914,,,,,36,10676,10676,277,0,,,,,,,244346,4759,244346,4759,,,,,199356,6186,229273,7487
6/12/20,NY,A,24495,,53,,89995,89995,1898,0,,552,2419686,71573,,,,,387,381714,381714,822,0,,,,,,68399,2801400,72395,2801400,72395,,,,,,0,,0
6/12/20,OH,B,2508,2280,18,228,6814,6814,547,61,1745,217,483294,10715,,,,,144,40424,37519,420,0,,,,,,,,0,523718,11135,,,,,,0,520813,11114
6/12/20,OK,A+,359,,2,,1103,1103,154,11,,65,238366,4547,,,238366,,,7848,7848,222,0,974,,,,9156,6391,,0,246214,4769,27415,,,,,0,248091,4877
6/12/20,OR,A+,173,,2,,875,875,133,11,,47,160812,4245,,,230670,,15,5377,5207,140,0,,,,,13569,2370,,0,244239,6880,,,,,166019,4376,244239,6880
6/12/20,PA,A+,6162,,49,,,,899,0,,,488385,11946,,,,,202,77999,75800,66,0,,,,,,56939,,0,566384,12012,,,,,564185,12627,,0
6/12/20,PR,C,146,56,2,90,,,92,0,,7,113280,24595,,,112331,,4,1443,1443,40,0,4093,,,,2326,,,0,114723,24635,,,,,,0,114723,24678
6/12/20,RI,A+,833,,10,,1853,1853,141,11,,28,115483,2093,,,179958,,17,16023,16023,81,0,,,,,22336,1435,200175,3687,200175,3687,,,,,131506,2174,202294,4589
6/12/20,SC,A+,593,593,5,,1988,1988,512,90,,,218889,5273,26913,,218889,,,17170,17170,729,0,1385,,,,23654,8682,,0,236059,6002,28298,,,,,0,242543,6087
6/12/20,SD,B,74,,1,,525,525,87,11,,,57263,1184,,,,,,5742,,77,0,,,,,,4755,,0,63005,1261,,,,,63005,1261,,0
6/12/20,TN,B,468,447,27,21,2049,2049,608,38,,,561047,54291,,,561047,,,29126,28942,588,0,,,,,33913,19425,,0,590173,54879,,,,,,-528635,594960,594960
6/12/20,TX,B,1939,,19,,,,2166,0,,,1447304,40546,,,,,,83680,83680,2097,0,5925,117,,,117638,55258,,0,1530984,42643,143174,963,,,,0,1530984,42643
6/12/20,UT,B,139,,8,,988,988,197,20,294,,250040,3453,,,287384,130,,13577,13577,325,0,,5,,5,15816,7935,,0,303200,5184,,5,,5,264173,3793,303200,5184
6/12/20,VA,A+,1534,1426,14,108,5445,5445,1026,85,,297,397319,42569,,,,,143,53211,50853,564,0,,,,,63219,7002,473654,9966,473654,9966,,,,,,0,,0
6/12/20,VI,C,6,6,0,,,,,0,,,2221,41,,,,,,72,,0,0,,,,,,64,,0,2293,41,,,,,,0,2299,19
6/12/20,VT,B,55,55,0,,,,16,0,,,45749,1401,,,,,,1118,1118,10,0,,,,,,907,,0,54627,1705,,,,,46867,1411,54627,1705
6/12/20,WA,B,1194,1194,4,,3772,3772,386,-1,,,459231,9249,,,,,8,26452,26452,371,0,,,,,,,486386,9637,486386,9637,,,,,422770,9191,,0
6/12/20,WI,A+,689,689,7,,3003,3003,287,27,670,104,377362,11308,,,,,,24795,22246,354,0,,,,,,15783,481690,12959,481690,12959,,,,,399608,11628,,0
6/12/20,WV,B,86,,1,,,,29,0,,9,121806,2898,,,,,2,2233,2157,21,0,,,,,,1553,,0,124039,2919,7354,,,,,0,123963,1272
6/12/20,WY,C,18,,0,,92,92,5,0,,,30873,264,,,33624,,,1027,811,18,0,,,,,1026,814,,0,34650,696,,,,,,0,34650,696
6/11/20,AK,A,11,11,0,,54,54,18,1,,,68395,1273,,,,,4,616,,18,0,,,,,,397,,0,69011,1291,,,,,,0,69011,1291
6/11/20,AL,B,755,750,11,5,2165,2165,647,36,650,,255981,4913,,,,380,,22845,22474,856,0,,,,,,13508,,0,278455,5761,,,,,278455,5761,,0
6/11/20,AR,A,171,,6,,925,925,187,24,,,165849,0,,,,150,45,10816,10816,448,0,,,,,,7351,,0,176217,0,,,,,,0,176217,0
6/11/20,AS,C,0,,0,,,,,0,,,174,0,,,,,,0,0,0,0,,,,,,,,0,174,0,,,,,,0,174,0
6/11/20,AZ,A+,1127,1060,32,67,4041,4041,1291,41,,429,278318,8483,,,,,278,31264,30955,1412,0,,,,,,5980,,0,429051,15036,120054,,,,309273,9586,429051,15036
6/11/20,CA,B,4881,,105,,,,4534,0,,1325,2458366,53759,,,,,,139281,139281,3090,0,,,,,,,,0,2597647,56849,,,,,,0,2597647,56849
6/11/20,CO,A,1583,1258,10,325,5057,5057,279,22,,,205723,3877,77546,,,,,28647,26040,148,0,5799,,,,,4169,272930,5401,272930,5401,83345,,,,231763,4002,,0
6/11/20,CT,B,4146,3308,26,838,9912,9912,246,243,,,286610,7953,,,,,,44461,42557,114,0,,,,,,7611,,0,331071,8067,,,,,,0,320044,5030
6/11/20,DC,A+,502,,3,,,,238,0,,82,49699,1044,,,,,53,9589,,52,0,,,,,,1143,59288,1096,59288,1096,,,,,47796,648,,0
6/11/20,DE,A,494,436,1,58,,,109,0,,,63927,2238,,,,,,10106,9158,50,0,,,,,12525,6001,89446,1664,89446,1664,,,,,74033,2288,,0
6/11/20,FL,A,2938,2938,49,,11850,11850,,229,,,1237679,26027,,148981,1439362,,,67039,,1669,0,,,6828,,93533,,1362057,27796,1362057,27796,,,155835,,1307728,27725,1535825,34772
6/11/20,GA,A,2375,,46,,9073,9073,842,99,2006,,529268,12293,,,,,,54973,54973,993,0,6381,,,,49603,,,0,578464,13243,108194,,,,,0,578464,13243
6/11/20,GU,B,5,,0,,,,,0,,,8197,97,,,8191,,,183,175,1,0,2,,,,175,168,,0,8380,98,109,,,,,0,8366,290
6/11/20,HI,D,17,,0,,85,85,,1,,,56610,1119,,,,,,685,,3,0,,,,,649,622,64663,1508,64663,1508,,,,,57295,1122,65852,1351
6/11/20,IA,A+,639,,9,,,,242,0,,75,185601,5323,,22801,,,48,22938,22938,387,0,,,2070,,,13956,,0,208539,5710,,,24898,,208539,5710,,0
6/11/20,ID,A,85,65,0,20,262,262,28,0,99,7,56855,1023,,,,,,3260,2947,40,0,,,,,,2628,,0,59802,1056,,,,,59802,1056,,0
6/11/20,IL,B,6363,6185,90,178,,,2365,0,,638,991724,21559,,,,,379,131327,130603,766,0,,,,,,,,0,1123051,22325,,,,,1122327,22325,1122327,22325
6/11/20,IN,A+,2380,2198,25,182,6314,6314,887,53,1345,331,288594,6837,,,,,118,38748,,411,0,,,,,40143,27321,,0,419177,10094,,,,,327342,7248,419177,10094
6/11/20,KS,A,240,,0,,954,954,,0,316,,112930,0,,,,139,,10812,,0,0,,,,,,657,,0,123742,0,,,,,,0,,0
6/11/20,KY,B,493,491,9,2,2406,2406,514,10,967,81,269149,6618,,,,,,11945,11637,62,0,,,,,,3379,,0,280786,6679,28319,,,,,0,280786,6679
6/11/20,LA,B,2987,2874,19,113,,,553,0,,,425201,9111,,,,,77,44472,44472,442,0,,,,,,33904,,0,469673,9553,,,,,,0,469673,9553
6/11/20,MA,A+,7492,7337,38,155,10654,10654,1260,72,,296,578421,10487,,,,,181,104667,100504,511,0,,,,,131718,88725,,0,878117,13081,,,54574,,678925,10833,878117,13081
6/11/20,MD,B,2875,2750,31,125,9789,9789,902,34,,358,332173,6996,,,,,,60197,60197,732,0,,,,,69087,4365,,0,457816,11547,,,,,392370,7728,457816,11547
6/11/20,ME,B,100,100,0,,308,308,29,5,,12,62790,1487,5071,,62790,,5,2667,2380,30,0,261,,,,3248,2062,,0,65457,1517,5340,,,,,0,66146,1531
6/11/20,MI,A+,5985,5738,33,247,,,661,0,,249,705071,14202,,,705071,,150,65449,59496,267,0,,,,,81083,42041,,0,770520,14469,120796,,,,,0,786154,14602
6/11/20,MN,A,1280,1249,13,31,3522,3522,411,40,1091,196,364816,13182,,,,,,30418,30418,219,0,,,,,,24870,395234,13401,395234,13401,,,,,,0,,0
6/11/20,MO,B,860,,12,,,,537,0,,,243650,7208,,30275,252506,,59,15390,15390,203,0,,,1195,,17275,,,0,270232,0,,,31470,,259040,7411,270232,0
6/11/20,MP,D,2,,0,,,,,0,,,7551,58,,,,,,30,30,0,0,,,,,,19,,0,7581,58,,,,,,0,7581,58
6/11/20,MS,A,868,851,0,17,2614,2614,655,0,,160,195402,0,,,,,99,18483,18351,0,0,95,,,,,13356,,0,213885,0,9442,,,,,0,213753,0
6/11/20,MT,C,18,,0,,74,74,7,0,,,55214,1159,,,,,,563,563,2,0,,,,,,487,,0,55777,1161,,,,,,0,55777,1161
6/11/20,NC,A,1064,1064,11,,,,812,0,,,533196,17717,,,,,,39481,39481,1310,0,,,,,,23653,,0,572677,19027,,,,,,0,572677,19027
6/11/20,ND,D,77,,1,,193,193,32,0,,,79808,1089,3583,,,,,2976,2976,38,0,121,,,,,2515,120318,3303,120318,3303,3704,,,,80618,1105,123034,3373
6/11/20,NE,D,195,,4,,1000,1000,175,11,,,111637,2358,,,134062,,,16025,16025,142,0,,,,,19153,8946,,0,153687,3422,,,,,127830,2501,153687,3422
6/11/20,NH,B,301,,7,,500,500,81,4,147,,84729,1214,,,,,,5178,5178,46,0,,,,,,3585,,0,106470,3235,16876,,14532,,89907,1260,106470,3235
6/11/20,NJ,A+,14183,12443,67,1740,18492,18492,1512,269,,445,864977,21389,,,,,319,165816,165816,470,0,,,,,,28376,,0,1030793,21859,,,,,,0,1030793,21859
6/11/20,NM,C,420,,10,,1625,1625,183,42,,,241513,5206,,,,,,9367,9367,117,0,,,,,,3380,,0,250880,5323,,,,,,0,250880,5323
6/11/20,NV,A+,475,,1,,,,337,0,,72,182855,5696,,,,,35,10399,10399,235,0,,,,,,,239587,6275,239587,6275,,,,,193170,5878,221786,6699
6/11/20,NY,A,24442,,38,,89995,89995,2042,0,,581,2348113,60103,,,,,424,380892,380892,736,0,,,,,,68211,2729005,60839,2729005,60839,,,,,,0,,0
6/11/20,OH,B,2490,2263,33,227,6753,6753,563,60,1732,225,472579,10270,,,,,155,40004,37120,429,0,,,,,,,,0,512583,10699,,,,,,0,509699,10680
6/11/20,OK,A+,357,,2,,1092,1092,153,17,,58,233819,4002,,,233819,,,7626,7626,146,0,863,,,,9395,6263,,0,241445,4148,23402,,,,,0,243214,4209
6/11/20,OR,A+,171,,2,,864,864,130,7,,39,156567,4869,,,224005,,19,5237,5076,177,0,,,,,13354,2350,,0,237359,6064,,,,,161643,5038,237359,6064
6/11/20,PA,A+,6113,,51,,,,946,0,,,476439,9475,,,,,215,77933,75119,467,0,620,,,,,55665,,0,554372,9942,,,,,551558,9910,,0
6/11/20,PR,C,144,56,1,88,,,91,0,,7,88685,0,,,87930,,4,1403,1403,1,0,3949,,,,2060,,,0,90088,1,,,,,,0,90045,0
6/11/20,RI,A+,823,,11,,1842,1842,146,14,,26,113390,1438,,,175575,,16,15942,15942,87,0,,,,,22130,1419,196488,3179,196488,3179,,,,,129332,1525,197705,3568
6/11/20,SC,A+,588,588,13,,1898,1898,494,0,,,213616,-23157,26272,,213616,,,16441,16441,682,0,1337,,,,22760,7928,,0,230057,-22475,27609,,,,,0,236456,-24921
6/11/20,SD,B,73,,4,,514,514,87,11,,,56079,998,,,,,,5665,,61,0,,,,,,4664,,0,61744,1059,,,,,61744,1059,,0
6/11/20,TN,B,441,441,5,,2011,2011,606,21,,,506756,5990,,,,,,28538,28340,477,0,,,,,,18992,,0,535294,6467,,,,,528635,0,,0
6/11/20,TX,B,1920,,35,,,,2008,0,,,1406758,39076,,,,,,81583,81583,1826,0,5906,90,,,112525,54096,,0,1488341,40902,142573,758,,,,0,1488341,40902
6/11/20,UT,B,131,,3,,968,968,188,14,282,,246587,3959,,,282600,123,,13252,13252,388,0,,3,,3,15416,7745,,0,298016,5409,,3,,3,260380,4323,298016,5409
6/11/20,VA,A+,1520,1413,6,107,5360,5360,1069,88,,273,354750,8563,,,,,138,52647,50275,470,0,,,,,62434,6895,463688,12100,463688,12100,,,,,,0,,0
6/11/20,VI,C,6,6,0,,,,,0,,,2180,11,,,,,,72,,0,0,,,,,,64,,0,2252,11,,,,,,0,2280,33
6/11/20,VT,B,55,55,0,,,,12,0,,,44348,1430,,,,,,1108,1108,16,0,,,,,,905,,0,52922,1674,,,,,45456,1446,52922,1674
6/11/20,WA,B,1190,1190,14,,3773,3773,384,26,,,449982,11570,,,,,63,26081,26081,409,0,,,,,,,476749,11970,476749,11970,,,,,413579,11209,,0
6/11/20,WI,A+,682,682,11,,2976,2976,306,33,660,101,366054,8942,,,,,,24441,21926,371,0,,,,,,15348,468731,14373,468731,14373,,,,,387980,9275,,0
6/11/20,WV,B,85,,0,,,,38,0,,8,118908,3106,,,,,2,2212,2136,24,0,,,,,,1516,,0,121120,3130,7173,,,,,0,122691,2975
6/11/20,WY,C,18,,0,,92,92,7,0,,,30609,737,,,32948,,,1009,793,29,0,,,,,1006,814,,0,33954,781,,,,,,0,33954,781
6/10/20,AK,A,11,11,0,,53,53,22,0,,,67122,810,,,,,3,598,,20,0,,,,,,392,,0,67720,830,,,,,,0,67720,830
6/10/20,AL,B,744,739,15,5,2129,2129,646,42,646,,251068,4751,,,,378,,21989,21626,567,0,,,,,,13508,,0,272694,5306,,,,,272694,5306,,0
6/10/20,AR,A,165,,4,,901,901,181,36,,,165849,10148,,,,147,49,10368,10368,288,0,,,,,,7116,,0,176217,5697,,,,,,0,176217,5697
6/10/20,AS,C,0,,0,,,,,0,,,174,0,,,,,,0,0,0,0,,,,,,,,0,174,0,,,,,,0,174,0
6/10/20,AZ,A+,1095,,25,,4000,4000,1274,41,,413,269835,4918,,,,,273,29852,,1556,0,,,,,,5851,,0,414015,15112,117257,,,,299687,6474,414015,15112
6/10/20,CA,B,4776,,79,,,,4719,0,,1326,2404607,51851,,,,,,136191,136191,2702,0,,,,,,,,0,2540798,54553,,,,,,0,2540798,54553
6/10/20,CO,A,1573,1250,20,323,5035,5035,277,10,,,201846,4099,75842,,,,,28499,25915,152,0,5688,,,,,4150,267529,5172,267529,5172,81530,,,,227761,4227,,0
6/10/20,CT,B,4120,3283,23,837,9669,9669,270,0,,,278657,4814,,,,,,44347,42448,168,0,,,,,,7284,,0,323004,4982,,,,,,0,315014,4360
6/10/20,DC,A+,499,,4,,,,245,0,,79,48655,977,,,,,60,9537,,63,0,,,,,,1143,58192,1040,58192,1040,,,,,47148,735,,0
6/10/20,DE,A,493,435,1,58,,,108,0,,,61689,956,,,,,,10056,,36,0,,,,,12467,5939,87782,1984,87782,1984,,,,,71745,992,,0
6/10/20,FL,A,2889,2889,38,,11621,11621,,161,,,1211652,19347,,148981,1406853,,,65370,,1242,0,,,6828,,91285,,1334261,21339,1334261,21339,,,155835,,1280003,20720,1501053,26453
6/10/20,GA,A,2329,,44,,8974,8974,817,102,1991,,516975,13041,,,,,,53980,53980,731,0,6232,,,,48721,,,0,565221,13765,105491,,,,,0,565221,13765
6/10/20,GU,B,5,,0,,,,,0,,,8100,304,,,7904,,,182,174,2,0,2,,,,172,164,,0,8282,306,109,,,,,0,8076,279
6/10/20,HI,D,17,,0,,84,84,,0,,,55491,693,,,,,,682,,6,0,,,,,644,621,63155,895,63155,895,,,,,56173,699,64501,968
6/10/20,IA,A+,630,,6,,,,245,0,,73,180278,4791,,22331,,,49,22551,22551,315,0,,,2048,,,13628,,0,202829,5106,,,24404,,202829,5106,,0
6/10/20,ID,A,85,65,2,20,262,262,20,2,99,7,55832,1344,,,,,,3220,2914,31,0,,,,,,2554,,0,58746,1370,,,,,58746,1370,,0
6/10/20,IL,A,6273,6095,77,178,,,2458,0,,706,970165,20195,,,,,394,130561,129837,625,0,,,,,,,,0,1100726,20820,,,,,1100002,20820,1100002,20820
6/10/20,IN,A+,2355,2173,16,182,6261,6261,894,36,1334,307,281757,4400,,,,,113,38337,,304,0,,,,,39659,26791,,0,409083,8539,,,,,320094,4704,409083,8539
6/10/20,KS,A,240,,4,,954,954,,18,316,,112930,4071,,,,139,,10812,,162,0,,,,,,657,,0,123742,4233,,,,,,0,,0
6/10/20,KY,B,484,482,7,2,2396,2396,508,10,966,68,262531,14301,,,,,,11883,11576,175,0,,,,,,3375,,0,274107,14458,28240,,,,,0,274107,14458
6/10/20,LA,B,2968,2855,11,113,,,549,0,,,416090,6034,,,,,72,44030,44030,418,0,,,,,,33904,,0,460120,6452,,,,,,0,460120,6452
6/10/20,MA,A+,7454,7300,46,154,10582,10582,1345,75,,319,567934,9831,,,,,200,104156,100158,267,0,,,,,131213,84621,,0,865036,13436,,,53040,,668092,10034,865036,13436
6/10/20,MD,B,2844,2719,33,125,9755,9755,955,79,,379,325177,5999,,,,,,59465,59465,561,0,,,,,68174,4310,,0,446269,8496,,,,,384642,6560,446269,8496
6/10/20,ME,B,100,100,0,,303,303,27,1,,10,61303,1489,4980,,61303,,5,2637,2350,31,0,257,,,,3204,2023,,0,63940,1520,5245,,,,,0,64615,1540
6/10/20,MI,A+,5952,5708,1,244,,,661,0,,249,690869,0,,,690869,,150,65182,59278,15,0,,,,,80683,42041,,0,756051,15,116586,,,,,0,771552,0
6/10/20,MN,A,1267,1236,39,31,3482,3482,427,41,1083,193,351634,11707,,,,,,30199,30199,333,0,,,,,,24675,381833,12040,381833,12040,,,,,,0,,0
6/10/20,MO,B,848,,8,,,,533,0,,,236442,5660,,29718,252506,,59,15187,15187,274,0,,,1175,,17275,,,0,270232,0,,,30893,,251629,5934,270232,0
6/10/20,MP,D,2,,0,,,,,0,,,7493,0,,,,,,30,30,0,0,,,,,,19,,0,7523,0,,,,,,0,7523,0
6/10/20,MS,A,868,851,31,17,2614,2614,655,79,,160,195402,4958,,,,,99,18483,18351,715,0,95,,,,,13356,,0,213885,5673,9442,,,,,0,213753,5664
6/10/20,MT,C,18,,0,,74,74,7,2,,,54055,1425,,,,,,561,561,7,0,,,,,,487,,0,54616,1432,,,,,,0,54616,1432
6/10/20,NC,A,1053,1053,24,,,,780,0,,,515479,16928,,,,,,38171,38171,1011,0,,,,,,23653,,0,553650,17939,,,,,,0,553650,17939
6/10/20,ND,D,76,,1,,193,193,33,4,,,78719,954,3478,,,,,2938,2938,40,0,118,,,,,2482,117015,2765,117015,2765,3596,,,,79513,927,119661,2834
6/10/20,NE,D,191,,3,,989,989,181,22,,,109279,2339,,,130898,,,15883,15883,131,0,,,,,18900,8820,,0,150265,3438,,,,,125329,2479,150265,3438
6/10/20,NH,B,294,,8,,496,496,80,4,146,,83515,1471,,,,,,5132,5132,53,0,,,,,,3501,,0,103235,1769,16498,,14232,,88647,1524,103235,1769
6/10/20,NJ,A+,14116,12377,76,1739,18223,18223,1701,154,,471,843588,18887,,,,,342,165346,165346,550,0,,,,,,28207,,0,1008934,19437,,,,,,0,1008934,19437
6/10/20,NM,C,410,,6,,1583,1583,197,0,,,236307,3755,,,,,,9250,9250,145,0,,,,,,3806,,0,245557,3900,,,,,,0,245557,3900
6/10/20,NV,A+,474,,2,,,,359,0,,70,177159,3600,,,,,38,10164,10164,134,0,,,,,,,233312,7074,233312,7074,,,,,187292,3778,215087,3930
6/10/20,NY,A,24404,,56,,89995,89995,2190,0,,630,2288010,61623,,,,,462,380156,380156,674,0,,,,,,68019,2668166,62297,2668166,62297,,,,,,0,,0
6/10/20,OH,B,2457,2231,36,226,6693,6693,575,73,1714,232,462309,11081,,,,,159,39575,36710,413,0,,,,,,,,0,501884,11494,,,,,,0,499019,11436
6/10/20,OK,A+,355,,2,,1075,1075,150,14,,63,229817,3139,,,229817,,,7480,7480,117,0,863,,,,8624,6166,,0,237297,3256,23402,,,,,0,239005,3274
6/10/20,OR,A+,169,,0,,857,857,136,6,,40,151698,3069,,,218130,,18,5060,4907,72,0,,,,,13165,2332,,0,231295,5314,,,,,156605,3135,231295,5314
6/10/20,PA,A+,6062,,48,,,,992,0,,,466964,7716,,,,,218,77466,74684,410,0,620,,,,,54560,,0,544430,8126,,,,,541648,8102,,0
6/10/20,PR,C,143,63,1,80,,,97,0,,8,88685,0,,,87930,,5,1402,1402,16,0,3927,,,,2060,,,0,90087,16,,,,,,0,90045,0
6/10/20,RI,A+,812,,4,,1828,1828,148,13,,27,111952,1364,,,172200,,16,15855,15855,104,0,,,,,21937,1406,193309,2890,193309,2890,,,,,127807,1468,194137,3061
6/10/20,SC,A+,575,575,7,,1898,1898,513,0,,,236773,4019,,,236773,,,15759,15759,531,0,,,,,24604,7928,,0,252532,4550,,,,,,0,261377,4667
6/10/20,SD,B,69,,1,,503,503,101,16,,,55081,1445,,,,,,5604,,81,0,,,,,,4573,,0,60685,1526,,,,,60685,1526,,0
6/10/20,TN,B,436,436,1,,1990,1990,624,16,,,500766,7144,,,,,,28061,27869,486,0,,,,,,18516,,0,528827,7630,,,,,528635,7438,,0
6/10/20,TX,B,1885,,32,,,,2153,0,,,1367682,32453,,,,,,79757,79757,2504,0,5812,71,,,108133,52449,,0,1447439,34957,140962,618,,,,0,1447439,34957
6/10/20,UT,B,128,,1,,954,954,223,23,276,,242628,4779,,,277586,116,,12864,12864,305,0,,,,,15021,7587,,0,292607,6399,,,,,256057,5195,292607,6399
6/10/20,VA,A+,1514,1408,18,106,5272,5272,1155,69,,296,346187,7069,,,,,139,52177,49785,439,0,,,,,61618,6826,451588,10867,451588,10867,,,,,,0,,0
6/10/20,VI,C,6,6,0,,,,,0,,,2169,32,,,,,,72,,1,0,,,,,,64,,0,2241,33,,,,,,0,2247,35
6/10/20,VT,B,55,55,0,,,,11,0,,,42918,1000,,,,,,1092,1092,11,0,,,,,,903,,0,51248,1219,,,,,44010,1011,51248,1219
6/10/20,WA,B,1176,1176,15,,3747,3747,350,48,,,438412,12053,,,,,92,25672,25672,510,0,,,,,,,464779,12421,464779,12421,,,,,402370,11555,,0
6/10/20,WI,A+,671,671,10,,2943,2943,328,39,654,114,357112,9902,,,,,,24070,21593,336,0,,,,,,14999,454358,11847,454358,11847,,,,,378705,10187,,0
6/10/20,WV,B,85,,1,,,,24,0,,9,115802,3633,,,,,5,2188,2114,19,0,,,,,,1485,,0,117990,3652,7006,,,,,0,119716,2641
6/10/20,WY,C,18,,1,,92,92,8,1,,,29872,506,,,32183,,,980,768,10,0,,,,,990,804,,0,33173,687,,,,,,0,33173,687
6/9/20,AK,A,11,11,1,,53,53,12,0,,,66312,967,,,,,1,578,,11,0,,,,,,389,,0,66890,978,,,,,,0,66890,978
6/9/20,AL,B,729,725,11,4,2087,2087,628,33,631,,246317,7251,,,,375,,21422,21071,497,0,,,,,,11395,,0,267388,8156,,,,,267388,8156,,0
6/9/20,AR,A,161,,6,,865,865,173,21,,,155701,4854,,,,144,44,10080,10080,340,0,,,,,,6875,,0,170520,10247,,,,,,0,170520,10247
6/9/20,AS,C,0,,0,,,,,0,,,174,0,,,,,,0,0,0,0,,,,,,,,0,174,0,,,,,,0,174,0
6/9/20,AZ,A+,1070,,23,,3959,3959,1243,48,,438,264917,4514,,,,,264,28296,,618,0,,,,,,5764,,0,398903,14456,115961,,,,293213,5132,398903,14456
6/9/20,CA,B,4697,,44,,,,4583,0,,1345,2352756,52885,,,,,,133489,133489,2170,0,,,,,,,,0,2486245,55055,,,,,,0,2486245,55055
6/9/20,CO,A,1553,1233,10,320,5025,5025,305,166,,,197747,4043,74725,,,,,28347,25787,164,0,5616,,,,,4130,262357,4793,262357,4793,80341,,,,223534,4203,,0
6/9/20,CT,B,4097,3266,13,831,9669,9669,293,0,,,273843,4240,,,,,,44179,42182,87,0,,,,,,7284,,0,318022,4327,,,,,,0,310654,4658
6/9/20,DC,A+,495,,4,,,,255,0,,89,47678,1301,,,,,59,9474,,85,0,,,,,,1143,57152,1386,57152,1386,,,,,46413,1051,,0
6/9/20,DE,A,492,434,2,58,,,108,0,,,60733,758,,,,,,10020,,48,0,,,,,12395,5888,85798,1002,85798,1002,,,,,70753,806,,0
6/9/20,FL,A,2851,2851,53,,11460,11460,,178,,,1192305,22659,,148981,1382146,,,64128,,1158,0,,,6828,,89566,,1312922,29175,1312922,29175,,,155835,,1259283,23770,1474600,29341
6/9/20,GA,A,2285,,77,,8872,8872,834,126,1960,,503934,7056,,,,,,53249,53249,752,0,6207,,,,47914,,,0,551456,7044,105160,,,,,0,551456,7044
6/9/20,GU,B,5,,0,,,,,0,,,7796,246,,,7625,,,180,172,1,0,2,,,,172,163,,0,7976,247,109,,,,,0,7797,68
6/9/20,HI,D,17,,0,,84,84,,0,,,54798,326,,,,,,676,,1,0,,,,,638,618,62260,611,62260,611,,,,,55474,327,63533,274
6/9/20,IA,A+,624,,12,,,,255,0,,82,175487,3852,,21771,,,51,22236,22236,249,0,,,1994,,,13411,,0,197723,4101,,,23790,,197723,4101,,0
6/9/20,ID,A,83,63,0,20,260,260,21,0,99,7,54488,1586,,,,,,3189,2888,50,0,,,,,,2509,,0,57376,1634,,,,,57376,1634,,0
6/9/20,IL,A,6196,6018,94,178,,,2573,0,,726,949970,19512,,,,,437,129936,129212,797,0,,,,,,,,0,1079906,20309,,,,,1079182,20309,1079182,20309
6/9/20,IN,A+,2339,2158,23,181,6225,6225,853,46,1330,307,277357,5477,,,,,113,38033,,410,0,,,,,39180,26205,,0,400544,11680,,,,,315390,5887,400544,11680
6/9/20,KS,A,236,,0,,936,936,,0,311,,108859,0,,,,136,,10650,,0,0,,,,,,625,,0,119509,0,,,,,,0,,0
6/9/20,KY,B,477,475,5,2,2386,2386,525,18,966,75,248230,6849,,,,,,11708,11419,232,0,,,,,,3365,,0,259649,7056,27948,,,,,0,259649,7056
6/9/20,LA,B,2957,2844,13,113,,,568,0,,,410056,10504,,,,,67,43612,43612,562,0,,,,,,33904,,0,453668,11066,,,,,,0,453668,11066
6/9/20,MA,A+,7408,7255,55,153,10507,10507,1397,82,,315,558103,4460,,,,,202,103889,99955,263,0,,,,,130653,84621,,0,851600,14355,,,52144,,658058,4660,851600,14355
6/9/20,MD,B,2811,2686,35,125,9676,9676,970,47,,386,319178,6079,,,,,,58904,58904,500,0,,,,,67562,4279,,0,437773,8118,,,,,378082,6579,437773,8118
6/9/20,ME,B,100,100,1,,302,302,29,1,,10,59814,757,4803,,59814,,7,2606,2322,18,0,255,,,,3156,1992,,0,62420,775,5066,,,,,0,63075,780
6/9/20,MI,A+,5951,5708,9,244,,,661,0,,249,690869,16809,,,690869,,150,65167,59265,63,0,,,,,80683,42041,,0,756036,16872,116586,,,,,0,771552,17144
6/9/20,MN,A,1228,1217,20,11,3441,3441,455,40,1068,199,339927,8451,,,,,,29866,29866,430,0,,,,,,24221,369793,8881,369793,8881,,,,,,0,,0
6/9/20,MO,B,840,,21,,,,533,0,,,230782,4055,,28977,252506,,59,14913,14913,179,0,,,1159,,17275,,,0,270232,0,,,30136,,245695,4234,270232,0
6/9/20,MP,D,2,,0,,,,,0,,,7493,279,,,,,,30,30,2,0,,,,,,19,,0,7523,281,,,,,,0,7523,282
6/9/20,MS,A,837,821,0,16,2535,2535,598,0,,142,190444,0,,,,,83,17768,17645,0,0,95,,,,,13356,,0,208212,0,9140,,,,,0,208089,0
6/9/20,MT,C,18,,0,,72,72,5,3,,,52630,1586,,,,,,554,554,6,0,,,,,,485,,0,53184,1592,,,,,,0,53184,1592
6/9/20,NC,A,1029,1029,23,,,,774,0,,,498551,14922,,,,,,37160,37160,676,0,,,,,,23653,,0,535711,15598,,,,,,0,535711,15598
6/9/20,ND,D,75,,0,,189,189,32,5,,,77765,465,3381,,,,,2898,2898,22,0,115,,,,,2450,114250,1602,114250,1602,3496,,,,78586,573,116827,1621
6/9/20,NE,D,188,,0,,967,967,176,32,,,106940,1167,,,127607,,,15752,15752,118,0,,,,,18758,8637,,0,146827,2519,,,,,122850,1281,146827,2519
6/9/20,NH,B,286,,0,,492,492,78,3,145,,82044,1535,,,,,,5079,5079,36,0,,,,,,3392,,0,101466,1948,16100,,13920,,87123,1571,101466,1948
6/9/20,NJ,A+,14040,12303,93,1737,18069,18069,1736,19,,510,824701,14109,,,,,373,164796,164796,299,0,,,,,,28036,,0,989497,14408,,,,,,0,989497,14408
6/9/20,NM,C,404,,4,,1583,1583,193,25,,,232552,2813,,,,,,9105,9105,43,0,,,,,,3699,,0,241657,2856,,,,,,0,241657,2856
6/9/20,NV,A+,472,,3,,,,350,0,,86,173559,3342,,,,,41,10030,10030,244,0,,,,,,,226238,5492,226238,5492,,,,,183514,3511,211157,4643
6/9/20,NY,A,24348,,49,,89995,89995,2344,0,,663,2226387,49290,,,,,485,379482,379482,683,0,,,,,,67808,2605869,49973,2605869,49973,,,,,,0,,0
6/9/20,OH,B,2421,2196,17,225,6620,6620,639,70,1708,238,451228,13247,,,,,153,39162,36355,325,0,,,,,,,,0,490390,13572,,,,,,0,487583,13595
6/9/20,OK,A+,353,,5,,1061,1061,148,22,,66,226678,12080,,,226678,,,7363,7363,158,0,863,,,,8491,6073,,0,234041,12238,23402,,,,,0,235731,12486
6/9/20,OR,A+,169,,5,,851,851,145,8,,47,148629,3672,,,212935,,20,4988,4841,66,0,,,,,13046,2313,,0,225981,5554,,,,,153470,3738,225981,5554
6/9/20,PA,A+,6014,,61,,,,1032,0,,,459248,7861,,,,,237,77056,74298,493,0,620,,,,,53670,,0,536304,8354,,,,,533546,8332,,0
6/9/20,PR,B,142,63,0,79,,,95,0,,9,88685,0,,,87930,,6,1386,1386,13,0,3799,,,,2060,,,0,90071,13,,,,,,0,90045,0
6/9/20,RI,A+,808,,9,,1815,1815,144,8,,31,110588,1164,,,169341,,19,15751,15751,68,0,,,,,21735,1398,190419,1966,190419,1966,,,,,126339,1232,191076,2752
6/9/20,SC,A+,568,568,11,,1898,1898,541,84,,,232754,2893,,,232754,,,15228,15228,428,0,,,,,23956,7928,,0,247982,3321,,,,,,0,256710,3448
6/9/20,SD,B,68,,3,,487,487,90,5,,,53636,1288,,,,,,5523,,52,0,,,,,,4483,,0,59159,1340,,,,,59159,1340,,0
6/9/20,TN,B,435,435,14,,1974,1974,587,26,,,493622,7803,,,,,,27575,27575,631,0,,,,,,18013,,0,521197,8434,,,,,521197,8434,,0
6/9/20,TX,B,1853,,23,,,,2056,0,,,1335229,28291,,,,,,77253,77253,1637,0,5710,50,,,104940,51140,,0,1412482,29928,138784,502,,,,0,1412482,29928
6/9/20,UT,B,127,,3,,931,931,230,13,274,,237849,3906,,,271636,116,,12559,12559,237,0,,,,,14572,7391,,0,286208,5367,,,,,250862,4275,286208,5367
6/9/20,VA,A+,1496,1391,19,105,5203,5203,1169,60,,311,339118,6777,,,,,155,51738,49362,487,0,,,,,60931,6677,440721,8054,440721,8054,,,,,,0,,0
6/9/20,VI,C,6,6,0,,,,,0,,,2137,9,,,,,,71,,0,0,,,,,,63,,0,2208,9,,,,,,0,2212,10
6/9/20,VT,B,55,55,0,,,,16,0,,,41918,463,,,,,,1081,1081,8,0,,,,,,901,,0,50029,547,,,,,42999,471,50029,547
6/9/20,WA,B,1161,1161,2,,3699,3699,372,30,,,426359,11343,,,,,60,25162,25162,110,0,,,,,,,452358,11751,452358,11751,,,,,390815,9785,,0
6/9/20,WI,A+,661,661,15,,2904,2904,331,44,649,117,347210,13957,,,,,,23734,21308,300,0,,,,,,14583,442511,8078,442511,8078,,,,,368518,14227,,0
6/9/20,WV,B,84,,0,,,,24,0,,9,112169,717,,,,,4,2169,2095,16,0,,,,,,1477,,0,114338,733,6871,,,,,0,117075,3381
6/9/20,WY,C,17,,0,,91,91,8,0,,,29366,352,,,31508,,,970,760,10,0,,,,,978,789,,0,32486,671,,,,,,0,32486,671
6/8/20,AK,B,10,10,0,,53,53,7,0,,,65345,990,,,,,0,567,,18,0,,,,,,384,,0,65912,1008,,,,,,0,65912,1008
6/8/20,AL,B,718,714,26,4,2054,2054,593,32,623,,239066,0,,,,371,,20925,20590,425,0,,,,,,11395,,0,259232,0,,,,,259232,0,,0
6/8/20,AR,A,155,,1,,844,844,171,0,,,150847,0,,,,143,46,9740,9740,314,0,,,,,,6424,,0,160273,0,,,,,,0,160273,0
6/8/20,AS,C,0,,0,,,,,0,,,174,0,,,,,,0,0,0,0,,,,,,,,0,174,0,,,,,,0,174,0
6/8/20,AZ,A+,1047,,3,,3911,3911,1266,64,,390,260403,5671,,,,,246,27678,,789,0,,,,,,5639,,0,384447,4814,114579,,,,288081,6460,384447,4814
6/8/20,CA,B,4653,,27,,,,4506,0,,1301,2299871,66465,,,,,,131319,131319,2507,0,,,,,,,,0,2431190,68972,,,,,,0,2431190,68972
6/8/20,CO,A,1543,1224,16,319,4859,4859,304,374,,,193704,4221,73240,,,,,28183,25627,182,0,5543,,,,,4112,257564,5261,257564,5261,78783,,,,219331,4391,,0
6/8/20,CT,B,4084,3239,13,845,9669,9669,324,0,,,269603,4548,,,,,,44092,42017,124,0,,,,,,7284,,0,313695,4672,,,,,,0,305996,5715
6/8/20,DC,A+,491,,2,,,,268,0,,102,46377,1162,,,,,72,9389,,57,0,,,,,,1143,55766,1219,55766,1219,,,,,45362,877,,0
6/8/20,DE,A,490,432,2,58,,,113,0,,,59975,920,,,,,,9972,,30,0,,,,,12321,5791,84796,1100,84796,1100,,,,,69947,950,,0
6/8/20,FL,A,2798,2798,12,,11282,11282,,67,,,1169646,17426,,118053,1354303,,,62970,,1029,0,,,5474,,88102,,1283747,24940,1283747,24940,,,123552,,1235513,18408,1445259,22912
6/8/20,GA,A,2208,,28,,8746,8746,819,61,1925,,496878,8892,,,,,,52497,52497,599,0,6203,,,,47433,,,0,544412,9516,105013,,,,,0,544412,9516
6/8/20,GU,B,5,,0,,,,,0,,,7550,266,,,7550,,,179,171,0,0,2,,,,171,163,,0,7729,266,109,,,,,0,7729,613
6/8/20,HI,D,17,,0,,84,84,,1,,,54472,1090,,,,,,675,,2,0,,,,,637,617,61649,945,61649,945,,,,,55147,55147,63259,1254
6/8/20,IA,A+,612,,8,,,,265,0,,85,171635,5110,,21153,,,53,21987,21987,320,0,,,1972,,,13028,,0,193622,5430,,,23143,,193622,5430,,0
6/8/20,ID,A,83,63,0,20,260,260,23,0,99,8,52902,0,,,,,,3139,2840,0,0,,,,,,2461,,0,55742,0,,,,,55742,0,,0
6/8/20,IL,A,6102,5924,198,178,,,2496,0,,713,930458,15441,,,,,443,129139,128415,1382,0,,,,,,,,0,1059597,16823,,,,,1058873,16099,1058873,16099
6/8/20,IN,A+,2316,2135,13,181,6179,6179,902,43,1325,346,271880,5014,,,,,130,37623,,226,0,,,,,38475,25608,,0,388864,2365,,,,,309503,5240,388864,2365
6/8/20,KS,A,236,,4,,936,936,,19,311,,108859,5599,,,,136,,10650,,257,0,,,,,,625,,0,119509,5856,,,,,,0,,0
6/8/20,KY,B,472,470,2,2,2368,2368,486,7,958,76,241381,3606,,,,,,11476,11212,189,0,,,,,,3359,,0,252593,3787,32765,,,,,0,252593,3787
6/8/20,LA,B,2944,2831,8,113,,,582,0,,,399552,8303,,,,,71,43050,43050,234,0,,,,,,33904,,0,442602,8537,,,,,,0,442602,8537
6/8/20,MA,A+,7353,7217,37,136,10425,10425,1415,32,,322,553643,4589,,,,,209,103626,99755,190,0,,,,,130010,84621,,0,837245,13946,,,51404,,653398,4782,837245,13946
6/8/20,MD,B,2776,2653,27,123,9629,9629,979,83,,392,313099,6269,,,,,,58404,58404,431,0,,,,,66983,4240,,0,429655,8101,,,,,371503,6700,429655,8101
6/8/20,ME,B,99,99,0,,301,301,37,3,,12,59057,2658,4733,,59057,,7,2588,2305,18,0,254,,,,3133,1891,,0,61645,2676,4995,,,,,0,62295,2743
6/8/20,MI,A+,5942,5707,15,244,,,661,0,,249,674060,12804,,,674060,,191,65104,59211,135,0,,,,,80348,42041,,0,739164,12939,114914,,,,,0,754408,13040
6/8/20,MN,A,1208,1197,11,11,3401,3401,452,34,1052,198,331476,7323,,,,,,29436,29436,448,0,,,,,,23657,360912,7771,360912,7771,,,,,,0,,0
6/8/20,MO,B,819,,10,,,,611,0,,,226727,4422,,27626,252506,,76,14734,14734,181,0,,,1084,,17275,,,0,270232,0,,,28745,,241461,4706,270232,0
6/8/20,MP,D,2,,0,,,,,0,,,7214,0,,,,,,28,28,1,0,,,,,,19,,0,7242,1,,,,,,0,7241,0
6/8/20,MS,A,837,821,20,16,2535,2535,598,13,,142,190444,4465,,,,,83,17768,17645,498,0,95,,,,,13356,,0,208212,4963,9140,,,,,0,208089,4962
6/8/20,MT,C,18,,0,,69,69,2,0,,,51044,4211,,,,,,548,548,3,0,,,,,,475,,0,51592,4214,,,,,,0,51592,4214
6/8/20,NC,A,1006,1006,10,,,,739,0,,,483629,7949,,,,,,36484,36484,938,0,,,,,,23653,,0,520113,8887,,,,,,0,520113,8887
6/8/20,ND,D,75,,0,,184,184,29,1,,,77300,228,3316,,,,,2876,2876,19,0,112,,,,,2336,112648,1387,112648,1387,3428,,,,78013,281,115206,1414
6/8/20,NE,D,188,,0,,935,935,166,7,,,105773,1547,,,125328,,,15634,15634,91,0,,,,,18528,8455,,0,144308,2188,,,,,121569,1643,144308,2188
6/8/20,NH,B,286,,3,,489,489,86,2,145,,80509,1519,,,,,,5043,5043,24,0,,,,,,3392,,0,99518,2343,15836,,13920,,85552,1543,99518,2343
6/8/20,NJ,A+,13947,12214,39,1733,18050,18050,1740,0,,498,810592,14331,,,,,361,164497,164497,333,0,,,,,,27941,,0,975089,14664,,,,,,0,975089,14664
6/8/20,NM,C,400,,4,,1558,1558,183,25,,,229739,4304,,,,,,9062,9062,122,0,,,,,,3380,,0,238801,4426,,,,,,0,238801,4426
6/8/20,NV,A+,469,,4,,,,339,0,,74,170217,4169,,,,,44,9786,9786,137,0,,,,,,,220746,992,220746,992,,,,,180003,4351,206514,4906
6/8/20,NY,A,24299,,40,,89995,89995,2371,0,,678,2177097,57352,,,,,507,378799,378799,702,0,,,,,,67687,2555896,58054,2555896,58054,,,,,,0,,0
6/8/20,OH,B,2404,2177,27,227,6550,6550,644,53,1668,245,437981,7433,,,,,158,38837,36077,361,0,,,,,,,,0,476818,7794,,,,,,0,473988,7709
6/8/20,OK,A+,348,,0,,1039,1039,158,13,,65,214598,0,,,214598,,,7205,7205,55,0,863,,,,8109,6014,,0,221803,55,23402,,,,,0,223245,0
6/8/20,OR,A+,164,,0,,843,843,137,24,,43,144957,1365,,,207513,,18,4922,4775,114,0,,,,,12914,2237,,0,220427,4695,,,,,149732,1332,220427,4695
6/8/20,PA,A+,5953,,10,,,,1174,0,,,451387,7214,,,,,268,76563,73827,351,0,620,,,,,53670,,0,527950,7565,,,,,525214,7562,,0
6/8/20,PR,B,142,63,0,79,,,107,0,,8,88685,0,,,87930,,7,1373,1373,9,0,3673,,,,2060,,,0,90058,9,,,,,,0,90045,0
6/8/20,RI,A+,799,,27,,1807,1807,146,32,,28,109424,884,,,166808,,20,15683,15683,45,0,,,,,21516,1390,188453,1687,188453,1687,,,,,125107,929,188324,1863
6/8/20,SC,A+,557,557,11,,1814,1814,507,0,,,229861,6288,,,229861,,,14800,14800,514,0,,,,,23401,7347,,0,244661,6802,,,,,,0,253262,6931
6/8/20,SD,B,65,,0,,482,482,92,4,,,52348,726,,,,,,5471,,33,0,,,,,,4403,,0,57819,759,,,,,57819,759,,0
6/8/20,TN,B,421,421,3,,1948,1948,617,16,,,485819,13432,,,,,,26944,26944,563,0,,,,,,17563,,0,512763,13995,,,,,512763,21342,,0
6/8/20,TX,B,1830,,0,,,,1935,0,,,1306938,9361,,,,,,75616,75616,638,0,4767,47,,,102617,49758,,0,1382554,9999,118509,453,,,,0,1382554,9999
6/8/20,UT,B,124,,3,,918,918,182,18,270,,233943,2618,,,266660,112,,12322,12322,256,0,,,,,14181,7255,,0,280841,3798,,,,,246587,2813,280841,3798
6/8/20,VA,A+,1477,1373,5,104,5143,5143,1173,37,,308,332341,3206,,,,,160,51251,48879,570,0,,,,,60282,6557,432667,8655,432667,8655,,,,,,0,,0
6/8/20,VI,C,6,6,0,,,,,0,,,2128,3,,,,,,71,,0,0,,,,,,62,,0,2199,3,,,,,,0,2202,1
6/8/20,VT,B,55,55,0,,,,13,0,,,41455,1392,,,,,,1073,1073,12,0,,,,,,895,,0,49482,1627,,,,,42528,1404,49482,1627
6/8/20,WA,B,1159,1159,6,,3669,3669,350,17,,,415016,10050,,,,,66,25052,25052,163,0,,,,,,,440607,10560,440607,10560,,,,,381030,8276,,0
6/8/20,WI,A+,646,646,-1,,2860,2860,322,12,637,110,333253,7386,,,,,,23434,21038,222,0,,,,,,14242,434433,8378,434433,8378,,,,,354291,7589,,0
6/8/20,WV,B,84,,0,,,,24,0,,9,111452,1789,,,,,4,2153,2083,9,0,,,,,,1468,,0,113605,1798,6809,,,,,0,113694,1956
6/8/20,WY,C,17,,0,,91,91,7,1,,,29014,1210,,,30857,,,960,748,13,0,,,,,958,773,,0,31815,607,,,,,,0,31815,607
6/7/20,AK,B,10,10,0,,53,53,7,0,,,64355,995,,,,,1,549,,8,0,,,,,,382,,0,64904,1003,,,,,,0,64904,1003
6/7/20,AL,B,692,688,3,4,2022,2022,518,29,615,,239066,13465,,,,364,,20500,20166,457,0,,,,,,11395,,0,259232,13922,,,,,259232,13922,,0
6/7/20,AR,A,154,,0,,844,844,145,6,,,150847,3191,,,,143,35,9426,9426,325,0,,,,,,6424,,0,160273,3516,,,,,,0,160273,3516
6/7/20,AS,C,0,,0,,,,,0,,,174,0,,,,,,0,0,0,0,,,,,,,,0,174,0,,,,,,0,174,0
6/7/20,AZ,A+,1044,,2,,3847,3847,1252,70,,392,254732,8537,,,,,248,26889,,1438,0,,,,,,5517,,0,379633,6308,111625,,,,281621,9975,379633,6308
6/7/20,CA,B,4626,,67,,,,4525,0,,1288,2233406,51122,,,,,,128812,128812,2796,0,,,,,,,,0,2362218,53918,,,,,,0,2362218,53918
6/7/20,CO,A,1527,1209,0,318,4485,4485,322,5,,,189483,4317,72211,,,,,28001,25457,153,0,5482,,,,,4091,252303,5366,252303,5366,77693,,,,214940,4455,,0
6/7/20,CT,B,4071,3229,16,842,9669,9669,333,0,,,265055,5444,,,,,,43968,41895,150,0,,,,,,7284,,0,309023,5594,,,,,,0,300281,6807
6/7/20,DC,A+,489,,6,,,,285,0,,90,45215,806,,,,,73,9332,,63,0,,,,,,1143,54547,869,54547,869,,,,,44485,957,,0
6/7/20,DE,A,488,430,3,58,,,103,0,,,59055,1265,,,,,,9942,,97,0,,,,,12235,5792,83696,907,83696,907,,,,,68997,1362,,0
6/7/20,FL,A,2786,2786,13,,11215,11215,,52,,,1152220,40793,,118053,1332711,,,61941,,1392,0,,,5474,,86827,,1258807,50715,1258807,50715,,,123552,,1217105,41999,1422347,49414
6/7/20,GA,A,2180,,6,,8685,8685,783,23,1909,,487986,16438,,,,,,51898,51898,589,0,6084,,,,46813,,,0,534896,12007,102638,,,,,0,534896,12007
6/7/20,GU,B,5,,0,,,,,0,,,7284,0,,,6945,,,179,171,0,0,2,,,,170,162,,0,7463,0,105,,,,,0,7116,0
6/7/20,HI,D,17,,0,,83,83,,0,,,53382,789,,,,,,673,,9,0,,,,,636,616,60704,1031,60704,1031,,,,,,0,62005,1020
6/7/20,IA,A+,604,,6,,,,269,0,,86,166525,3289,,20267,,,54,21667,21667,189,0,,,1952,,,12805,,0,188192,3478,,,22237,,188192,3478,,0
6/7/20,ID,A,83,63,0,20,260,260,30,3,99,8,52902,774,,,,,,3139,2840,28,0,,,,,,2461,,0,55742,793,,,,,55742,793,,0
6/7/20,IL,A,5904,5904,40,,,,2550,0,,720,915017,19833,,,,,438,127757,127757,867,0,,,,,,,,0,1042774,20700,,,,,1042774,20700,1042774,20700
6/7/20,IN,A+,2303,2121,11,182,6136,6136,913,45,1317,335,266866,6333,,,,,133,37397,,400,0,,,,,38333,25138,,0,386499,4339,,,,,304263,6733,386499,4339
6/7/20,KS,A,232,,0,,917,917,,0,306,,103260,0,,,,135,,10393,,0,0,,,,,,612,,0,113653,0,,,,,,0,,0
6/7/20,KY,B,470,468,0,2,2361,2361,495,0,958,75,237775,0,,,,,,11287,11031,0,0,,,,,,3344,,0,248806,0,32753,,,,,0,248806,0
6/7/20,LA,B,2936,2825,11,111,,,575,0,,,391249,5666,,,,,74,42816,42816,330,0,,,,,,31728,,0,434065,5996,,,,,,0,434065,5996
6/7/20,MA,A+,7316,7179,27,137,10393,10393,1442,24,,335,549054,7547,,,,,221,103436,99562,304,0,,,,,129333,84621,,0,823299,4975,,,51146,,648616,7808,823299,4975
6/7/20,MD,B,2749,2625,9,124,9546,9546,1003,95,,404,306830,6936,,,,,,57973,57973,491,0,,,,,66470,4240,,0,421554,9251,,,,,364803,7427,421554,9251
6/7/20,ME,B,99,99,1,,298,298,34,2,,15,56399,0,4555,,56399,,7,2570,2295,46,0,247,,,,3049,1864,,0,58969,46,4810,,,,,0,59552,0
6/7/20,MI,A+,5927,5698,11,244,,,864,0,,315,661256,10314,,,661256,,191,64969,59107,55,0,,,,,80112,42041,,0,726225,10369,113451,,,,,0,741368,10531
6/7/20,MN,A,1197,1186,16,11,3367,3367,450,31,1044,199,324153,9409,,,,,,28988,28988,135,0,,,,,,22992,353141,9544,353141,9544,,,,,,0,,0
6/7/20,MO,B,809,,0,,,,657,0,,,222305,6682,,28401,252506,,84,14553,14553,111,0,,,1117,,17275,,,0,270232,0,,,29518,,236755,6888,270232,0
6/7/20,MP,D,2,,0,,,,,0,,,7214,545,,,,,,27,27,1,0,,,,,,19,,0,7241,546,,,,,,0,7241,546
6/7/20,MS,A,817,801,14,16,2522,2522,585,47,,133,185979,9625,,,,,69,17270,17148,501,0,95,,,,,11203,,0,203249,10126,9021,,,,,0,203127,10119
6/7/20,MT,C,18,,0,,69,69,2,1,,,46833,619,,,,,,545,545,5,0,,,,,,475,,0,47378,624,,,,,,0,47378,624
6/7/20,NC,A,996,996,4,,,,696,0,,,475680,12955,,,,,,35546,35546,921,0,,,,,,18860,,0,511226,13876,,,,,,0,511226,13876
6/7/20,ND,D,75,,0,,183,183,28,1,,,77072,1008,3302,,,,,2857,2857,44,0,111,,,,,2307,111261,2247,111261,2247,3413,,,,77732,1048,113792,2315
6/7/20,NE,D,188,,2,,928,928,167,9,,,104226,2058,,,123269,,,15543,15543,164,0,,,,,18406,8255,,0,142120,2788,,,,,119926,2226,142120,2788
6/7/20,NH,B,283,,0,,487,487,84,0,145,,78990,0,,,,,,5019,5019,0,0,,,,,,3319,,0,97175,2131,15746,,13604,,84009,0,97175,2131
6/7/20,NJ,A+,13908,12176,71,1732,18050,18050,1882,27,,503,796261,17138,,,,,385,164164,164164,271,0,,,,,,27824,,0,960425,17409,,,,,,0,960425,17409
6/7/20,NM,C,396,,4,,1533,1533,177,44,,,225435,5088,,,,,,8940,8940,140,0,,,,,,3307,,0,234375,5228,,,,,,0,234375,5228
6/7/20,NV,A+,465,,2,,,,348,0,,80,166048,3737,,,,,44,9649,9649,189,0,,,,,,,219754,3060,219754,3060,,,,,175652,3898,201608,4632
6/7/20,NY,A,24259,,47,,89995,89995,2427,0,,704,2119745,59654,,,,,534,378097,378097,781,0,,,,,,67544,2497842,60435,2497842,60435,,,,,,0,,0
6/7/20,OH,B,2377,2155,7,222,6497,6497,603,37,1657,240,430548,10133,,,,,167,38476,35731,365,0,,,,,,,,0,469024,10498,,,,,,0,466279,10456
6/7/20,OK,A+,348,,3,,1026,1026,158,0,,65,214598,0,,,214598,,,7150,7150,147,0,863,,,,8109,5981,,0,221748,147,23402,,,,,0,223245,0
6/7/20,OR,A+,164,,1,,819,819,121,0,,39,143592,2095,,,202952,,16,4808,4442,146,0,,,,,12780,2237,,0,215732,3942,,,,,148400,5282,215732,3942
6/7/20,PA,A+,5943,,12,,,,1174,0,,,444173,9051,,,,,268,76212,73479,506,0,620,,,,,53670,,0,520385,9557,,,,,517652,9551,,0
6/7/20,PR,B,142,63,0,79,,,105,0,,6,88685,0,,,87930,,7,1364,1364,4,0,3621,,,,2060,,,0,90049,4,,,,,,0,90045,0
6/7/20,RI,A+,772,,0,,1775,1775,182,0,,37,108540,758,,,165060,,23,15638,15638,49,0,,,,,21401,1336,186766,2804,186766,2804,,,,,124178,807,186461,1658
6/7/20,SC,A+,546,546,1,,1814,1814,477,0,,,223573,4745,,,223573,,,14286,14286,370,0,,,,,22758,7347,,0,237859,5115,,,,,,0,246331,5243
6/7/20,SD,B,65,,0,,478,478,87,4,,,51622,1531,,,,,,5438,,71,0,,,,,,4335,,0,57060,1602,,,,,57060,1602,,0
6/7/20,TN,B,418,418,1,,1932,1932,561,9,,,472387,7037,,,,,,26381,26381,310,0,,,,,,17222,,0,498768,7347,,,,,491421,0,,0
6/7/20,TX,B,1830,,11,,,,1878,0,,,1297577,13808,,,,,,74978,74978,1425,0,4767,47,,,101818,49758,,0,1372555,15233,118509,425,,,,0,1372555,15233
6/7/20,UT,B,121,,0,,900,900,207,10,269,,231325,3503,,,263074,111,,12066,12066,268,0,,,,,13969,7108,,0,277043,4837,,,,,243774,3799,277043,4837
6/7/20,VA,A+,1472,1369,12,103,5106,5106,1186,52,,316,329135,7401,,,,,165,50681,48349,1284,0,,,,,59668,6538,424012,9237,424012,9237,,,,,,0,,0
6/7/20,VI,C,6,6,0,,,,,0,,,2125,0,,,,,,71,,0,0,,,,,,62,,0,2196,0,,,,,,0,2201,1
6/7/20,VT,B,55,55,0,,,,14,0,,,40063,1535,,,,,,1061,1061,17,0,,,,,,890,,0,47855,1791,,,,,41124,1552,47855,1791
6/7/20,WA,B,1153,1153,4,,3652,3652,446,13,,,404966,3015,,,,,57,24889,24889,393,0,,,,,,,430047,3125,430047,3125,,,,,372754,2372,,0
6/7/20,WI,A+,647,647,2,,2848,2848,308,16,638,107,325867,11065,,,,,,23212,20835,275,0,,,,,,14047,426055,10119,426055,10119,,,,,346702,11329,,0
6/7/20,WV,B,84,,0,,,,28,0,,9,109663,2071,,,,,4,2144,2075,13,0,,,,,,1451,,0,111807,2084,6776,,,,,0,111738,1129
6/7/20,WY,C,17,,0,,90,90,4,0,,,27804,235,,,30277,,,947,734,8,0,,,,,931,757,,0,31208,98,,,,,,0,31208,98
6/6/20,AK,A,10,10,0,,53,53,7,0,,,63360,2899,,,,,1,541,,12,0,,,,,,382,,0,63901,2911,,,,,,0,63901,2911
6/6/20,AL,B,689,685,13,4,1993,1993,473,44,612,,225601,5515,,,,363,,20043,19709,656,0,,,,,,11395,,0,245310,6151,,,,,245310,6151,,0
6/6/20,AR,A,154,,2,,838,838,154,46,,,147656,8696,,,,142,36,9101,9101,450,0,,,,,,6266,,0,156757,5782,,,,,,0,156757,5782
6/6/20,AS,C,0,,0,,,,,0,,,174,0,,,,,,0,0,0,0,,,,,,,,0,174,0,,,,,,0,174,0
6/6/20,AZ,A+,1042,,30,,3777,3777,1278,65,,391,246195,6662,,,,,292,25451,,1119,0,,,,,,5399,,0,373325,13828,109266,,,,271646,7781,373325,13828
6/6/20,CA,B,4559,,74,,,,4526,0,,1315,2182284,66722,,,,,,126016,126016,3115,0,,,,,,,,0,2308300,69837,,,,,,0,2308300,69837
6/6/20,CO,A,1527,1209,3,318,4480,4480,299,8,,,185166,4504,70728,,,,,27848,25319,233,0,5372,,,,,4074,246937,5690,246937,5690,76100,,,,210485,4724,,0
6/6/20,CT,B,4055,3218,17,837,9669,9669,333,0,,,259611,15684,,,,,,43818,41743,358,0,,,,,,7284,,0,303429,16042,,,,,,0,293474,8160
6/6/20,DC,A+,483,,8,,,,276,0,,100,44409,1747,,,,,68,9269,,70,0,,,,,,1138,53678,1817,53678,1817,,,,,43528,1728,,0
6/6/20,DE,A,485,427,0,58,,,117,0,,,57790,834,,,,,,9845,,72,0,,,,,12146,5696,82789,1897,82789,1897,,,,,67635,906,,0
6/6/20,FL,A,2773,2773,28,,11163,11163,,97,,,1111427,37975,,118053,1284797,,,60549,,1244,0,,,5474,,85372,,1208092,35848,1208092,35848,,,123552,,1175106,39241,1372933,45669
6/6/20,GA,A,2174,,0,,8662,8662,788,16,1901,,471548,14381,,,,,,51309,51309,688,0,5903,,,,46057,,,0,522889,15070,99894,,,,,0,522889,15070
6/6/20,GU,B,5,,0,,,,,0,,,7284,89,,,6945,,,179,171,0,0,2,,,,170,162,,0,7463,89,105,,,,,0,7116,0
6/6/20,HI,D,17,,0,,83,83,,0,,,52593,912,,,,,,664,,9,0,,,,,626,614,59673,1137,59673,1137,,,,,,0,60985,1143
6/6/20,IA,A+,598,,6,,,,299,0,,102,163236,3725,,19464,,,62,21478,21478,326,0,,,1934,,,12715,,0,184714,4051,,,21415,,184714,4051,,0
6/6/20,ID,A,83,63,0,20,257,257,21,2,98,8,52128,1558,,,,,,3111,2821,57,0,,,,,,2408,,0,54949,1616,,,,,54949,1616,,0
6/6/20,IL,A,5864,5864,69,,,,2702,0,,770,895184,20180,,,,,476,126890,126890,975,0,,,,,,,,0,1022074,21155,,,,,1022074,21155,1022074,21155
6/6/20,IN,A+,2292,2110,34,182,6091,6091,926,38,1304,344,260533,5473,,,,,133,36997,,419,0,,,,,38172,24729,,0,382160,9507,,,,,297530,5892,382160,9507
6/6/20,KS,A,232,,0,,917,917,,0,306,,103260,0,,,,135,,10393,,0,0,,,,,,612,,0,113653,0,,,,,,0,,0
6/6/20,KY,B,470,468,4,2,2361,2361,495,16,958,75,237775,6335,,,,,,11287,11031,310,0,,,,,,3344,,0,248806,6632,32753,,,,,0,248806,6632
6/6/20,LA,B,2925,2814,13,111,,,582,0,,,385583,6786,,,,,77,42486,42486,497,0,,,,,,31728,,0,428069,7283,,,,,,0,428069,7283
6/6/20,MA,A+,7289,7152,54,137,10369,10369,1529,66,,359,541507,9295,,,,,238,103132,99301,575,0,,,,,129081,84621,,0,818324,6265,,,50575,,640808,9800,818324,6265
6/6/20,MD,B,2740,2616,38,124,9451,9451,1059,105,,418,299894,8938,,,,,,57482,57482,712,0,,,,,65856,4175,,0,412303,12490,,,,,357376,9650,412303,12490
6/6/20,ME,B,98,98,0,,296,296,35,3,,14,56399,1349,4555,,56399,,7,2524,2253,42,0,247,,,,3049,1845,,0,58923,1391,4810,,,,,0,59552,1412
6/6/20,MI,A+,5916,5683,7,244,,,864,0,,315,650942,10492,,,650942,,191,64914,59073,93,0,,,,,79895,42041,,0,715856,10585,111125,,,,,0,730837,10749
6/6/20,MN,A,1181,1170,22,11,3336,3336,473,47,1044,206,314744,10247,,,,,,28853,28853,165,0,,,,,,22253,343597,10412,343597,10412,,,,,,0,,0
6/6/20,MO,B,809,,10,,,,666,0,,,215623,5334,,27396,252506,,79,14442,14442,189,0,,,1084,,17275,,,0,270232,15242,,,28480,,229867,5325,270232,15242
6/6/20,MP,D,2,,0,,,,,0,,,6669,0,,,,,,26,26,0,0,,,,,,16,,0,6695,0,,,,,,0,6695,0
6/6/20,MS,A,803,787,0,16,2475,2475,604,0,,149,176354,0,,,,,84,16769,16654,10,0,95,,,,,11203,,0,193123,10,8662,,,,,0,193008,0
6/6/20,MT,C,18,,0,,68,68,1,0,,,46214,867,,,,,,540,540,-1,0,,,,,,472,,0,46754,866,,,,,,0,46754,866
6/6/20,NC,A,992,992,26,,,,708,0,,,462725,13833,,,,,,34625,34625,1370,0,,,,,,18860,,0,497350,15203,,,,,,0,497350,15203
6/6/20,ND,D,75,,1,,182,182,29,2,,,76064,1953,3176,,,,,2813,2813,71,0,111,,,,,2268,109014,3920,109014,3920,3287,,,,76684,1891,111477,4026
6/6/20,NE,D,186,,0,,919,919,181,14,,,102168,2463,,,120749,,,15379,15379,262,0,,,,,18143,7957,,0,139332,2692,,,,,117700,2726,139332,2692
6/6/20,NH,B,283,,10,,487,487,84,15,145,,78990,4101,,,,,,5019,5019,143,0,,,,,,3319,,0,95044,2736,15407,,13604,,84009,4244,95044,2736
6/6/20,NJ,A+,13837,12106,58,1731,18023,18023,1933,143,,539,779123,23568,,,,,410,163893,163893,557,0,,,,,,27641,,0,943016,24125,,,,,,0,943016,24125
6/6/20,NM,C,392,,5,,1489,1489,176,0,,,220347,4379,,,,,,8800,8800,128,0,,,,,,3286,,0,229147,4507,,,,,,0,229147,4507
6/6/20,NV,A+,463,,3,,,,348,0,,80,162311,5470,,,,,44,9460,9460,194,0,,,,,,,216694,5546,216694,5546,,,,,171754,5752,196976,5851
6/6/20,NY,A,24212,,37,,89995,89995,2603,0,,720,2060091,76787,,,,,554,377316,377316,1108,0,,,,,,67261,2437407,77895,2437407,77895,,,,,,0,,0
6/6/20,OH,B,2370,2148,15,222,6460,6460,628,75,1650,256,420415,11978,,,,,155,38111,35408,353,0,,,,,,,,0,458526,12331,,,,,,0,455823,12290
6/6/20,OK,A+,345,,1,,1026,1026,158,12,,65,214598,5034,,,214598,,,7003,7003,96,0,863,,,,8109,5867,,0,221601,5130,23402,,,,,0,223245,5235
6/6/20,OR,A+,163,,2,,819,819,121,0,,39,141497,2821,,,199274,,16,4662,4442,92,0,,,,,12516,2237,,0,211790,4625,,,,,143118,0,211790,4625
6/6/20,PA,A+,5931,,45,,,,1174,0,,,435122,10921,,,,,268,75706,72979,701,0,620,,,,,52560,,0,510828,11622,,,,,508101,11608,,0
6/6/20,PR,B,142,63,1,79,,,100,0,,7,88685,28263,,,87930,,4,1360,1360,30,0,3555,,,,2060,,,0,90045,28293,,,,,,0,90045,28343
6/6/20,RI,A+,772,,0,,1775,1775,182,0,,37,107782,1126,,,163479,,23,15589,15589,68,0,,,,,21324,1336,183962,3727,183962,3727,,,,,123371,1194,184803,2803
6/6/20,SC,A+,545,545,7,,1814,1814,453,0,,,218828,982,,,218828,,,13916,13916,463,0,,,,,22260,7347,,0,232744,1445,,,,,,0,241088,2280
6/6/20,SD,B,65,,0,,474,474,93,7,,,50091,2005,,,,,,5367,,90,0,,,,,,4273,,0,55458,2095,,,,,55458,2095,,0
6/6/20,TN,B,417,417,9,,1923,1923,535,30,,,465350,8698,,,,,,26071,26071,551,0,,,,,,17124,,0,491421,9249,,,,,491421,9249,,0
6/6/20,TX,B,1819,,31,,,,1822,0,,,1283769,25198,,,,,,73553,73553,1940,0,4659,43,,,100738,48895,,0,1357322,27138,115910,394,,,,0,1357322,27138
6/6/20,UT,B,121,,1,,890,890,147,20,266,,227822,4323,,,258566,110,,11798,11798,546,0,,,,,13640,6939,,0,272206,5947,,,,,239975,4901,272206,5947
6/6/20,VA,A+,1460,1357,7,103,5054,5054,1171,46,,324,321734,6496,,,,,169,49397,47123,865,0,,,,,59020,6382,414775,9893,414775,9893,,,,,,0,,0
6/6/20,VI,C,6,6,0,,,,,0,,,2125,145,,,,,,71,,0,0,,,,,,62,,0,2196,145,,,,,,0,2200,141
6/6/20,VT,B,55,55,0,,,,16,0,,,38528,1097,,,,,,1044,1044,17,0,,,,,,888,,0,46064,1312,,,,,39572,1114,46064,1312
6/6/20,WA,B,1149,1149,11,,3639,3639,479,24,,,401951,4610,,,,,86,24496,24496,327,0,,,,,,,426922,4772,426922,4772,,,,,370382,3749,,0
6/6/20,WI,A+,645,645,12,,2832,2832,315,41,636,118,314802,11470,,,,,,22937,20571,338,0,,,,,,13770,415936,12208,415936,12208,,,,,335373,11792,,0
6/6/20,WV,B,84,,0,,,,27,0,,11,107592,1193,,,,,3,2131,2065,12,0,,,,,,1446,,0,109723,1205,6634,,,,,0,110609,2156
6/6/20,WY,C,17,,0,,90,90,4,0,,,27569,890,,,30184,,,939,726,6,0,,,,,926,757,,0,31110,97,,,,,,0,31110,97
6/5/20,AK,A,10,10,0,,53,53,8,1,,,60461,882,,,,,1,529,,11,0,,,,,,380,,0,60990,893,,,,,,0,60990,893
6/5/20,AL,B,676,672,23,4,1949,1949,582,20,603,,220086,3859,,,,358,,19387,19073,315,0,,,,,,11395,,0,239159,3860,,,,,239159,3860,,0
6/5/20,AR,A,152,,10,,792,792,147,35,,,138960,4547,,,,138,32,8651,8651,584,0,,,,,,5919,,0,150975,3590,,,,,,0,150975,3590
6/5/20,AS,C,0,,0,,,,,0,,,174,0,,,,,,0,0,0,0,,,,,,,,0,174,0,,,,,,0,174,0
6/5/20,AZ,A+,1012,,16,,3712,3712,1234,70,,375,239533,12531,,,,,241,24332,,1579,0,,,,,,5298,,0,359497,12096,106390,,,,263865,14110,359497,12096
6/5/20,CA,B,4485,,63,,,,4625,0,,1333,2115562,52698,,,,,,122901,122901,3094,0,,,,,,,,0,2238463,55792,,,,,,0,2238463,55792
6/5/20,CO,A,1524,1205,12,319,4472,4472,299,12,,,180662,4598,68860,,,,,27615,25099,255,0,5234,,,,,4055,241247,6581,241247,6581,74094,,,,205761,4849,,0
6/5/20,CT,B,4038,3196,31,842,9669,9669,350,0,,,243927,5641,,,,,,43460,41387,221,0,,,,,,7284,,0,287387,5862,,,,,,0,285314,5857
6/5/20,DC,A+,475,,0,,,,273,0,,99,42662,686,,,,,75,9199,,79,0,,,,,,1138,51861,765,51861,765,,,,,41800,229,,0
6/5/20,DE,A,485,427,2,58,,,128,0,,,56956,793,,,,,,9773,,27,0,,,,,12044,5631,80892,1859,80892,1859,,,,,66729,820,,0
6/5/20,FL,A,2745,2745,54,,11066,11066,,143,,,1073452,26592,,118053,1240903,,,59305,,1019,0,,,5474,,83619,,1172244,28263,1172244,28263,,,123552,,1135865,27913,1327264,34388
6/5/20,GA,A,2174,,27,,8646,8646,790,89,1897,,457167,10683,,,,,,50621,50621,774,0,5748,,,,45196,,,0,507819,11548,97294,,,,,0,507819,11548
6/5/20,GU,B,5,,0,,,,,0,,,7195,390,,,6945,,,179,171,0,0,2,,,,170,162,,0,7374,390,105,,,,,0,7116,287
6/5/20,HI,D,17,,0,,83,83,,0,,,51681,1696,,,,,,655,,2,0,,,,,622,611,58536,1790,58536,1790,,,,,,0,59842,1900
6/5/20,IA,A+,592,,12,,,,299,0,,102,159511,5381,,18980,,,62,21152,21152,347,0,,,1920,,,12585,,0,180663,5728,,,20917,,180663,5728,,0
6/5/20,ID,A,83,63,0,20,255,255,29,2,98,8,50570,3755,,,,,,3054,2763,64,0,,,,,,2362,,0,53333,3809,,,,,53333,3809,,0
6/5/20,IL,A,5795,5795,59,,,,2911,0,,817,875004,17747,,,,,500,125915,125915,1156,0,,,,,,,,0,1000919,18903,,,,,1000919,18903,1000919,18903
6/5/20,IN,A+,2258,2078,27,180,6053,6053,924,54,1293,368,255060,5922,,,,,147,36578,,482,0,,,,,37703,24317,,0,372653,8645,,,,,291638,6404,372653,8645
6/5/20,KS,A,232,,10,,917,917,,27,306,,103260,5377,,,,135,,10393,,223,0,,,,,,612,,0,113653,5600,,,,,,0,,0
6/5/20,KY,B,466,465,8,1,2345,2345,505,13,958,73,231440,6220,,,,,,10977,10734,272,0,,,,,,3316,,0,242174,6249,32745,,,,,0,242174,6249
6/5/20,LA,B,2912,2801,29,111,,,604,0,,,378797,9173,,,,,75,41989,41989,427,0,,,,,,31728,,0,420786,9600,,,,,,0,420786,9600
6/5/20,MA,A+,7235,7097,34,138,10303,10303,1533,65,,350,532212,9340,,,,,238,102557,98796,494,0,,,,,128793,84621,,0,812059,11524,,,49556,,631008,9760,812059,11524
6/5/20,MD,B,2702,2580,34,122,9346,9346,1076,129,,455,290956,9796,,,,,,56770,56770,912,0,,,,,64919,4159,,0,399813,13210,,,,,347726,10708,399813,13210
6/5/20,ME,B,98,98,3,,293,293,35,2,,13,55050,1295,4478,,55050,,7,2482,2210,36,0,240,,,,2986,1797,,0,57532,1331,4726,,,,,0,58140,1341
6/5/20,MI,A+,5909,5672,8,244,,,617,0,,321,640450,12543,,,640450,,205,64821,59001,205,0,,,,,79638,38099,,0,705271,12748,104273,,,,,0,720088,12958
6/5/20,MN,A,1159,1148,33,11,3289,3289,478,36,1044,220,304497,10639,,,,,,28688,28688,398,0,,,,,,21864,333185,11037,333185,11037,,,,,,0,,0
6/5/20,MO,B,799,,13,,,,666,0,,,210289,5685,,26506,237939,,79,14253,14253,196,0,,,1061,,16681,,,0,254990,71340,,,27567,,224542,6164,254990,71340
6/5/20,MP,D,2,,0,,,,,0,,,6669,0,,,,,,26,26,0,0,,,,,,16,,0,6695,0,,,,,,0,6695,0
6/5/20,MS,A,803,787,9,16,2475,2475,604,135,,149,176354,7929,,,,,84,16759,16654,199,0,95,,,,,11203,,0,193113,8128,8662,,,,,0,193008,8673
6/5/20,MT,C,18,,1,,68,68,1,0,,,45347,1244,,,,,,541,541,2,0,,,,,,470,,0,45888,1246,,,,,,0,45888,1246
6/5/20,NC,A,966,966,6,,,,717,0,,,448892,12556,,,,,,33255,33255,1289,0,,,,,,18860,,0,482147,13845,,,,,,0,482147,13845
6/5/20,ND,D,74,,5,,180,180,30,5,,,74111,1073,3041,,,,,2742,2742,40,0,107,,,,,2242,105094,2550,105094,2550,3148,,,,74793,1214,107451,2623
6/5/20,NE,D,186,,-1,,905,905,190,3,,,99705,2316,,,118324,,,15117,15117,251,0,,,,,17898,7598,,0,136640,3126,,,,,114974,2565,136640,3126
6/5/20,NH,B,273,,8,,472,472,86,4,145,,74889,3719,,,,,,4876,4876,81,0,,,,,,3187,,0,92308,2860,15040,,12944,,79765,3800,92308,2860
6/5/20,NJ,A+,13779,12049,82,1730,17880,17880,1933,276,,542,755555,60356,,,,,410,163336,163336,806,0,,,,,,27433,,0,918891,61162,,,,,,0,918891,61162
6/5/20,NM,C,387,,4,,1489,1489,175,73,,,215968,6564,,,,,,8672,8672,319,0,,,,,,3206,,0,224640,6883,,,,,,0,224640,6883
6/5/20,NV,A+,460,,0,,,,341,0,,72,156841,4508,,,,,47,9266,9266,176,0,,,,,,,211148,5176,211148,5176,,,,,166002,4698,191125,5477
6/5/20,NY,A,24175,,42,,89995,89995,2728,0,,758,1983304,65405,,,,,583,376208,376208,1075,0,,,,,,66992,2359512,66480,2359512,66480,,,,,,0,,0
6/5/20,OH,B,2355,2135,16,220,6385,6385,671,73,1632,259,408437,8468,,,,,168,37758,35096,476,0,,,,,,,,0,446195,8944,,,,,,0,443533,8925
6/5/20,OK,A+,344,,0,,1014,1014,164,0,,66,209564,4749,,,209564,,,6907,6907,0,0,863,,,,7921,5781,,0,216471,4749,23402,,,,,0,218010,4868
6/5/20,OR,A+,161,,2,,819,819,121,7,,39,138676,3838,,,194837,,16,4570,4442,96,0,,,,,12328,2214,,0,207165,5959,,,,,143118,3930,207165,5959
6/5/20,PA,A+,5886,,69,,,,1174,0,,,424201,7259,,,,,268,75005,72292,445,0,620,,,,,52069,,0,499206,7704,,,,,496493,7670,,0
6/5/20,PR,B,141,63,1,78,,,116,0,,9,60422,0,,,59701,,7,1330,1330,8,0,3290,,,,1952,,,0,61752,8,,,,,,0,61702,0
6/5/20,RI,A+,772,,16,,1775,1775,182,10,,37,106656,1520,,,160874,,23,15521,15521,105,0,,,,,21126,1336,180235,4734,180235,4734,,,,,122177,1625,182000,3697
6/5/20,SC,A+,538,538,13,,1814,1814,453,25,,,217846,0,,,217846,,,13453,13453,448,0,,,,,20962,7347,,0,231299,448,,,,,,0,238808,0
6/5/20,SD,B,65,,1,,467,467,83,3,,,48086,711,,,,,,5277,,30,0,,,,,,4179,,0,53363,741,,,,,53363,741,,0
6/5/20,TN,B,408,408,7,,1893,1893,505,38,,,456652,5634,,,,,,25520,25520,400,0,,,,,,16925,,0,482172,6034,,,,,482172,6034,,0
6/5/20,TX,B,1788,,21,,,,1855,0,,,1258571,41020,,,,,,71613,71613,1693,0,4549,37,,,98909,47865,,0,1330184,42713,113372,366,,,,0,1330184,42713
6/5/20,UT,B,120,,3,,870,870,133,20,262,,223499,3283,,,253248,109,,11252,11252,439,0,,,,,13011,6788,,0,266259,4638,,,,,235074,3706,266259,4638
6/5/20,VA,A+,1453,1350,8,103,5008,5008,1205,51,,320,315238,9504,,,,,161,48532,46281,676,0,,,,,58319,6392,404882,11931,404882,11931,,,,,,0,,0
6/5/20,VI,C,6,6,0,,,,,0,,,1980,5,,,,,,71,,0,0,,,,,,62,,0,2051,5,,,,,,0,2059,11
6/5/20,VT,B,55,55,0,,,,14,0,,,37431,951,,,,,,1027,1027,2,0,,,,,,882,,0,44752,1150,,,,,38458,953,44752,1150
6/5/20,WA,B,1138,1138,3,,3615,3615,519,37,,,397341,7676,,,,,91,24169,24169,382,0,,,,,,,422150,8069,422150,8069,,,,,366633,6259,,0
6/5/20,WI,A+,633,633,7,,2791,2791,355,52,625,124,303332,11965,,,,,,22599,20249,406,0,,,,,,13337,403728,13528,403728,13528,,,,,323581,12322,,0
6/5/20,WV,B,84,,6,,,,27,0,,11,106399,2442,,,,,3,2119,2054,27,0,,,,,,1445,,0,108518,2469,6475,,,,,0,108453,1918
6/5/20,WY,C,17,,0,,90,90,4,3,,,26679,605,,,30096,,,933,721,12,0,,,,,917,755,,0,31013,595,,,,,,0,31013,595
6/4/20,AK,A,10,10,0,,52,52,13,0,,,59579,1905,,,,,1,518,,10,0,,,,,,376,,0,60097,1915,,,,,,0,60097,1915
6/4/20,AL,B,653,651,0,2,1929,1929,601,29,601,,216227,3484,,,,357,,19072,18766,221,0,,,,,,11395,,0,235299,4002,,,,,235299,4002,,0
6/4/20,AR,A,142,,0,,757,757,138,26,,,134413,0,,,,127,30,8067,8067,0,0,,,,,,5717,,0,147385,4905,,,,,,0,147385,4905
6/4/20,AS,C,0,,0,,,,,0,,,174,0,,,,,,0,0,0,0,,,,,,,,0,174,0,,,,,,0,174,0
6/4/20,AZ,A+,996,,15,,3642,3642,1079,53,,375,227002,4710,,,,,223,22753,,520,0,,,,,,5172,,0,347401,11044,101147,,,,249755,5230,347401,11044
6/4/20,CA,B,4422,,61,,,,4455,0,,1279,2062864,49257,,,,,,119807,119807,2120,0,,,,,,,,0,2182671,51377,,,,,,0,2182671,51377
6/4/20,CO,A,1512,1195,18,317,4460,4460,319,17,,,176064,5924,66395,,,,,27360,24848,300,0,5059,,,,,4034,234666,8296,234666,8296,71454,,,,200912,6215,,0
6/4/20,CT,B,4007,3171,18,836,9669,9669,373,-4124,,,238286,4941,,,,,,43239,41171,148,0,,,,,,7284,,0,281525,5089,,,,,,0,279457,5061
6/4/20,DC,A+,475,,2,,,,276,0,,98,41976,1430,,,,,73,9120,,104,0,,,,,,1138,51096,1534,51096,1534,,,,,41571,820,,0
6/4/20,DE,A,483,425,8,58,,,142,0,,,56163,955,,,,,,9746,,34,0,,,,,11956,5562,79033,1232,79033,1232,,,,,65909,989,,0
6/4/20,FL,A,2691,2691,41,,10923,10923,,127,,,1046860,24711,,118053,1208362,,,58286,,1265,0,,,5474,,81817,,1143981,34562,1143981,34562,,,123552,,1107952,26127,1292876,33700
6/4/20,GA,A,2147,,24,,8557,8557,807,138,1872,,446484,12666,,,,,,49847,49847,953,0,5599,,,,44359,,,0,496271,13624,94626,,,,,0,496271,13624
6/4/20,GU,B,5,,0,,,,,0,,,6805,256,,,,,,179,171,1,0,2,,,,171,162,,0,6984,257,94,,,,,0,6829,332
6/4/20,HI,D,17,,0,,83,83,,0,,,49985,1130,,,,,,653,,0,0,,,,,621,612,56746,1301,56746,1301,,,,,,0,57942,1373
6/4/20,IA,A+,580,,6,,,,310,0,,105,154130,9740,,18399,,,70,20805,20805,750,0,,,1912,,,12333,,0,174935,10490,,,20328,,174935,10490,,0
6/4/20,ID,A,83,63,0,20,253,253,28,2,98,3,46815,806,,,,,,2990,2709,57,0,,,,,,2311,,0,49524,855,,,,,49524,855,,0
6/4/20,IL,A,5736,5736,115,,,,3044,0,,853,857257,21912,,,,,516,124759,124759,929,0,,,,,,,,0,982016,22841,,,,,982016,22841,982016,22841
6/4/20,IN,A+,2231,2052,24,179,5999,5999,979,47,1286,372,249138,7035,,,,,144,36096,,384,0,,,,,37198,23707,,0,364008,8308,,,,,285234,7419,364008,8308
6/4/20,KS,A,222,,0,,890,890,,0,302,,97883,0,,,,131,,10170,,0,0,,,,,,592,,0,108053,0,,,,,,0,,0
6/4/20,KY,B,458,456,8,2,2332,2332,518,15,954,67,225220,3431,,,,,,10705,10479,295,0,,,,,,3303,,0,235925,3726,26789,,,,,0,235925,3726
6/4/20,LA,B,2883,2772,13,111,,,613,0,,,369624,8670,,,,,82,41562,41562,429,0,,,,,,31728,,0,411186,9099,,,,,,0,411186,9099
6/4/20,MA,A+,7201,7062,49,139,10238,10238,1637,87,,401,522872,6703,,,,,249,102063,98376,471,0,,,,,128133,84621,,0,800535,12024,,,48436,,621248,7115,800535,12024
6/4/20,MD,B,2668,2546,2,122,9217,9217,1096,106,,456,281160,8517,,,,,,55858,55858,876,0,,,,,63859,3985,,0,386603,11524,,,,,337018,9393,386603,11524
6/4/20,ME,B,95,95,0,,291,291,35,6,,14,53755,3164,4393,,53755,,7,2446,2181,28,0,232,,,,2940,1739,,0,56201,3192,4633,,,,,0,56799,1562
6/4/20,MI,A+,5901,5665,17,244,,,617,0,,321,627907,14734,,,627907,,205,64616,58878,234,0,,,,,79223,38099,,0,692523,14968,101172,,,,,0,707130,15114
6/4/20,MN,A,1126,1115,29,11,3253,3253,512,50,1033,244,293858,10539,,,,,,28290,28290,401,0,,,,,,21490,322148,10940,322148,10940,,,,,,0,,0
6/4/20,MO,B,786,,0,,,,599,0,,,204604,7018,,25828,168871,,82,14057,13774,290,0,,,1041,,14498,,,0,183650,0,,,26869,,218378,7260,183650,0
6/4/20,MP,D,2,,0,,,,,0,,,6669,135,,,,,,26,26,3,0,,,,,,16,,0,6695,138,,,,,,0,6695,138
6/4/20,MS,A,794,778,12,16,2340,2340,633,0,,145,168425,0,,,,,97,16560,16447,238,0,95,,,,,11203,,0,184985,238,8027,,,,,0,184335,0
6/4/20,MT,C,17,,0,,68,68,1,0,,,44103,1180,,,,,,539,539,14,0,,,,,,467,,0,44642,1194,,,,,,0,44642,1194
6/4/20,NC,A,960,960,21,,,,659,0,,,436336,17850,,,,,,31966,31966,1189,0,,,,,,18860,,0,468302,19039,,,,,,0,468302,19039
6/4/20,ND,D,69,,0,,175,175,32,3,,,73038,1215,2937,,,,,2702,2702,26,0,104,,,,,2209,102544,3471,102544,3471,3041,,,,73579,1285,104828,3570
6/4/20,NE,D,187,,6,,902,902,211,51,,,97389,2034,,,115498,,,14866,14866,255,0,,,,,17605,7005,,0,133514,3906,,,,,112409,2290,133514,3906
6/4/20,NH,B,265,,9,,468,468,88,6,144,,71170,180,,,,,,4795,4795,46,0,,,,,,3157,,0,89448,3934,14649,,12614,,75965,226,89448,3934
6/4/20,NJ,A+,13697,11970,95,1727,17604,17604,1982,214,,537,695199,19847,,,,,459,162530,162530,462,0,,,,,,27231,,0,857729,20309,,,,,,0,857729,20309
6/4/20,NM,C,383,,8,,1416,1416,170,0,,,209404,4548,,,,,,8353,8353,213,0,,,,,,3115,,0,217757,4761,,,,,,0,217757,4761
6/4/20,NV,A+,460,,5,,,,364,0,,79,152333,5013,,,,,47,9090,9090,159,0,,,,,,,205972,5469,205972,5469,,,,,161304,5157,185648,5640
6/4/20,NY,A,24133,,54,,89995,89995,2849,0,,832,1917899,62511,,,,,613,375133,375133,1048,0,,,,,,66756,2293032,63559,2293032,63559,,,,,,0,,0
6/4/20,OH,B,2339,2117,40,222,6312,6312,693,61,1623,267,399969,10656,,,,,181,37282,34639,490,0,,,,,,,,0,437251,11146,,,,,,0,434608,11087
6/4/20,OK,A+,344,,3,,1014,1014,148,11,,63,204815,3568,,,204815,,,6907,6907,102,0,746,,,,7802,5781,,0,211722,3670,20278,,,,,0,213142,3856
6/4/20,OR,A+,159,,0,,812,812,124,12,,40,134838,2569,,,189041,,13,4474,4350,75,0,,,,,12165,2199,,0,201206,4342,,,,,139188,2639,201206,4342
6/4/20,PA,A+,5817,,76,,,,1174,0,,,416942,15573,,,,,268,74560,71881,538,0,618,,,,,51019,,0,491502,16111,,,,,488823,16093,,0
6/4/20,PR,B,140,63,0,77,,,114,0,,15,60422,0,,,59701,,9,1322,1322,9,0,3186,,,,1952,,,0,61744,9,,,,,,0,61702,0
6/4/20,RI,A+,756,,14,,1765,1765,185,12,,42,105136,2000,,,157390,,29,15416,15416,117,0,,,,,20913,1326,175501,3735,175501,3735,,,,,120552,2117,178303,4727
6/4/20,SC,A+,525,525,7,,1789,1789,453,0,,,217846,7572,,,217846,,,13005,13005,354,0,,,,,20962,6976,,0,230851,7926,,,,,,0,238808,8121
6/4/20,SD,B,64,,2,,464,464,86,8,,,47375,3875,,,,,,5247,,85,0,,,,,,4163,,0,52622,3960,,,,,52622,3960,,0
6/4/20,TN,B,401,401,13,,1855,1855,547,26,,,451018,5061,,,,,,25120,25120,298,0,,,,,,16643,,0,476138,5359,,,,,476138,5359,,0
6/4/20,TX,B,1767,,33,,,,1796,0,,,1217551,36673,,,,,,69920,69920,1649,0,4500,34,,,95954,46799,,0,1287471,38322,112313,329,,,,0,1287471,38322
6/4/20,UT,B,117,,0,,850,850,164,21,258,,220216,3553,,,249055,108,,10813,10813,316,0,,,,,12566,6628,,0,261621,5094,,,,,231368,3920,261621,5094
6/4/20,VA,A+,1445,1338,17,107,4957,4957,1266,73,,321,305734,10252,,,,,171,47856,45620,951,0,,,,,57368,6284,392951,11402,392951,11402,,,,,,0,,0
6/4/20,VI,C,6,6,0,,,,,0,,,1975,19,,,,,,71,,1,0,,,,,,62,,0,2046,20,,,,,,0,2048,17
6/4/20,VT,B,55,55,0,,,,13,0,,,36480,1236,,,,,,1025,1025,36,0,,,,,,881,,0,43602,1450,,,,,37505,1272,43602,1450
6/4/20,WA,B,1135,1135,6,,3578,3578,484,35,,,389665,6047,,,,,94,23787,23787,417,0,,,,,,,414081,6377,414081,6377,,,,,360374,4589,,0
6/4/20,WI,A+,626,626,10,,2739,2739,355,39,616,117,291367,11656,,,,,,22193,19892,532,0,,,,,,12980,390200,13349,390200,13349,,,,,311259,12148,,0
6/4/20,WV,B,78,,0,,,,28,0,,11,103957,2260,,,,,2,2092,1593,21,0,,,,,,1399,,0,106049,2281,6188,,,,,0,106535,2202
6/4/20,WY,C,17,,0,,87,87,4,0,,,26074,361,,,29512,,,921,709,6,0,,,,,906,714,,0,30418,887,,,,,,0,30418,887
6/3/20,AK,A,10,10,0,,52,52,11,1,,,57674,1961,,,,,0,508,,18,0,,,,,,373,,0,58182,1979,,,,,,0,58182,1979
6/3/20,AL,B,653,651,2,2,1900,1900,610,21,591,,212743,7583,,,,355,,18851,18554,209,0,,,,,,11395,,0,231297,7495,,,,,231297,7495,,0
6/3/20,AR,A,142,,9,,731,731,132,13,,,134413,8620,,,,124,31,8067,8067,624,0,,,,,,5717,,0,142480,9244,,,,,,0,142480,9244
6/3/20,AS,C,0,,0,,,,,0,,,174,0,,,,,,0,0,0,0,,,,,,,,0,174,0,,,,,,0,174,0
6/3/20,AZ,A+,981,,40,,3589,3589,1092,69,,379,222292,5709,,,,,239,22233,,983,0,,,,,,5076,,0,336357,11141,100519,,,,244525,6692,336357,11141
6/3/20,CA,B,4361,,75,,,,4458,0,,1313,2013607,57326,,,,,,117687,117687,2377,0,,,,,,,,0,2131294,59703,,,,,,0,2131294,59703
6/3/20,CO,A,1494,1182,20,312,4443,4443,356,24,,,170140,2751,64531,,,,,27060,24557,272,0,4934,,,,,4014,226370,4859,226370,4859,69465,,,,194697,3997,,0
6/3/20,CT,B,3989,3156,17,833,13793,13793,406,0,,,233345,5714,,,,,,43091,41051,112,0,,,,,,7511,,0,276436,5826,,,,,,0,274396,5824
6/3/20,DC,A+,473,,3,,,,285,0,,103,40546,1731,,,,,72,9016,,130,0,,,,,,1138,49562,1861,49562,1861,,,,,40751,1500,,0
6/3/20,DE,A,475,418,4,57,,,153,0,,,55208,831,,,,,,9712,,27,0,,,,,11858,5493,77801,558,77801,558,,,,,64920,858,,0
6/3/20,FL,B,2650,2650,37,,10796,10796,,118,,,1022149,29844,,118053,1176653,,,57021,,1209,0,,,5474,,79855,,1109419,25625,1109419,25625,,,123552,,1081825,31154,1259176,49076
6/3/20,GA,B,2123,,21,,8419,8419,815,85,1841,,433818,7738,,,,,,48894,48894,687,0,5425,,,,43515,,,0,482647,8425,91688,,,,,0,482647,8425
6/3/20,GU,B,5,,0,,,,,0,,,6549,335,,,,,,178,170,1,0,2,,,,170,151,,0,6727,336,93,,,,,0,6497,143
6/3/20,HI,D,17,,0,,83,83,,0,,,48855,586,,,,,,653,,1,0,,,,,620,609,55445,817,55445,817,,,,,,0,56569,850
6/3/20,IA,A+,574,,13,,,,314,0,,116,144390,716,,17607,,,76,20055,20055,39,0,,,1880,,,12064,,0,164445,755,,,19502,,164445,476,,0
6/3/20,ID,A,83,63,0,20,251,251,30,4,98,3,46009,782,,,,,,2933,2660,27,0,,,,,,2282,,0,48669,799,,,,,48669,799,,0
6/3/20,IL,A,5621,5621,96,,,,3173,0,,844,835345,23489,,,,,508,123830,123830,982,0,,,,,,,,0,959175,24471,,,,,959175,24471,959175,24471
6/3/20,IN,A+,2207,2032,10,175,5952,5952,1017,50,1282,358,242103,5421,,,,,138,35712,,475,0,,,,,36766,23182,,0,355700,7220,,,,,277815,5896,355700,7220
6/3/20,KS,A,222,,5,,890,890,,28,302,,97883,4582,,,,131,,10170,,159,0,,,,,,592,,0,108053,4741,,,,,,0,,0
6/3/20,KY,B,450,449,8,1,2317,2317,488,10,950,68,221789,4703,,,,,,10410,10192,225,0,,,,,,3283,,0,232199,5143,26568,,,,,0,232199,5143
6/3/20,LA,B,2870,2759,35,111,,,617,0,,,360954,8567,,,,,86,41133,41133,387,0,,,,,,31728,,0,402087,8954,,,,,,0,402087,8954
6/3/20,MA,A+,7152,7012,67,140,10151,10151,1684,88,,393,516169,7937,,,,,263,101592,97964,429,0,,,,,127383,78108,,0,788511,13111,,,47414,,614133,8362,788511,13111
6/3/20,MD,B,2666,2544,20,122,9111,9111,1109,154,,471,272643,11003,,,,,,54982,54982,807,0,,,,,62955,3970,,0,375079,14385,,,,,327625,11810,375079,14385
6/3/20,ME,B,95,95,1,,285,285,44,-2,,14,50591,0,4212,,52234,,10,2418,2152,41,0,226,,,,2903,1699,,0,53009,41,4446,,,,,0,55237,1701
6/3/20,MI,A+,5884,5657,15,243,,,646,0,,328,613173,16101,,,613173,,224,64382,58760,279,0,,,,,78843,38099,,0,677555,16380,98953,,,,,0,692016,16696
6/3/20,MN,A,1097,1086,15,11,3203,3203,537,69,1022,254,283319,15388,,,,,,27889,27889,513,0,,,,,,21169,311208,15901,311208,15901,,,,,,0,,0
6/3/20,MO,B,786,,3,,,,571,0,,,197586,5731,,24681,168871,,70,13767,13767,192,0,,,1006,,14498,,,0,183650,0,,,25687,,211118,5957,183650,0
6/3/20,MP,D,2,,0,,,,,0,,,6534,0,,,,,,23,23,0,0,,,,,,16,,0,6557,0,,,,,,0,6557,0
6/3/20,MS,A,782,767,15,15,2340,2340,602,44,,141,168425,4947,,,,,96,16322,16211,302,0,95,,,,,11203,,0,184747,5249,8027,,,,,0,184335,4947
6/3/20,MT,C,17,,0,,68,68,1,1,,,42923,1234,,,,,,525,525,2,0,,,,,,464,,0,43448,1236,,,,,,0,43448,1236
6/3/20,NC,A,939,939,18,,,,684,0,,,418486,13454,,,,,,30777,30777,888,0,,,,,,18860,,0,449263,14342,,,,,,0,449263,14342
6/3/20,ND,C,69,,1,,172,172,34,2,,,71823,825,2824,,,,,2676,2676,33,0,97,,,,,2169,99073,2568,99073,2568,2921,,,,72294,929,101258,2621
6/3/20,NE,C,181,,3,,851,851,194,851,,,95355,3282,,,112019,,,14611,14611,266,0,,,,,17184,6743,,0,129608,3014,,,,,110119,3549,129608,3014
6/3/20,NH,B,256,,11,,462,462,97,6,142,,70990,1331,,,,,,4749,4749,64,0,,,,,,3071,,0,85514,2770,14266,,12249,,75739,1395,85514,2770
6/3/20,NJ,A+,13602,11880,112,1722,17390,17390,2250,0,,612,675352,19220,,,,,459,162068,162068,523,0,,,,,,27008,,0,837420,19743,,,,,,0,837420,19743
6/3/20,NM,C,375,,8,,1416,1416,170,0,,,204856,6043,,,,,,8140,8140,116,0,,,,,,3013,,0,212996,6159,,,,,,0,212996,6159
6/3/20,NV,A+,455,,3,,,,372,0,,84,147320,4059,,,,,47,8931,8931,101,0,,,,,,,200503,6802,200503,6802,,,,,156147,4181,180008,3976
6/3/20,NY,A,24079,,56,,89995,89995,2978,134,,865,1855388,60597,,,,,638,374085,374085,1045,0,,,,,,66502,2229473,61642,2229473,61642,,,,,,0,,0
6/3/20,OH,B,2299,2080,41,219,6251,6251,704,75,1604,283,389313,15755,,,,,198,36792,34208,442,0,,,,,,,,0,426105,16197,,,,,,0,423521,16071
6/3/20,OK,A+,341,,2,,1003,1003,136,9,,59,201247,3282,,,201247,,,6805,6805,113,0,746,,,,7716,5711,,0,208052,3395,20278,,,,,0,209286,3170
6/3/20,OR,A+,159,,2,,800,800,112,5,,27,132269,2395,,,184813,,10,4399,4280,64,0,,,,,12051,2199,,0,196864,3925,,,,,136549,2455,196864,3925
6/3/20,PA,A+,5741,,74,,,,1164,0,,,401369,2008,,,,,269,74022,71361,512,0,617,,,,,49915,,0,475391,2520,,,,,472730,2505,,0
6/3/20,PR,B,140,63,2,77,,,107,0,,12,60422,0,,,59701,,7,1313,1313,8,0,2710,,,,1952,,,0,61735,8,,,,,,0,61702,0
6/3/20,RI,A+,742,,10,,1753,1753,189,10,,44,103136,1624,,,152937,,30,15299,15299,105,0,,,,,20639,1311,171766,3298,171766,3298,,,,,118435,1729,173576,3700
6/3/20,SC,A+,518,518,17,,1789,1789,433,0,,,210274,3912,,,210274,,,12651,12651,236,0,,,,,20413,6976,,0,222925,4148,,,,,,0,230687,5640
6/3/20,SD,B,62,,0,,456,456,87,13,,,43500,1721,,,,,,5162,,95,0,,,,,,4084,,0,48662,1816,,,,,48662,1816,,0
6/3/20,TN,B,388,388,7,,1829,1829,548,37,,,445957,8196,,,,,,24822,24822,447,0,,,,,,16319,,0,470779,8643,,,,,470779,8643,,0
6/3/20,TX,B,1734,,36,,,,1487,0,,,1180878,41134,,,,,,68271,68271,1703,0,4395,33,,,93695,45858,,0,1249149,42837,110506,293,,,,0,1249149,42837
6/3/20,UT,B,117,,4,,829,829,150,28,250,,216663,3105,,,244394,107,,10497,10497,295,0,,,,,12133,6501,,0,256527,4119,,,,,227448,3379,256527,4119
6/3/20,VA,A+,1428,1322,21,106,4884,4884,1311,114,,313,295482,12832,,,,,185,46905,44715,666,0,,,,,56250,6165,381549,12268,381549,12268,,,,,,0,,0
6/3/20,VI,C,6,6,0,,,,,0,,,1956,20,,,,,,70,,0,0,,,,,,62,,0,2026,20,,,,,,0,2031,19
6/3/20,VT,B,55,55,0,,,,10,0,,,35244,644,,,,,,989,989,2,0,,,,,,879,,0,42152,739,,,,,36233,646,42152,739
6/3/20,WA,B,1129,1129,5,,3543,3543,474,26,,,383618,6946,,,,,89,23370,23370,410,0,,,,,,,407704,7329,407704,7329,,,,,355785,5328,,0
6/3/20,WI,A+,616,616,9,,2700,2700,357,57,606,130,279711,15968,,,,,,21661,19400,506,0,,,,,,12172,376851,11243,376851,11243,,,,,299111,16451,,0
6/3/20,WV,B,78,,1,,,,34,0,,13,101697,3195,,,,,4,2071,1593,30,0,,,,,,1381,,0,103768,3225,5993,,,,,0,104333,2035
6/3/20,WY,C,17,,0,,87,87,4,1,,,25713,881,,,28638,,,915,703,3,0,,,,,893,714,,0,29531,601,,,,,,0,29531,601
6/2/20,AK,A,10,10,0,,51,51,10,1,,,55713,1993,,,,,0,490,,20,0,,,,,,371,,0,56203,2013,,,,,,0,56203,2013
6/2/20,AL,B,651,649,5,2,1879,1879,606,23,591,,205160,0,,,,355,,18642,18354,279,0,,,,,,9355,,0,223802,567,,,,,223802,567,,0
6/2/20,AR,A,133,,0,,718,718,121,7,,,125793,0,,,,124,26,7443,7443,0,0,,,,,,5401,,0,133236,0,,,,,,0,133236,0
6/2/20,AS,C,0,,0,,,,,0,,,174,0,,,,,,0,0,0,0,,,,,,,,0,174,0,,,,,,0,174,0
6/2/20,AZ,A+,941,,24,,3520,3520,1009,75,,380,216583,8636,,,,,235,21250,,1127,0,,,,,,4967,,0,325216,11073,98756,,,,237833,9763,325216,11073
6/2/20,CA,B,4286,,35,,,,4393,0,,1286,1956281,56704,,,,,,115310,115310,2304,0,,,,,,,,0,2071591,59008,,,,,,0,2071591,59008
6/2/20,CO,A,1474,1162,16,312,4419,4419,388,47,,,167389,3429,59697,,,,,26788,24311,211,0,4727,,,,,3983,221511,3395,221511,3395,64424,,,,190700,2631,,0
6/2/20,CT,B,3972,3139,8,833,13793,13793,434,0,,,227631,8981,,,,,,42979,40941,236,0,,,,,,7511,,0,270610,9217,,,,,,0,268572,9252
6/2/20,DC,A+,470,,2,,,,295,0,,106,38815,409,,,,,74,8886,,29,0,,,,,,1137,47701,438,47701,438,,,,,39251,276,,0
6/2/20,DE,A,471,414,0,57,,,157,0,,,54377,1535,,,,,,9685,,80,0,,,,,11799,5442,77243,766,77243,766,,,,,64062,1615,,0
6/2/20,FL,A,2613,2613,70,,10678,10678,,184,,,992305,8735,,118053,1130070,,,55812,,602,0,,,5474,,77387,,1083794,10168,1083794,10168,,,123552,,1050671,9353,1210100,0
6/2/20,GA,A,2102,,28,,8334,8334,828,207,1821,,426080,2067,,,,,,48207,48207,589,0,5395,,,,43054,,,0,474222,6493,91325,,,,,0,474222,6493
6/2/20,GU,B,5,,0,,,,,0,,,6214,73,,,,,,177,167,2,0,2,,,,,148,,0,6391,75,93,,,,,0,6354,73
6/2/20,HI,D,17,,0,,83,83,,0,,,48269,434,,,,,,652,,0,0,,,,,620,608,54628,524,54628,524,,,,,,0,55719,383
6/2/20,IA,A+,561,,10,,,,327,0,,114,143674,4290,,17559,,,76,20016,20016,319,0,,,1876,,,11742,,0,163690,4609,,,19449,,163969,4677,,0
6/2/20,ID,A,83,63,1,20,247,247,34,5,98,4,45227,1369,,,,,,2906,2643,67,0,,,,,,2266,,0,47870,1434,,,,,47870,1434,,0
6/2/20,IL,A,5525,5525,113,,,,3238,0,,874,811856,14817,,,,,548,122848,122848,1614,0,,,,,,,,0,934704,16431,,,,,934704,16431,934704,16431
6/2/20,IN,A+,2197,2022,55,175,5902,5902,961,42,1261,358,236682,5616,,,,,140,35237,,407,0,,,,,36307,22623,,0,348480,9970,,,,,271919,6023,348480,9970
6/2/20,KS,A,217,,0,,862,862,,20,290,,93301,8071,,,,127,,10011,,0,0,,,,,,555,,0,103312,8071,,,,,,0,,0
6/2/20,KY,A,442,441,3,1,2307,2307,481,33,941,85,217086,11086,,,,,,10185,9970,139,0,,,,,,3275,,0,227056,11203,26529,,,,,0,227056,11203
6/2/20,LA,B,2835,2724,34,111,,,639,0,,,352387,5358,,,,,83,40746,40746,405,0,,,,,,31728,,0,393133,5763,,,,,,0,393133,5763
6/2/20,MA,A+,7085,6944,50,141,10063,10063,1657,111,,394,508232,5604,,,,,269,101163,97539,358,0,,,,,126513,78108,,0,775400,13074,,,46565,,605771,5852,775400,13074
6/2/20,MD,B,2646,2525,21,121,8957,8957,1148,71,,481,261640,6237,,,,,,54175,54175,848,0,,,,,62014,3855,,0,360694,8786,,,,,315815,7085,360694,8786
6/2/20,ME,B,94,94,5,,287,287,48,3,,16,50591,3307,4101,,50591,,10,2377,2118,28,0,219,,,,2848,1646,,0,52968,3335,4328,,,,,0,53536,3458
6/2/20,MI,A+,5869,5641,26,242,,,674,0,,346,597072,15648,,,597072,,240,64103,58594,290,0,,,,,78248,38099,,0,661175,15938,97108,,,,,0,675320,16167
6/2/20,MN,A,1082,1072,22,10,3134,3134,537,48,1003,248,267931,7192,,,,,,27376,27376,479,0,,,,,,20381,295307,7671,295307,7671,,,,,,0,,0
6/2/20,MO,B,783,,10,,,,693,0,,,191855,5474,,23739,168871,,81,13575,13306,248,0,,,985,,14498,,,0,183650,0,,,24724,,205161,5726,183650,0
6/2/20,MP,D,2,,0,,,,,0,,,6534,222,,,,,,23,23,1,0,,,,,,16,,0,6557,223,,,,,,0,6557,223
6/2/20,MS,A,767,752,28,15,2296,2296,584,0,,146,163478,2976,,,,,97,16020,15910,268,0,95,,,,,11203,,0,179498,3244,7882,,,,,0,179388,3134
6/2/20,MT,C,17,,0,,67,67,1,0,,,41689,1551,,,,,,523,523,4,0,,,,,,462,,0,42212,1555,,,,,,0,42212,1555
6/2/20,NC,A,921,921,23,,,,716,0,,,405032,12387,,,,,,29889,29889,626,0,,,,,,18860,,0,434921,13013,,,,,,0,434921,13013
6/2/20,ND,C,68,,4,,170,170,34,1,,,70998,322,2747,,,,,2643,2643,22,0,95,,,,,2127,96505,1538,96505,1538,2842,,,,71365,516,98637,1609
6/2/20,NE,D,178,,8,,,,,0,,,92073,2509,,,109298,,,14345,14345,244,0,,,,,16895,,,0,126594,4198,,,,,106570,2757,126594,4198
6/2/20,NH,B,245,,0,,456,456,98,5,142,,69659,1854,,,,,,4685,4685,34,0,,,,,,2954,,0,82744,1506,13827,,12046,,74344,1888,82744,1506
6/2/20,NJ,A+,13490,11770,52,1720,17390,17390,2370,168,,639,656132,21450,,,,,480,161545,161545,627,0,,,,,,26815,,0,817677,22077,,,,,,0,817677,22077
6/2/20,NM,C,367,,5,,1416,1416,182,99,,,198813,3498,,,,,,8024,8024,224,0,,,,,,2960,,0,206837,3722,,,,,,0,206837,3722
6/2/20,NV,A+,452,,7,,,,365,0,,88,143261,5166,,,,,39,8830,8830,142,0,,,,,,,193701,5454,193701,5454,,,,,151966,5278,176032,6219
6/2/20,NY,A,24023,,64,,89861,89861,3121,158,,907,1794791,52725,,,,,673,373040,373040,1329,0,,,,,,66262,2167831,54054,2167831,54054,,,,,,0,,0
6/2/20,OH,B,2258,2041,52,217,6176,6176,697,64,1583,295,373558,11476,,,,,204,36350,33892,366,0,,,,,,,,0,409908,11842,,,,,,0,407450,9384
6/2/20,OK,A+,339,,5,,994,994,124,8,,60,197965,11265,,,197965,,,6692,6692,119,0,746,,,,7628,5599,,0,204657,11384,20278,,,,,0,206116,11620
6/2/20,OR,A+,157,,3,,795,795,102,5,,29,129874,2558,,,181011,,15,4335,4220,33,0,,,,,11928,2164,,0,192939,4138,,,,,134094,2586,192939,4138
6/2/20,PA,A+,5667,,100,,,,1302,0,,,399361,9930,,,,,283,73510,70864,612,0,616,,,,,48838,,0,472871,10542,,,,,470225,10516,,0
6/2/20,PR,B,138,63,2,75,,,106,0,,17,60422,0,,,59701,,10,1305,1305,1,0,2630,,,,1952,,,0,61727,1,,,,,,0,61702,0
6/2/20,RI,A+,732,,12,,1743,1743,188,19,,48,101512,1400,,,149490,,31,15194,15194,107,0,,,,,20386,1302,168468,2994,168468,2994,,,,,116706,1507,169876,3248
6/2/20,SC,A,501,501,1,,1789,1789,425,155,,,206362,13822,,,206362,,,12415,12415,267,0,,,,,18685,6976,,0,218777,14089,,,,,,0,225047,14221
6/2/20,SD,B,62,,0,,443,443,89,8,,,41779,1152,,,,,,5067,,33,0,,,,,,3990,,0,46846,1185,,,,,46846,1185,,0
6/2/20,TN,B,381,381,14,,1792,1792,565,25,,,437761,12822,,,,,,24375,24375,821,0,,,,,,15916,,0,462136,13643,,,,,462136,13643,,0
6/2/20,TX,B,1698,,20,,,,1773,0,,,1139744,32595,,,,,,66568,66568,1688,0,4258,18,,,90855,44517,,0,1206312,34283,107452,227,,,,0,1206312,34283
6/2/20,UT,B,113,,0,,801,801,159,12,243,,213558,3605,,,240579,104,,10202,10202,203,0,,,,,11829,6319,,0,252408,4891,,,,,224069,3922,252408,4891
6/2/20,VA,A+,1407,1300,15,107,4770,4770,1362,76,,336,282650,3329,,,,,186,46239,44069,841,0,,,,,55298,6011,369281,7484,369281,7484,,,,,,0,,0
6/2/20,VI,C,6,6,0,,,,,0,,,1936,195,,,,,,70,,0,0,,,,,,62,,0,2006,195,,,,,,0,2012,197
6/2/20,VT,B,55,55,0,,,,10,0,,,34600,568,,,,,,987,987,2,0,,,,,,879,,0,41413,677,,,,,35587,570,41413,677
6/2/20,WA,B,1124,1124,6,,3517,3517,473,16,,,376672,8055,,,,,48,22960,22960,100,0,,,,,,,400375,8470,400375,8470,,,,,350457,6407,,0
6/2/20,WI,A+,607,607,12,,2643,2643,388,40,593,139,263743,10148,,,,,,21155,18917,419,0,,,,,,12172,365608,11971,365608,11971,,,,,282660,10522,,0
6/2/20,WV,B,77,,2,,,,31,0,,11,98502,2424,,,,,4,2041,1593,24,0,,,,,,1341,,0,100543,2448,5776,,,,,0,102298,2547
6/2/20,WY,C,17,,0,,86,86,7,0,,,24832,595,,,28055,,,912,701,2,0,,,,,875,667,,0,28930,695,,,,,,0,28930,695
6/1/20,AK,A,10,10,0,,50,50,10,0,,,53720,2488,,,,,1,470,,7,0,,,,,,368,,0,54190,2495,,,,,,0,54190,2495
6/1/20,AL,B,646,644,15,2,1856,1856,596,12,591,,205160,5510,,,,355,,18363,18075,460,0,,,,,,9355,,0,223235,1928,,,,,223235,1928,,0
6/1/20,AR,A,133,,0,,711,711,115,0,,,125793,3531,,,,123,27,7443,7443,190,0,,,,,,5401,,0,133236,3721,,,,,,0,133236,3721
6/1/20,AS,C,0,,0,,,,,0,,,174,0,,,,,,0,0,0,0,,,,,,,,0,174,0,,,,,,0,174,0
6/1/20,AZ,A+,917,,11,,3445,3445,968,66,,377,207947,2677,,,,,238,20123,,187,0,,,,,,4869,,0,314143,3481,93856,,,,228070,2864,314143,3481
6/1/20,CA,B,4251,,38,,,,4258,0,,1273,1899577,65312,,,,,,113006,113006,2423,0,,,,,,,,0,2012583,67735,,,,,,0,2012583,67735
6/1/20,CO,A,1458,1152,13,306,4372,4372,394,25,,,163960,3962,58311,,,,,26577,24109,199,0,4642,,,,,3954,218116,5096,218116,5096,62953,,,,188069,4122,,0
6/1/20,CT,B,3964,3110,20,854,13793,13793,454,1255,,,218650,10805,,,,,,42743,40670,542,0,,,,,,7511,,0,261393,11347,,,,,,0,259320,9274
6/1/20,DC,A+,468,,2,,,,302,0,,108,38406,724,,,,,67,8857,,56,0,,,,,,1126,47263,780,47263,780,,,,,38975,562,,0
6/1/20,DE,A,471,414,3,57,,,159,0,,,52842,1669,,,,,,9605,,107,0,,,,,11726,5353,76477,1657,76477,1657,,,,,62447,1776,,0
6/1/20,FL,A,2543,2543,9,,10494,10494,,41,,,983570,18384,,118053,1130070,,,55210,,700,0,,,5474,,77387,,1073626,24222,1073626,24222,,,123552,,1041318,19053,1210100,54450
6/1/20,GA,A,2074,,32,,8127,8127,841,181,1800,,424013,5474,,,,,,47618,47618,632,0,,,,,42761,,,0,467729,265,91184,,,,,0,467729,265
6/1/20,GU,B,5,,0,,,,,0,,,6141,212,,,,,,175,167,2,0,2,,,,,145,,0,6316,214,85,,,,,0,6281,270
6/1/20,HI,D,17,,0,,83,83,,0,,,47835,-6134,,,,,,652,,1,0,,,,,620,608,54104,725,54104,725,,,,,,0,55336,716
6/1/20,IA,A+,551,,17,,,,339,0,,125,139384,2640,,17170,,,73,19697,19697,145,0,,,1869,,,11440,,0,159081,2785,,,19051,,159292,4344,,0
6/1/20,ID,A,82,62,0,20,242,242,25,0,96,3,43858,0,,,,,,2839,2578,0,0,,,,,,2248,,0,46436,0,,,,,46436,0,,0
6/1/20,IL,A,5412,5412,22,,,,3215,0,,902,797039,19040,,,,,547,121234,121234,974,0,,,,,,,,0,918273,20014,,,,,918273,20014,918273,20014
6/1/20,IN,A+,2142,1976,8,166,5860,5860,1041,575,1255,366,231066,4094,,,,,148,34830,,256,0,,,,,35601,22224,,0,338510,2175,,,,,265896,4350,338510,2175
6/1/20,KS,A,217,,9,,842,842,,0,284,,85230,0,,,,124,,10011,,292,0,,,,,,547,,0,95241,292,,,,,,0,,0
6/1/20,KY,A,439,438,8,1,2274,2274,457,2,940,90,206000,1951,,,,,,10046,9853,342,0,,,,,,3232,,0,215853,2267,20563,,,,,0,215853,2267
6/1/20,LA,B,2801,2690,10,111,,,661,0,,,347029,11836,,,,,86,40341,40341,425,0,,,,,,31728,,0,387370,12261,,,,,,0,387370,12261
6/1/20,MA,A,7035,6894,189,141,9952,9952,1747,129,,404,502628,6740,,,,,289,100805,97291,3840,0,,,,,125632,78108,,0,762326,12892,,,,,599919,7066,762326,12892
6/1/20,MD,B,2625,2505,29,120,8886,8886,1174,148,,479,255403,6300,,,,,,53327,53327,549,0,,,,,61245,3782,,0,351908,8772,,,,,308730,6849,351908,8772
6/1/20,ME,B,89,89,0,,284,284,52,1,,17,47284,0,3757,,47284,,10,2349,2093,24,0,218,,,,2710,1586,,0,49633,24,3983,,,,,0,50078,0
6/1/20,MI,A+,5843,5627,25,242,,,674,0,,346,581424,14232,,,581424,,240,63813,58417,245,0,,,,,77729,38099,,0,645237,14477,67783,,,,,0,659153,14634
6/1/20,MN,A,1060,1050,10,10,3086,3086,549,39,981,253,260739,3606,,,,,,26897,26897,575,0,,,,,,19441,287636,4181,287636,4181,,,,,,0,,0
6/1/20,MO,B,773,,1,,,,693,0,,,186381,5967,,23095,168871,,78,13327,13327,180,0,,,953,,14498,,,0,183650,0,,,24048,,199435,6055,183650,0
6/1/20,MP,D,2,,0,,,,,0,,,6312,161,,,,,,22,22,0,0,,,,,,16,,0,6334,161,,,,,,0,6334,161
6/1/20,MS,A,739,,5,,2296,2296,584,24,,146,160502,4166,,,,,97,15752,,251,0,95,,,,,11203,,0,176254,4417,7740,,,,,0,176254,4417
6/1/20,MT,C,17,,0,,67,67,2,0,,,40138,855,,,,,,519,519,4,0,,,,,,461,,0,40657,859,,,,,,0,40657,859
6/1/20,NC,A,898,898,12,,,,650,0,,,392645,4945,,,,,,29263,29263,674,0,,,,,,18860,,0,421908,5619,,,,,,0,421908,5619
6/1/20,ND,C,64,,0,,169,169,35,2,,,70676,1213,2681,,,,,2621,2621,47,0,91,,,,,2078,94967,2308,94967,2308,2772,,,,70849,1130,97028,2376
6/1/20,NE,D,170,,0,,,,,0,,,89564,2327,,,105439,,,14101,14101,196,0,,,,,16564,,,0,122396,2250,,,,,103813,2523,122396,2250
6/1/20,NH,B,245,,3,,451,451,96,2,141,,67805,2070,,,,,,4651,4651,106,0,,,,,,2948,,0,81238,1379,13590,,11838,,72456,2176,81238,1379
6/1/20,NJ,A+,13438,11721,26,1717,17222,17222,2466,25,,646,634682,48982,,,,,459,160918,160918,473,0,,,,,,26703,,0,795600,49455,,,,,,0,795600,50292
6/1/20,NM,C,362,,6,,1317,1317,191,0,,,195315,3400,,,,,,7800,7800,111,0,,,,,,2888,,0,203115,3511,,,,,,0,203115,3511
6/1/20,NV,A+,445,,1,,,,361,0,,87,138095,4128,,,,,40,8688,8688,95,0,,,,,,,188247,999,188247,999,,,,,146688,4227,169813,4799
6/1/20,NY,A,23959,,54,,89703,89703,3331,113,,999,1742066,49011,,,,,746,371711,371711,941,0,,,,,,66110,2113777,49952,2113777,49952,,,,,,0,,0
6/1/20,OH,B,2206,1993,51,213,6112,6112,761,63,1569,324,362082,6687,,,,,223,35984,33501,471,0,,,,,,,,0,398066,7158,,,,,,0,398066,9598
6/1/20,OK,A+,334,,0,,986,986,154,1,,65,186700,0,,,186700,,,6573,6573,67,0,746,,,,7291,5511,,0,193273,67,20278,,,,,0,194496,0
6/1/20,OR,A+,154,,1,,790,790,108,4,,32,127316,2358,,,176960,,17,4302,4192,59,0,,,,,11841,2164,,0,188801,3601,,,,,131508,2415,188801,3601
6/1/20,PA,A+,5567,,12,,,,1302,0,,,389431,6320,,,,,287,72898,70278,352,0,616,,,,,48428,,0,462329,6672,,,,,459709,12563,,0
6/1/20,PR,B,136,63,0,73,,,99,0,,9,60422,0,,,59701,,4,1304,1304,0,0,2569,,,,1952,,,0,61726,0,,,,,,0,61702,0
6/1/20,RI,A+,720,,2,,1724,1724,195,23,,46,100112,1322,,,146504,,29,15087,15087,99,0,,,,,20124,1281,165474,1826,165474,1826,,,,,115199,1421,166628,2936
6/1/20,SC,A,500,500,6,,1634,1634,450,0,,,192540,4185,,,192540,,,12148,12148,287,0,,,,,18286,6459,,0,204688,4472,,,,,,0,210826,4579
6/1/20,SD,B,62,,0,,435,435,87,3,,,40627,1492,,,,,,5034,,41,0,,,,,,3903,,0,45661,1533,,,,,45661,1533,,0
6/1/20,TN,B,367,367,3,,1767,1767,504,17,,,424939,11968,,,,,,23554,23554,548,0,,,,,,15564,,0,448493,12516,,,,,448493,12516,,0
6/1/20,TX,B,1678,,6,,,,1756,0,,,1107149,15318,,,,,,64880,64880,593,0,4080,12,,,88332,43338,,0,1172029,15911,103460,185,,,,0,1172029,15911
6/1/20,UT,B,113,,0,,789,789,134,14,242,,209953,2774,,,236035,102,,9999,9999,202,0,,,,,11482,6251,,0,247517,3708,,,,,220147,2936,247517,3708
6/1/20,VA,A+,1392,1282,17,110,4694,4694,1371,51,,347,279321,8537,,,,,188,45398,43247,791,0,,,,,54481,5899,361797,7958,361797,7958,,,,,,0,,0
6/1/20,VI,C,6,6,0,,,,,0,,,1741,108,,,,,,70,,1,0,,,,,,62,,0,1811,109,,,,,,0,1815,94
6/1/20,VT,B,55,55,0,,,,16,0,,,34032,1285,,,,,,985,985,4,0,,,,,,880,,0,40736,1455,,,,,35017,1289,40736,1455
6/1/20,WA,B,1118,1118,0,,3501,3501,497,21,,,368617,7613,,,,,52,22860,22860,149,0,,,,,,,391905,8023,391905,8023,,,,,344050,6198,,0
6/1/20,WI,A+,595,595,3,,2603,2603,403,20,586,136,253595,3492,,,,,,20736,18543,172,0,,,,,,11838,353637,11441,353637,11441,,,,,272138,3632,,0
6/1/20,WV,B,75,,0,,,,31,0,,11,96078,466,,,,,4,2017,1593,7,0,,,,,,1313,,0,98095,473,5650,,,,,0,99751,2129
6/1/20,WY,C,17,,1,,86,86,8,1,,,24237,747,,,27368,,,910,700,7,0,,,,,867,667,,0,28235,810,,,,,,0,28235,810
5/31/20,AK,A,10,10,0,,50,50,14,0,,,51232,-28,,,,,2,463,,28,0,,,,,,368,,0,51695,0,,,,,,0,51695,0
5/31/20,AL,B,631,629,13,2,1844,1844,527,18,589,,199650,4808,,,,355,,17903,17614,544,0,,,,,,9355,,0,221307,9106,,,,,221307,9106,,0
5/31/20,AR,A,133,,0,,711,711,115,9,,,122262,2778,,,,123,27,7253,7253,240,0,,,,,,5275,,0,129515,3018,,,,,,0,129515,3018
5/31/20,AS,C,0,,0,,,,,0,,,174,0,,,,,,0,0,0,0,,,,,,,,0,174,0,,,,,,0,174,0
5/31/20,AZ,A+,906,,3,,3379,3379,973,45,,376,205270,7478,,,,,239,19936,,681,0,,,,,,4761,,0,310662,9103,93367,,,,225206,8159,310662,9103
5/31/20,CA,B,4213,,57,,,,4331,0,,1324,1834265,52548,,,,,,110583,110583,3705,0,,,,,,,,0,1944848,56253,,,,,,0,1944848,56253
5/31/20,CO,A,1445,1140,2,305,4347,4347,414,14,,,159998,5469,57298,,,,,26378,23949,280,0,4570,,,,,3919,213020,7532,213020,7532,61868,,,,183947,5751,,0
5/31/20,CT,B,3944,,32,,12538,12538,481,0,,,207845,2932,,,,,,42201,,179,0,,,,,,7127,,0,250046,3111,,,,,,0,250046,3111
5/31/20,DC,A+,466,,4,,,,295,0,,109,37682,770,,,,,66,8801,,84,0,,,,,,1116,46483,854,46483,854,,,,,38413,532,,0
5/31/20,DE,A,468,411,2,57,,,160,0,,,51173,1266,,,,,,9498,,76,0,,,,,11617,5266,74820,2282,74820,2282,,,,,60671,1342,,0
5/31/20,FL,A,2534,2534,4,,10453,10453,,78,,,965186,25642,,,1077549,,,54510,,870,0,,,,,75508,,1049404,26713,1049404,26713,,,,,1022265,26379,1155650,0
5/31/20,GA,A,2042,,39,,7946,7946,853,25,1794,,418539,9987,,,,,,46986,46986,700,0,,,,,42748,,,0,467464,30561,88461,,,,,0,467464,30561
5/31/20,GU,C,5,,0,,,,,0,,,5929,0,,,,,,173,166,0,0,1,,,,,144,,0,6102,0,54,,,,,0,6011,0
5/31/20,HI,D,17,,0,,83,83,,0,,,53969,604,,,,,,651,,2,0,,,,,618,606,53379,829,53379,829,,,,,,0,54620,606
5/31/20,IA,A+,534,,3,,,,341,0,,116,136744,5565,,16810,,,70,19552,19552,308,0,,,1861,,,11147,,0,156296,5873,,,18682,,154948,4097,,0
5/31/20,ID,A,82,62,0,20,242,242,29,2,96,3,43858,1237,,,,,,2839,2578,36,0,,,,,,2248,,0,46436,1264,,,,,46436,1264,,0
5/31/20,IL,A,5390,5390,60,,,,3296,0,,941,777999,19811,,,,,550,120260,120260,1343,0,,,,,,,,0,898259,21154,,,,,898259,898259,898259,21154
5/31/20,IN,A+,2134,1967,9,167,5285,5285,1050,0,1248,372,226972,4788,,,,,143,34574,,363,0,,,,,35461,21704,,0,336335,3398,,,,,261546,5151,336335,3398
5/31/20,KS,A,208,,0,,842,842,,0,284,,85230,0,,,,124,,9719,,0,0,,,,,,547,,0,94949,0,,,,,,-94780,,0
5/31/20,KY,A,431,430,13,1,2272,2272,480,6,940,87,204049,5318,,,,,,9704,9537,240,0,,,,,,3232,,0,213586,5552,20556,,,,,0,213586,5552
5/31/20,LA,B,2791,2686,6,105,,,678,0,,,335193,5951,,,,,84,39916,39916,339,0,,,,,,28700,,0,375109,6290,,,,,,0,375109,6290
5/31/20,MA,A,6846,6846,78,,9823,9823,1824,34,,436,495888,9670,,,,,,96965,96965,664,0,,,,,124696,78108,,0,749434,5062,,,,,592853,10334,749434,5062
5/31/20,MD,B,2596,2476,34,120,8738,8738,1183,119,,479,249103,7172,,,,,,52778,52778,763,0,,,,,60534,3764,,0,343136,9412,,,,,301881,7935,343136,9412
5/31/20,ME,B,89,89,0,,283,283,49,11,,18,47284,0,3757,,47284,,10,2325,2067,43,0,218,,,,2710,1552,,0,49609,43,3983,,,,,0,50078,0
5/31/20,MI,A+,5818,5601,16,240,,,774,0,,371,567192,12683,,,567192,,250,63568,58254,247,0,,,,,77327,38099,,0,630760,12930,67783,,,,,0,644519,13152
5/31/20,MN,A,1050,1040,14,10,3047,3047,555,36,971,257,257133,6741,,,,,,26322,26322,141,0,,,,,,18695,283455,6882,283455,6882,,,,,,0,,0
5/31/20,MO,B,772,,1,,,,718,0,,,180414,7946,,23035,168871,,83,13147,12966,185,0,,,943,,14498,,,0,183650,0,,,23978,,193380,7946,183650,0
5/31/20,MP,D,2,,0,,,,,0,,,6151,165,,,,,,22,22,0,0,,,,,,15,,0,6173,165,,,,,,0,6173,165
5/31/20,MS,A,734,,11,,2272,2272,570,32,,113,156336,5633,,,,,108,15501,,272,0,95,,,,,9401,,0,171837,5905,7629,,,,,0,171837,5905
5/31/20,MT,C,17,,0,,67,67,2,0,,,39283,504,,,,,,515,515,10,0,,,,,,456,,0,39798,514,,,,,,0,39798,514
5/31/20,NC,A,886,886,9,,,,649,0,,,387700,11216,,,,,,28589,28589,916,0,,,,,,14954,,0,416289,12132,,,,,,0,416289,12132
5/31/20,ND,C,64,,1,,167,167,36,2,,,69463,1036,2599,,,,,2574,2574,23,0,89,,,,,1959,92659,2032,92659,2032,2688,,,,69719,970,94652,2084
5/31/20,NE,D,170,,0,,,,,0,,,87237,1883,,,103403,,,13905,13905,251,0,,,,,16353,,,0,120146,3497,,,,,101290,2132,120146,3497
5/31/20,NH,B,242,,4,,449,449,107,9,140,,65735,1267,,,,,,4545,4545,53,0,,,,,,2940,,0,79859,2732,13401,,11468,,70280,1320,79859,2732
5/31/20,NJ,A+,13412,11698,67,1714,17197,17197,2497,76,,522,585700,0,,,,,378,160445,160445,837,0,,,,,,26560,,0,746145,837,,,,,,0,745308,0
5/31/20,NM,C,356,,5,,1317,1317,182,0,,,191915,5092,,,,,,7689,7689,65,0,,,,,,2853,,0,199604,5157,,,,,,0,199604,5157
5/31/20,NV,A+,444,,5,,,,336,0,,71,133967,3930,,,,,41,8593,8593,98,0,,,,,,,187248,3875,187248,3875,,,,,142461,4047,165014,4515
5/31/20,NY,A,23905,,57,,89590,89590,3436,190,,1050,1693055,57334,,,,,791,370770,370770,1110,0,,,,,,65934,2063825,58444,2063825,58444,,,,,,0,,0
5/31/20,OH,B,2155,1944,6,211,6049,6049,779,38,1556,310,355395,8482,,,,,213,35513,33073,479,0,,,,,,,,0,390908,8961,,,,,,0,388468,8916
5/31/20,OK,A+,334,,0,,985,985,154,3,,65,186700,0,,,186700,,,6506,6506,88,0,746,,,,7291,5492,,0,193206,88,20278,,,,,0,194496,0
5/31/20,OR,A+,153,,0,,786,786,117,8,,33,124958,2348,,,173457,,17,4243,4135,58,0,,,,,11743,2152,,0,185200,3694,,,,,129093,2400,185200,3694
5/31/20,PA,A,5555,,18,,,,1352,0,,,383111,7370,,,,,296,72546,69916,515,0,620,,,,,48190,,0,455657,7885,,,,,447146,1981,,0
5/31/20,PR,B,136,63,3,73,,,99,0,,9,60422,0,,,59701,,1,1304,1304,4,0,2472,,,,1952,,,0,61726,4,,,,,,0,61702,0
5/31/20,RI,A+,718,,7,,1701,1701,206,19,,46,98790,850,,,143770,,29,14988,14988,76,0,,,,,19922,1252,163648,4123,163648,4123,,,,,113778,926,163692,1873
5/31/20,SC,A,494,494,7,,1634,1634,402,0,,,188355,10230,,,188355,,,11861,11861,467,0,,,,,17892,6459,,0,200216,10697,,,,,,0,206247,6512
5/31/20,SD,B,62,,0,,432,432,86,5,,,39135,1157,,,,,,4993,,33,0,,,,,,3837,,0,44128,1190,,,,,44128,1190,,0
5/31/20,TN,B,364,364,0,,1750,1750,463,18,,,412971,8491,,,,,,23006,23006,440,0,,,,,,15300,,0,435977,8931,,,,,435977,8931,,0
5/31/20,TX,B,1672,,46,,,,1684,0,,,1091831,17698,,,,,,64287,64287,1949,0,4044,12,,,87508,42423,,0,1156118,19647,102928,168,,,,0,1156118,19647
5/31/20,UT,B,113,,1,,775,775,142,12,242,,207179,3645,,,232513,102,,9797,9797,264,0,,,,,11296,6137,,0,243809,4840,,,,,217211,3877,243809,4840
5/31/20,VA,A+,1375,1274,5,101,4643,4643,1458,42,,371,270784,8883,,,,,196,44607,42499,996,0,,,,,53898,5868,353839,9839,353839,9839,,,,,,0,,0
5/31/20,VI,C,6,6,0,,,,,0,,,1633,0,,,,,,69,,0,0,,,,,,61,,0,1702,0,,,,,,0,1721,0
5/31/20,VT,B,55,55,0,,,,18,0,,,32747,1344,,,,,,981,981,4,0,,,,,,873,,0,39281,1520,,,,,33728,1348,39281,1520
5/31/20,WA,B,1118,1118,7,,3480,3480,536,25,,,361004,2822,,,,,67,22711,22711,344,0,,,,,,,383882,2922,383882,2922,,,,,337852,2344,,0
5/31/20,WI,A+,592,592,4,,2583,2583,414,20,585,133,250103,7195,,,,,,20564,18403,182,0,,,,,,11646,342196,11415,342196,11415,,,,,268506,7368,,0
5/31/20,WV,B,75,,0,,,,33,0,,14,95612,1696,,,,,8,2010,1593,36,0,,,,,,1303,,0,97622,1732,5638,,,,,0,97622,1732
5/31/20,WY,C,16,,0,,85,85,13,0,,,23490,305,,,26566,,,903,693,5,0,,,,,859,658,,0,27425,203,,,,,,0,27425,203
5/30/20,AK,A,10,10,0,,50,50,14,0,,,51260,2253,,,,,2,435,,3,0,,,,,,368,,0,51695,2256,,,,,,0,51695,2256
5/30/20,AL,B,618,618,13,,1826,1826,536,26,583,,194842,2782,,,,349,,17359,17359,536,0,,,,,,9355,,0,212201,3318,,,,,212201,3318,,0
5/30/20,AR,A,133,,8,,702,702,104,35,,,119484,6254,,,,123,26,7013,7013,475,0,,,,,,5166,,0,126497,6729,,,,,,0,126497,6729
5/30/20,AS,C,0,,0,,,,,0,,,174,0,,,,,,0,0,0,0,,,,,,,,0,174,0,,,,,,0,174,0
5/30/20,AZ,A+,903,,18,,3334,3334,975,53,,386,197792,6444,,,,,241,19255,,790,0,,,,,,4657,,0,301559,10822,90668,,,,217047,7234,301559,10822
5/30/20,CA,B,4156,,88,,,,4215,0,,1273,1781717,50125,,,,,,106878,106878,2992,0,,,,,,,,0,1888595,53117,,,,,,0,1888595,53117
5/30/20,CO,A,1443,1138,7,305,4333,4333,414,26,,,154529,4401,55644,,,,,26098,23667,485,0,4425,,,,,3919,205488,5703,205488,5703,60069,,,,178196,4896,,0
5/30/20,CT,B,3912,,44,,12538,12538,533,0,,,204913,5282,,,,,,42022,,260,0,,,,,,7127,,0,246935,5542,,,,,,0,246935,5542
5/30/20,DC,A+,462,,2,,,,317,0,,109,36912,1592,,,,,66,8717,,179,0,,,,,,1100,45629,1771,45629,1771,,,,,37881,0,,0
5/30/20,DE,A,466,409,3,57,,,174,0,,,49907,1610,,,,,,9422,,186,0,,,,,11436,5205,72538,2709,72538,2709,,,,,59329,1796,,0
5/30/20,FL,A,2530,2530,35,,10375,10375,,132,,,939544,10802,,,1077549,,,53640,,752,0,,,,,75508,,1022691,14315,1022691,14315,,,,,995886,11726,1155650,51992
5/30/20,GA,A,2003,,29,,7921,7921,850,69,1790,,408552,3951,,,,,,46286,46286,616,0,,,,,40976,,,0,436903,8584,84803,,,,,0,436903,8584
5/30/20,GU,C,5,,0,,,,,0,,,5929,6,,,,,,173,166,1,0,1,,,,,144,,0,6102,7,54,,,,,0,6011,0
5/30/20,HI,D,17,,0,,83,83,,0,,,53365,1188,,,,,,649,,2,0,,,,,616,605,52550,980,52550,980,,,,,,0,54014,1190
5/30/20,IA,A+,531,,9,,,,368,0,,118,131179,2785,,16786,,,69,19244,19244,318,0,,,1861,,,11019,,0,150423,3103,,,18658,,150851,136103,,0
5/30/20,ID,A,82,62,0,20,240,240,30,2,96,,42621,629,,,,,,2803,2551,34,0,,,,,,2225,,0,45172,661,,,,,45172,661,,0
5/30/20,IL,A,5330,5330,60,,,,3336,0,,925,758188,23881,,,,,661,118917,118917,1462,0,,,,,,,,0,877105,25343,,,,,,0,877105,25343
5/30/20,IN,A+,2125,1958,15,167,5285,5285,1149,0,1166,412,222184,7029,,,,,161,34211,,653,0,,,,,35268,,,0,332937,9305,,,,,256395,7682,332937,9305
5/30/20,KS,A,208,,0,,842,842,,0,284,,85230,0,,,,124,,9719,,0,0,,,,,,547,,0,94949,0,,,,,94780,0,,0
5/30/20,KY,A,418,417,9,1,2266,2266,499,86,940,81,198731,-13359,,,,,,9464,9303,280,0,,,,,,3231,,0,208034,-13084,19910,,,,,0,208034,-13084
5/30/20,LA,B,2785,2680,19,105,,,674,0,,,329242,13017,,,,,84,39577,39577,775,0,,,,,,28700,,0,368819,13792,,,,,,0,368819,13792
5/30/20,MA,A,6768,6768,50,,9789,9789,1904,64,,453,486218,9985,,,,,,96301,96301,789,0,,,,,124398,78108,,0,744372,7555,,,,,582519,10774,744372,7555
5/30/20,MD,B,2562,2444,24,118,8619,8619,1239,140,,492,241931,8401,,,,,,52015,52015,1027,0,,,,,59667,3649,,0,333724,10845,,,,,293946,9428,333724,10845
5/30/20,ME,B,89,89,4,,272,272,46,2,,18,47284,3804,3757,,47284,,11,2282,2025,56,0,218,,,,2710,1505,,0,49566,3860,3983,,,,,0,50078,3955
5/30/20,MI,A+,5802,5578,24,240,,,774,0,,371,554509,15641,,,554509,,250,63321,58065,205,0,,,,,76858,38099,,0,617830,15846,67783,,,,,0,631367,16229
5/30/20,MN,A,1036,1026,30,10,3011,3011,589,75,960,263,250392,8268,,,,,,26181,26181,168,0,,,,,,17864,276573,8436,276573,8436,,,,,,0,,0
5/30/20,MO,B,771,,33,,,,679,0,,,172468,7413,,22313,168871,,85,12962,12966,167,0,,,939,,14498,,,0,183650,0,,,23252,,185434,7763,183650,0
5/30/20,MP,D,2,,0,,,,,0,,,5986,324,,,,,,22,22,0,0,,,,,,15,,0,6008,324,,,,,,0,6008,324
5/30/20,MS,A,723,,13,,2240,2240,593,32,,145,150703,-815,,,,,92,15229,,439,0,95,,,,,9401,,0,165932,-376,7536,,,,,0,165932,6959
5/30/20,MT,C,17,,0,,67,67,2,0,,,38779,743,,,,,,505,493,12,0,,,,,,448,,0,39284,755,,,,,,0,39284,755
5/30/20,NC,A,877,877,18,,,,638,0,,,376484,11741,,,,,,27673,27673,1185,0,,,,,,14954,,0,404157,12926,,,,,,0,404157,12926
5/30/20,ND,C,63,,1,,165,165,34,1,,,68427,1494,,,,,,2551,2551,34,0,,,,,,1943,90627,2956,90627,2956,,,,,68749,1413,92568,3042
5/30/20,NE,D,170,,6,,,,,0,,,85354,3812,,,100232,,,13654,13654,393,0,,,,,16029,,,0,116649,5425,,,,,99158,3971,116649,5425
5/30/20,NH,B,238,,6,,440,440,105,2,120,,64468,1992,,,,,,4492,4492,106,0,,,,,,2802,,0,77127,2147,12987,,11169,,68960,2098,77127,2147
5/30/20,NJ,A+,13345,11634,106,1711,17121,17121,2626,161,,672,585700,28133,,,,,499,159608,159608,764,0,,,,,,26301,,0,745308,28897,,,,,,0,745308,28897
5/30/20,NM,C,351,,7,,1317,1317,189,0,,,186823,6055,,,,,,7624,7624,131,0,,,,,,2835,,0,194447,6186,,,,,,0,194447,6186
5/30/20,NV,A+,439,,4,,,,371,0,,92,130037,3971,,,,,42,8495,8495,145,0,,,,,,,183373,7923,183373,7923,,,,,138414,4058,160499,5084
5/30/20,NY,A,23848,,68,,89400,89400,3619,206,,1124,1635721,59875,,,,,857,369660,369660,1376,0,,,,,,65609,2005381,61251,2005381,61251,,,,,,0,,0
5/30/20,OH,B,2149,1938,18,211,6011,6011,806,64,1548,339,346913,11589,,,,,219,35034,32639,468,0,,,,,,,,0,381947,12057,,,,,,0,379552,12026
5/30/20,OK,A+,334,,5,,982,982,154,0,,65,186700,5640,,,186700,,,6418,6418,80,0,746,,,,7291,5435,,0,193118,5720,20278,,,,,0,194496,5831
5/30/20,OR,A+,153,,2,,778,778,131,7,,32,122610,4060,,,169867,,17,4185,4083,54,0,,,,,11639,2137,,0,181506,5163,,,,,126693,4114,181506,5163
5/30/20,PA,A,5537,,73,,,,1352,0,,,375741,8771,,,,,295,72031,69424,692,0,616,,,,,47133,,0,447772,9463,,,,,445165,9430,,0
5/30/20,PR,B,133,62,1,71,,,106,0,,6,60422,0,,,59701,,5,1300,1300,7,0,2418,,,,1952,,,0,61722,7,,,,,,0,61702,0
5/30/20,RI,A+,711,,18,,1682,1682,219,22,,50,97940,1828,,,142043,,32,14912,14912,104,0,,,,,19776,1225,159525,4340,159525,4340,,,,,112852,1932,161819,4169
5/30/20,SC,A,487,487,4,,1634,1634,387,0,,,178125,999,,,178125,,,11394,11394,263,0,,,,,21610,6459,,0,189519,1262,,,,,,0,199735,5688
5/30/20,SD,B,62,,3,,427,427,93,9,,,37978,2162,,,,,,4960,,94,0,,,,,,3805,,0,42938,2256,,,,,42938,2256,,0
5/30/20,TN,B,364,364,4,,1732,1732,516,22,,,404480,4598,,,,,,22566,22566,481,0,,,,,,15193,,0,427046,5079,,,,,427046,5079,,0
5/30/20,TX,B,1626,,0,,,,1752,0,,,1074133,38515,,,,,,62338,62338,1332,0,3882,8,,,86154,40068,,0,1136471,39847,98932,154,,,,0,1136471,39847
5/30/20,UT,B,112,,5,,763,763,139,10,241,,203534,3905,,,227939,102,,9533,9533,269,0,,,,,11030,5995,,0,238969,4973,,,,,213334,4201,238969,4973
5/30/20,VA,A+,1370,1269,12,101,4601,4601,1471,72,,372,261901,6057,,,,,194,43611,41529,1078,0,,,,,53077,5745,344000,11953,344000,11953,,,,,,0,,0
5/30/20,VI,C,6,6,0,,,,,0,,,1633,0,,,,,,69,,0,0,,,,,,61,,0,1702,0,,,,,,0,1721,0
5/30/20,VT,B,55,55,0,,,,17,0,,,31403,1303,,,,,,977,977,2,0,,,,,,865,,0,37761,1495,,,,,32380,1305,37761,1495
5/30/20,WA,B,1111,1111,5,,3455,3455,541,42,,,358182,3939,,,,,88,22367,22367,302,0,,,,,,,380960,4087,380960,4087,,,,,335508,3298,,0
5/30/20,WI,A+,588,588,20,,2563,2563,409,64,577,144,242908,9320,,,,,,20382,18230,539,0,,,,,,11338,330781,12296,330781,12296,,,,,261138,9843,,0
5/30/20,WV,B,75,,1,,,,33,0,,14,93916,2490,,,,,8,1974,1593,23,0,,,,,,1290,,0,95890,2513,5352,,,,,0,95890,2513
5/30/20,WY,C,16,,1,,85,85,13,1,,,23185,807,,,26367,,,898,688,7,0,,,,,855,658,,0,27222,141,,,,,,0,27222,141
5/29/20,AK,A,10,10,0,,50,50,14,1,,,49007,1464,,,,,1,432,,5,0,,,,,,367,,0,49439,1469,,,,,,0,49439,1469
5/29/20,AL,B,605,605,15,,1800,1800,590,35,577,,192060,7889,,,,344,,16823,16823,513,0,,,,,,9355,,0,208883,8402,,,,,208883,8402,,0
5/29/20,AR,A,125,,5,,667,667,104,27,,,113230,866,,,,119,27,6538,6538,0,0,,,,,,4583,,0,119768,1127,,,,,,0,119768,1127
5/29/20,AS,C,0,,0,,,,,0,,,174,0,,,,,,0,0,0,0,,,,,,,,0,174,0,,,,,,0,174,0
5/29/20,AZ,A+,885,,28,,3281,3281,931,58,,378,191348,6197,,,,,238,18465,,702,0,,,,,,4551,,0,290737,9146,87682,,,,209813,6899,290737,9146
5/29/20,CA,B,4068,,95,,,,4414,0,,1328,1731592,42730,,,,,,103886,103886,2189,0,,,,,,,,0,1835478,44919,,,,,,0,1835478,44919
5/29/20,CO,A,1436,1129,15,307,4307,4307,421,53,,,150128,6290,53222,,,,,25613,23172,492,0,4265,,,,,3859,199785,7915,199785,7915,57487,,,,173300,6704,,0
5/29/20,CT,B,3868,,42,,12538,12538,577,0,,,199631,5665,,,,,,41762,,203,0,,,,,,7127,,0,241393,5868,,,,,,0,241393,5868
5/29/20,DC,A+,460,,7,,,,338,0,,114,35320,298,,,,,65,8538,,46,0,,,,,,1089,43858,344,43858,344,,,,,37881,1597,,0
5/29/20,DE,A,463,406,4,57,,,183,0,,,48297,667,,,,,,9236,,65,0,,,,,11255,5103,69829,1052,69829,1052,,,,,57533,732,,0
5/29/20,FL,A,2495,2495,49,,10243,10243,,187,,,928742,30411,,,1028579,,,52888,,1221,0,,,,,72521,,1008376,36737,1008376,36737,,,,,984160,30839,1103658,22146
5/29/20,GA,A,1974,,12,,7852,7852,889,85,1780,,404601,5025,,,,,,45670,45670,600,0,,,,,40509,,,0,428319,9111,81736,,,,,0,428319,9111
5/29/20,GU,C,5,,0,,,,,0,,,5923,133,,,,,,172,165,0,0,1,,,,,144,,0,6095,133,54,,,,,0,6011,117
5/29/20,HI,D,17,,0,,83,83,,0,,,52177,982,,,,,,647,,3,0,,,,,613,604,51570,898,51570,898,,,,,,0,52824,985
5/29/20,IA,A+,522,,18,,,,376,0,,117,128394,4034,,16050,,,78,18926,18926,353,0,,,1846,,,10753,,0,147320,4387,,,17906,,14748,-128611,,0
5/29/20,ID,A,82,62,0,20,238,238,31,4,96,,41992,848,,,,,,2769,2519,38,0,,,,,,2195,,0,44511,882,,,,,44511,882,,0
5/29/20,IL,A,5270,5270,84,,,,3599,0,,980,734307,20174,,,,,593,117455,117455,1622,0,,,,,,,,0,851762,21796,,,,,,0,851762,21796
5/29/20,IN,A+,2110,1946,42,164,5285,5285,1149,0,1166,412,215155,5936,,,,,161,33558,,490,0,,,,,34726,,,0,323632,8880,,,,,248713,6426,323632,8880
5/29/20,KS,A,208,,3,,842,842,,20,284,,85230,10079,,,,124,,9719,,382,0,,,,,,547,,0,94949,10461,,,,,94780,10447,,0
5/29/20,KY,A,409,408,9,1,2180,2180,494,38,937,88,212090,39066,,,,,,9184,9028,107,0,,,,,,3181,,0,221118,39170,19112,,,,,0,221118,39170
5/29/20,LA,B,2766,2661,26,105,,,714,0,,,316225,0,,,,,90,38802,38802,0,0,,,,,,28700,,0,355027,0,,,,,,0,355027,0
5/29/20,MA,A,6718,6718,78,,9725,9725,1991,107,,485,476233,8805,,,,,,95512,95512,617,0,,,,,123935,78108,,0,736817,13476,,,,,571745,9422,736817,13476
5/29/20,MD,B,2538,2421,37,117,8479,8479,1296,87,,507,233530,8381,,,,,,50988,50988,1279,0,,,,,58514,3571,,0,322879,11719,,,,,284518,9660,322879,11719
5/29/20,ME,B,85,85,1,,270,270,53,6,,18,43480,0,3463,,43480,,12,2226,1971,37,0,198,,,,2563,1458,,0,45706,37,3669,,,,,0,46123,0
5/29/20,MI,A+,5778,5562,27,240,,,774,0,,371,538868,16205,,,538868,,250,63116,57904,319,0,,,,,76270,33168,,0,601984,16524,67783,,,,,0,615138,17310
5/29/20,MN,A,1006,996,29,10,2936,2936,592,56,938,259,242124,9929,,,,,,26013,26013,454,0,,,,,,16930,268137,10383,268137,10383,,,,,,0,,0
5/29/20,MO,B,738,,31,,,,650,0,,,165055,6661,,21315,168871,,85,12795,12616,122,0,,,869,,14498,,,0,183650,0,,,22184,,177671,6807,183650,0
5/29/20,MP,D,2,,0,,,,,0,,,5662,261,,,,,,22,22,0,0,,,,,,13,,0,5684,261,,,,,,0,5684,261
5/29/20,MS,A,710,,17,,2208,2208,584,61,,121,151518,9393,,,,,77,14790,,418,0,95,,,,,9401,,0,166308,9811,7335,,,,,0,158973,2476
5/29/20,MT,C,17,,0,,67,67,2,1,,,38036,1728,,,,,,493,493,8,0,,,,,,448,,0,38529,1736,,,,,,0,38529,1736
5/29/20,NC,A,859,859,32,,,,680,0,,,364743,14963,,,,,,26488,26488,1076,0,,,,,,14954,,0,391231,16039,,,,,,0,391231,16039
5/29/20,ND,C,62,,2,,164,164,36,3,,,66933,1160,,,,,,2517,2517,40,0,,,,,,1882,87671,2787,87671,2787,,,,,67336,1166,89526,2886
5/29/20,NE,D,164,,1,,,,,0,,,81542,1538,,,95358,,,13261,13261,285,0,,,,,15483,,,0,111224,2083,,,,,95187,1840,111224,2083
5/29/20,NH,B,232,,9,,438,438,110,12,120,,62476,1166,,,,,,4386,4386,100,0,,,,,,2730,,0,74980,2664,12607,,10553,,66862,1266,74980,2664
5/29/20,NJ,A+,13239,11531,135,1708,16960,16960,2707,182,,720,557567,29525,,,,,544,158844,158844,1029,0,,,,,,26084,,0,716411,30554,,,,,,0,716411,30554
5/29/20,NM,C,344,,9,,1317,1317,193,0,,,180768,4588,,,,,,7493,7493,129,0,,,,,,2728,,0,188261,4717,,,,,,0,188261,4717
5/29/20,NV,A+,435,,10,,,,371,0,,92,126066,3084,,,,,42,8350,8350,142,0,,,,,,,175450,6647,175450,6647,,,,,134356,3153,155415,3477
5/29/20,NY,A,23780,,58,,89194,89194,3781,152,,1164,1575846,65790,,,,,889,368284,368284,1551,0,,,,,,65289,1944130,67341,1944130,67341,,,,,,0,,0
5/29/20,OH,B,2131,1921,33,210,5947,5947,833,136,1533,326,335324,9227,,,,,222,34566,32202,651,0,,,,,,,,0,369890,9878,,,,,,0,367526,9804
5/29/20,OK,A+,329,,3,,982,982,160,7,,68,181060,4924,,,181060,,,6338,6338,68,0,746,,,,7114,5340,,0,187398,4992,20278,,,,,0,188665,5033
5/29/20,OR,A+,151,,0,,771,771,155,3,,36,118550,2989,,,164828,,21,4131,4029,45,0,,,,,11515,1981,,0,176343,4401,,,,,122579,3024,176343,4401
5/29/20,PA,A,5464,,91,,,,1445,0,,,366970,9166,,,,,313,71339,68765,1297,0,604,,,,,46370,,0,438309,10463,,,,,435735,7889,,0
5/29/20,PR,B,132,62,1,70,,,101,0,,12,60422,0,,,59701,,5,1293,1293,13,0,2354,,,,1952,,,0,61715,13,,,,,,0,61702,0
5/29/20,RI,A+,693,,16,,1660,1660,219,21,,47,96112,1537,,,138085,,33,14808,14808,178,0,,,,,19565,1206,155185,3716,155185,3716,,,,,110920,1715,157650,4317
5/29/20,SC,A,483,483,13,,1634,1634,399,16,,,177126,5665,,,177126,,,11131,11131,343,0,,,,,16921,6459,,0,188257,6008,,,,,,0,194047,6259
5/29/20,SD,B,59,,5,,418,418,95,12,,,35816,1583,,,,,,4866,,73,0,,,,,,3744,,0,40682,1656,,,,,40682,1656,,0
5/29/20,TN,B,360,360,4,,1710,1710,507,21,,,399882,5572,,,,,,22085,22085,406,0,,,,,,14965,,0,421967,5978,,,,,421967,5978,,0
5/29/20,TX,B,1626,,25,,,,1701,0,,,1035618,33455,,,,,,61006,61006,1230,0,3782,5,,,83984,40068,,0,1096624,34685,96719,115,,,,0,1096624,34685
5/29/20,UT,B,107,,1,,753,753,135,19,237,,199629,2790,,,223286,102,,9264,9264,343,0,,,,,10710,5813,,0,233996,4076,,,,,209133,3060,233996,4076
5/29/20,VA,A+,1358,1258,20,100,4529,4529,1524,87,,373,255844,9964,,,,,193,42533,40477,1132,0,,,,,51711,5648,332047,12362,332047,12362,,,,,,0,,0
5/29/20,VI,C,6,6,0,,,,,0,,,1633,16,,,,,,69,,0,0,,,,,,61,,0,1702,16,,,,,,0,1721,13
5/29/20,VT,B,55,55,0,,,,14,0,,,30100,808,,,,,,975,975,1,0,,,,,,859,,0,36266,934,,,,,31075,809,36266,934
5/29/20,WA,B,1106,1106,11,,3413,3413,547,19,,,354243,6495,,,,,85,22065,22065,351,0,,,,,,,376873,6840,376873,6840,,,,,332210,5392,,0
5/29/20,WI,A+,568,568,18,,2499,2499,423,47,567,144,233588,12869,,,,,,19843,17707,766,0,,,,,,10880,318485,12077,318485,12077,,,,,251295,13602,,0
5/29/20,WV,B,74,,0,,,,33,0,,14,91426,3017,,,,,8,1951,1593,45,0,,,,,,1241,,0,93377,3062,4998,,,,,0,93377,3062
5/29/20,WY,C,15,,0,,84,84,13,2,,,22378,92,,,26227,,,891,682,15,0,,,,,854,634,,0,27081,696,,,,,,0,27081,696
5/28/20,AK,B,10,10,0,,49,49,10,0,,,47543,1594,,,,,,427,,13,0,,,,,,366,,0,47970,1607,,,,,,0,47970,1607
5/28/20,AL,B,590,590,9,,1765,1765,527,46,566,,184171,4220,,,,338,,16310,16310,467,0,,,,,,9355,,0,200481,4687,,,,,200481,4687,,0
5/28/20,AR,A,120,,0,,640,640,104,13,,,112364,3045,,,,118,27,6538,6538,261,0,,,,,,4583,,0,118641,3142,,,,,,0,118641,3142
5/28/20,AS,C,0,,0,,,,,0,,,174,0,,,,,,0,0,0,0,,,,,,,,0,174,0,,,,,,0,174,0
5/28/20,AZ,A+,857,,26,,3223,3223,945,51,,374,185151,6147,,,,,222,17763,,501,0,,,,,,4452,,0,281591,8255,84691,,,,202914,6648,281591,8255
5/28/20,CA,B,3973,,89,,,,4529,0,,1325,1688862,50948,,,,,,101697,101697,2717,0,,,,,,,,0,1790559,53665,,,,,,0,1790559,53665
5/28/20,CO,A,1421,1115,29,306,4254,4254,464,58,,,143838,5482,50551,,,,,25121,22758,354,0,4101,,,,,3838,191870,7178,191870,7178,54652,,,,166596,5800,,0
5/28/20,CT,B,3826,,23,,12538,12538,648,0,,,193966,6385,,,,,,41559,,271,0,,,,,,7127,,0,235525,6656,,,,,,0,235525,5756
5/28/20,DC,A+,453,,8,,,,343,0,,108,35022,731,,,,,65,8492,,86,0,,,,,,1082,43514,817,43514,817,,,,,36284,602,,0
5/28/20,DE,A,459,402,6,57,,,192,0,,,47630,1305,,,,,,9171,,75,0,,,,,11121,5010,68777,794,68777,794,,,,,56801,1380,,0
5/28/20,FL,A,2446,2446,46,,10056,10056,,157,,,898331,17394,,,1007406,,,51667,,614,0,,,,,71569,,971639,19497,971639,19497,,,,,953321,18050,1081512,0
5/28/20,GA,A,1962,,55,,7767,7767,903,101,1761,,399576,3241,,,,,,45070,45070,649,0,,,,,39989,,,0,419208,7450,78173,,,,,0,419208,7450
5/28/20,GU,C,5,,0,,,,,0,,,5790,275,,,,,,172,164,2,0,1,,,,,143,,0,5962,277,54,,,,,0,5894,145
5/28/20,HI,D,17,,0,,83,83,,0,,,51195,636,,,,,,644,,1,0,,,,,611,600,50672,610,50672,610,,,,,,0,51839,637
5/28/20,IA,A+,504,,13,,,,383,0,,112,124360,3194,,14324,,,67,18573,18573,213,0,,,1805,,,10359,,0,142933,3407,,,16138,,143359,3413,,0
5/28/20,ID,A,82,62,1,20,234,234,30,3,95,,41144,826,,,,,,2731,2485,32,0,,,,,,2185,,0,43629,853,,,,,43629,853,,0
5/28/20,IL,A,5186,5186,103,,,,3649,0,,1009,714133,24466,,,,,576,115833,115833,1527,0,,,,,,,,0,829966,25993,,,,,,0,829966,25993
5/28/20,IN,A+,2068,1907,38,161,5285,5285,1131,0,1166,411,209219,6323,,,,,178,33068,,631,0,,,,,34150,,,0,314752,7944,,,,,242287,6954,314752,7944
5/28/20,KS,A,205,,0,,822,822,,0,275,,75151,0,,,,122,,9337,,0,0,,,,,,534,,0,84488,0,,,,,84333,0,,0
5/28/20,KY,A,400,399,0,1,2142,2142,512,6,899,82,173024,0,,,,,,9077,8924,0,0,,,,,,3124,,0,181948,0,18814,,,,,0,181948,0
5/28/20,LA,B,2740,2635,18,105,,,761,0,,,316225,7075,,,,,100,38802,38802,305,0,,,,,,28700,,0,355027,7380,,,,,,0,355027,7380
5/28/20,MA,A,6640,6640,93,,9618,9618,2112,126,,529,467428,9504,,,,,,94895,94895,675,0,,,,,122913,78108,,0,723341,12813,,,,,562323,16842,723341,12813
5/28/20,MD,B,2501,2386,43,115,8392,8392,1334,111,,511,225149,11517,,,,,,49709,49709,1286,0,,,,,57193,3468,,0,311160,16354,,,,,274858,12803,311160,16354
5/28/20,ME,B,84,84,3,,264,264,58,4,,22,43480,0,3463,,43480,,14,2189,1951,52,0,198,,,,2563,1402,,0,45669,52,3669,,,,,0,46123,0
5/28/20,MI,A+,5751,5538,24,240,,,860,0,,405,522663,17054,,,522663,,251,62797,57695,336,0,,,,,75165,33168,,0,585460,17390,67783,,,,,0,597828,18146
5/28/20,MN,A,977,967,35,10,2880,2880,606,84,924,242,232195,9374,,,,,,25559,25559,571,0,,,,,,16655,257754,9945,257754,9945,,,,,,0,,0
5/28/20,MO,B,707,,11,,,,648,0,,,158394,5365,,21094,168871,,88,12673,12470,181,0,,,833,,14498,,,0,183650,0,,,21957,,170864,5560,183650,0
5/28/20,MP,D,2,,0,,,,,0,,,5401,223,,,,,,22,22,0,0,,,,,,13,,0,5423,223,,,,,,0,5423,223
5/28/20,MS,A,693,,23,,2147,2147,594,41,,148,142125,8037,,,,,78,14372,,328,0,95,,,,,9401,,0,156497,8365,7033,,,,,0,156497,8678
5/28/20,MT,C,17,,0,,66,66,1,0,,,36308,1146,,,,,,485,485,4,0,,,,,,445,,0,36793,1150,,,,,,0,36793,1150
5/28/20,NC,A,827,827,33,,,,708,0,,,349780,10252,,,,,,25412,25412,784,0,,,,,,14954,,0,375192,11036,,,,,,0,375192,11036
5/28/20,ND,C,60,,1,,161,161,35,0,,,65773,872,,,,,,2477,2477,41,0,,,,,,1793,84884,1890,84884,1890,,,,,66170,813,86640,1973
5/28/20,NE,D,163,,10,,,,,0,,,80004,2202,,,93625,,,12976,12976,357,0,,,,,15135,,,0,109141,3365,,,,,93347,2599,109141,3365
5/28/20,NH,B,223,,9,,426,426,105,5,120,,61310,1309,,,,,,4286,4286,55,0,,,,,,2691,,0,72316,1802,12235,,10262,,65596,1364,72316,1802
5/28/20,NJ,A+,13104,11401,67,1703,16778,16778,2797,181,,740,528042,24345,,,,,564,157815,157815,1187,0,,,,,,25804,,0,685857,25532,,,,,,0,685857,25532
5/28/20,NM,C,335,,6,,1317,1317,196,35,,,176180,3889,,,,,,7364,7364,112,0,,,,,,2684,,0,183544,4001,,,,,,0,183544,4001
5/28/20,NV,A+,425,,9,,,,439,0,,123,122982,2536,,,,,55,8208,8208,95,0,,,,,,,168803,8213,168803,8213,,,,,131203,2521,151938,3413
5/28/20,NY,A,23722,,79,,89042,89042,4010,176,,1219,1510056,63477,,,,,931,366733,366733,1768,0,,,,,,64954,1876789,65245,1876789,65245,,,,,,0,,0
5/28/20,OH,B,2098,1888,54,210,5811,5811,812,111,1516,285,326097,9811,,,,,190,33915,31625,476,0,,,,,,,,0,360012,10287,,,,,,0,357722,10245
5/28/20,OK,A+,326,,4,,975,975,181,34,,80,176136,3727,,,176136,,,6270,6270,41,0,628,,,,7006,5236,,0,182406,3768,17160,,,,,0,183632,3790
5/28/20,OR,A+,151,,3,,768,768,149,9,,32,115561,2607,,,160519,,17,4086,3994,48,0,,,,,11423,1981,,0,171942,4654,,,,,119555,2654,171942,4654
5/28/20,PA,A,5373,,108,,,,1476,0,,,357804,7814,,,,,321,70042,68104,625,0,576,,,,,44826,,0,427846,8439,,,,,427846,10341,,0
5/28/20,PR,B,131,61,2,70,,,120,0,,12,60422,19934,,,59701,,5,1280,1280,20,0,2206,,,,1952,,,0,61702,19954,,,,,,0,61702,20001
5/28/20,RI,A+,677,,22,,1639,1639,222,15,,53,94575,1071,,,134183,,36,14630,14630,132,0,,,,,19150,1186,151469,2341,151469,2341,,,,,109205,1203,153333,3618
5/28/20,SC,A,470,470,4,,1618,1618,397,0,,,171461,6401,,,171461,,,10788,10788,165,0,,,,,16327,6102,,0,182249,6566,,,,,,0,187788,6634
5/28/20,SD,B,54,,0,,406,406,105,15,,,34233,937,,,,,,4793,,83,0,,,,,,3698,,0,39026,1020,,,,,39026,1020,,0
5/28/20,TN,B,356,356,3,,1689,1689,545,42,,,394310,5986,,,,,,21679,21679,373,0,,,,,,14632,,0,415989,6359,,,,,415989,6359,,0
5/28/20,TX,B,1601,,39,,,,1692,0,,,1002163,37131,,,,,,59776,59776,1855,0,3445,5,,,81893,38905,,0,1061939,38986,88643,89,,,,0,1061939,38986
5/28/20,UT,B,106,,1,,734,734,169,18,231,,196839,3143,,,219524,98,,8921,8921,215,0,,,,,10396,5623,,0,229920,4520,,,,,206073,3427,229920,4520
5/28/20,VA,A+,1338,1236,57,102,4442,4442,1502,57,,416,245880,9082,,,,,195,41401,39393,1152,0,,,,,50205,5472,319685,11757,319685,11757,,,,,,0,,0
5/28/20,VI,C,6,6,0,,,,,0,,,1617,175,,,,,,69,,0,0,,,,,,61,,0,1686,175,,,,,,0,1708,169
5/28/20,VT,B,55,55,1,,,,17,0,,,29292,718,,,,,,974,974,4,0,,,,,,855,,0,35332,921,,,,,30266,722,35332,921
5/28/20,WA,B,1095,1095,17,,3394,3394,524,56,,,347748,6522,,,,,94,21714,21714,400,0,,,,,,,370033,6822,370033,6822,,,,,326818,5232,,0
5/28/20,WI,A+,550,550,11,,2452,2452,408,41,556,138,220719,10114,,,,,,19077,16974,564,0,,,,,,10384,306408,12594,306408,12594,,,,,237693,10626,,0
5/28/20,WV,B,74,,0,,,,35,0,,13,88409,1815,,,,,6,1906,1593,39,0,,,,,,1211,,0,90315,1854,4628,,,,,0,90315,1854
5/28/20,WY,C,15,,2,,82,82,15,0,,,22286,1634,,,25544,,,876,667,16,0,,,,,841,624,,0,26385,1869,,,,,,0,26385,1869
5/27/20,AK,C,10,10,0,,49,49,14,0,,,45949,1398,,,,,,414,,1,0,,,,,,364,,0,46363,1399,,,,,,0,46363,1399
5/27/20,AL,B,581,581,6,,1719,1719,607,48,560,,179951,1588,,,,334,,15843,15843,447,0,,,,,,7951,,0,195794,2035,,,,,195794,2035,,0
5/27/20,AR,A,120,,1,,627,627,108,10,,,109319,3726,,,,116,22,6277,6277,97,0,,,,,,4424,,0,115499,3877,,,,,,0,115499,3877
5/27/20,AS,C,0,,0,,,,,0,,,174,50,,,,,,0,0,0,0,,,,,,,,0,174,50,,,,,,0,174,50
5/27/20,AZ,A+,831,,24,,3172,3172,911,50,,375,179004,5056,,,,,237,17262,,479,0,,,,,,4361,,0,273336,9151,83284,,,,196266,5535,273336,9151
5/27/20,CA,B,3884,,70,,,,4544,0,,1407,1637914,38251,,,,,,98980,98980,2247,0,,,,,,,,0,1736894,40498,,,,,,0,1736894,40498
5/27/20,CO,A,1392,1096,40,296,4196,4196,464,36,,,138356,3501,48670,,,,,24767,22440,202,0,3990,,,,,3783,184692,4440,184692,4440,52660,,,,160796,3760,,0
5/27/20,CT,B,3803,,34,,12538,12538,684,0,,,187581,3522,,,,,,41288,,-15,0,,,,,,7127,,0,228869,3507,,,,,,0,229769,4407
5/27/20,DC,A+,445,,5,,,,349,0,,113,34291,570,,,,,76,8406,,72,0,,,,,,1082,42697,642,42697,642,,,,,35682,420,,0
5/27/20,DE,A,453,397,9,56,,,196,0,,,46325,477,,,,,,9096,,30,0,,,,,11041,4909,67983,1744,67983,1744,,,,,55421,507,,0
5/27/20,FL,A,2400,2400,62,,9899,9899,,159,,,880937,9968,,,1007406,,,51053,,475,0,,,,,71569,,952142,13972,952142,13972,,,,,935271,10351,1081512,12833
5/27/20,GA,A,1907,,36,,7666,7666,907,119,1735,,396335,-74880,,,,,,44421,44421,691,0,,,,,39537,,,0,411758,7524,77835,,,,,0,411758,7524
5/27/20,GU,C,5,,0,,,,1,0,,,5515,0,,,,,,170,163,1,0,1,,,,,143,,0,5685,1,54,,,,,0,5749,5749
5/27/20,HI,D,17,,0,,83,83,,-1,,,50559,831,,,,,,643,,0,0,,,,,610,593,50062,454,50062,454,,,,,,0,51202,831
5/27/20,IA,A+,491,,13,,,,393,0,,109,121166,3865,,14071,,,66,18360,18360,657,0,,,1795,,,10016,,0,139526,4522,,,15875,,139946,4639,,0
5/27/20,ID,A,81,61,2,20,231,231,24,6,95,,40318,1538,,,,,,2699,2458,73,0,,,,,,2100,,0,42776,1609,,,,,42776,1609,,0
5/27/20,IL,A,5083,5083,160,,,,3826,0,,1031,689667,16068,,,,,592,114306,114306,1111,0,,,,,,,,0,803973,17179,,,,,,0,803973,17179
5/27/20,IN,A+,2030,1871,26,159,5285,5285,1122,0,1166,400,202896,4225,,,,,182,32437,,359,0,,,,,33609,,,0,306808,9869,,,,,235333,4584,306808,9869
5/27/20,KS,A,205,,17,,822,822,,22,275,,75151,2970,,,,122,,9337,,119,0,,,,,,534,,0,84488,3089,,,,,84333,3088,,0
5/27/20,KY,A,400,399,9,1,2136,2136,489,5,897,78,173024,11739,,,,,,9077,8924,506,0,,,,,,3124,,0,181948,12212,18814,,,,,0,181948,12212
5/27/20,LA,B,2722,2617,21,105,,,798,0,,,309150,6178,,,,,100,38497,38497,443,0,,,,,,28700,,0,347647,6621,,,,,,0,347647,6621
5/27/20,MA,A,6547,6473,74,,9492,9492,2106,104,,556,457924,6136,,,,,,94220,93693,527,0,,,,,121749,,,0,710528,13943,,,,,545481,0,710528,13943
5/27/20,MD,B,2458,2343,41,115,8281,8281,1338,102,,520,213632,6832,,,,,,48423,48423,736,0,,,,,55245,3401,,0,294806,10556,,,,,262055,7568,294806,10556
5/27/20,ME,B,81,81,2,,260,260,59,2,,25,43480,8030,3463,,43480,,14,2137,1914,28,0,198,,,,2563,1357,,0,45617,8058,3669,,,,,-28357,46123,8398
5/27/20,MI,A+,5727,5511,24,240,,,882,0,,388,505609,17703,,,505609,,272,62461,57477,386,0,,,,,74073,33168,,0,568070,18089,67783,,,,,0,579682,18587
5/27/20,MN,A,942,932,34,10,2796,2796,598,87,902,260,222821,8847,,,,,,24988,24988,680,0,,,,,,16314,247809,9527,247809,9527,,,,,,0,,0
5/27/20,MO,B,696,,10,,,,644,0,,,153029,5022,,19123,168871,,84,12492,12275,201,0,,,813,,14498,,,0,183650,0,,,19936,,165304,5191,183650,0
5/27/20,MP,D,2,,0,,,,,0,,,5178,260,,,,,,22,22,0,0,,,,,,13,,0,5200,260,,,,,,0,5200,260
5/27/20,MS,A,670,,18,,2106,2106,547,36,,127,134088,0,,,,,73,14044,,313,0,95,,,,,9401,,0,148132,313,6805,,,,,0,147819,0
5/27/20,MT,C,17,,0,,66,66,2,1,,,35162,1807,,,,,,481,481,2,0,,,,,,444,,0,35643,1809,,,,,,0,35643,1809
5/27/20,NC,A,794,794,28,,,,702,0,,,339528,11337,,,,,,24628,24628,488,0,,,,,,14954,,0,364156,11825,,,,,,0,364156,11825
5/27/20,ND,C,59,,5,,161,161,40,5,,,64901,469,,,,,,2436,2436,17,0,,,,,,1762,82994,1000,82994,1000,,,,,65357,482,84667,1046
5/27/20,NE,D,153,,3,,,,,0,,,77802,2115,,,90718,,,12619,12619,264,0,,,,,14709,,,0,105776,1976,,,,,90748,2398,105776,1976
5/27/20,NH,B,214,,4,,421,421,91,1,120,,60001,1159,,,,,,4231,4231,34,0,,,,,,2550,,0,70514,2433,11776,,10031,,64232,1193,70514,2433
5/27/20,NJ,A+,13037,11339,151,1698,16597,16597,2761,224,,768,503697,23569,,,,,583,156628,156628,864,0,,,,,,25552,,0,660325,24433,,,,,,0,660325,24433
5/27/20,NM,C,329,,4,,1282,1282,210,0,,,172291,-1225,,,,,,7252,7252,122,0,,,,,,2638,,0,179543,-1103,,,,,,0,179543,-1103
5/27/20,NV,A+,416,,4,,,,435,0,,108,120446,5076,,,,,48,8113,8113,116,0,,,,,,,160590,6450,160590,6450,,,,,128682,5363,148525,5692
5/27/20,NY,A,23643,,79,,88866,88866,4208,180,,1261,1446579,36287,,,,,988,364965,364965,1129,0,,,,,,64632,1811544,37416,1811544,37416,,,,,,0,,0
5/27/20,OH,B,2044,1842,42,202,5700,5700,885,121,1492,313,316286,9892,,,,,217,33439,31191,433,0,,,,,,,,0,349725,10325,,,,,,0,347477,10256
5/27/20,OK,A+,322,,4,,941,941,156,0,,74,172409,18605,,,172409,,,6229,6229,92,0,628,,,,6948,5135,,0,178638,18697,17160,,,,,0,179842,18939
5/27/20,OR,A+,148,,0,,759,759,146,7,,35,112954,1383,,,156627,,16,4038,3947,71,0,,,,,10661,1795,,0,167288,3647,,,,,116901,1451,167288,3647
5/27/20,PA,A,5265,,113,,,,1493,0,,,349990,10155,,,,,351,69417,67515,780,0,576,,,,,43038,,0,419407,10935,,,,,417505,10891,,0
5/27/20,PR,B,129,61,0,68,,,105,0,,8,40488,0,,,40095,,4,1260,1260,19,0,2137,,,,1572,,,0,41748,19,,,,,,0,41701,0
5/27/20,RI,A+,655,,21,,1624,1624,218,11,,49,93504,1104,,,130902,,35,14498,14498,133,0,,,,,18813,1175,149128,2904,149128,2904,,,,,108002,1237,149715,2327
5/27/20,SC,A,466,466,20,,1618,1618,398,0,,,165060,2742,,,165060,,,10623,10623,207,0,,,,,16094,6102,,0,175683,2949,,,,,,0,181154,3035
5/27/20,SD,B,54,,4,,391,391,101,13,,,33296,911,,,,,,4710,,57,0,,,,,,3619,,0,38006,968,,,,,38006,968,,0
5/27/20,TN,B,353,353,10,,1647,1647,501,38,,,388324,5785,,,,,,21306,21306,341,0,,,,,,13916,,0,409630,6126,,,,,409630,6126,,0
5/27/20,TX,B,1562,,26,,,,1645,0,,,965032,39686,,,,,,57921,57921,1361,0,3406,3,,,79538,37626,,0,1022953,41047,87565,62,,,,0,1022953,41047
5/27/20,UT,B,105,,4,,716,716,127,20,223,,193696,2522,,,215319,94,,8706,8706,86,0,,,,,10081,5499,,0,225400,3349,,,,,202646,2732,225400,3349
5/27/20,VA,A+,1281,1202,45,79,4385,4385,1459,60,,390,236798,8959,,,,,203,40249,38276,907,0,,,,,48969,5367,307928,11501,307928,11501,,,,,,0,,0
5/27/20,VI,C,6,6,0,,,,,0,,,1442,17,,,,,,69,,0,0,,,,,,61,,0,1511,17,,,,,,0,1539,27
5/27/20,VT,B,54,54,0,,,,21,0,,,28574,155,,,,,,970,970,2,0,,,,,,849,,0,34411,236,,,,,29544,157,34411,236
5/27/20,WA,B,1078,1078,8,,3338,3338,521,48,,,341226,6958,,,,,53,21314,21314,149,0,,,,,,,363211,7309,363211,7309,,,,,321586,5743,,0
5/27/20,WI,A+,539,539,22,,2411,2411,413,49,550,139,210605,9731,,,,,,18513,16462,646,0,,,,,,9846,293814,13635,293814,13635,,,,,227067,10330,,0
5/27/20,WV,B,74,,0,,,,36,0,,13,86594,637,,,,,6,1867,1593,13,0,,,,,,1191,,0,88461,650,4284,,,,,0,88461,650
5/27/20,WY,C,13,,0,,82,82,12,0,,,20652,0,,,23689,,,860,653,10,0,,,,,827,607,,0,24516,975,,,,,,0,24516,975
5/26/20,AK,C,10,10,0,,49,49,12,0,,,44551,490,,,,,,413,,2,0,,,,,,362,,0,44964,492,,,,,,0,44964,492
5/26/20,AL,B,575,575,13,,1671,1671,569,42,551,,178363,2778,,,,327,,15396,15396,666,0,,,,,,7951,,0,193759,3444,,,,,193759,3444,,0
5/26/20,AR,A,119,,2,,617,617,107,12,,,105593,0,,,,114,18,6180,6180,151,0,,,,,,4332,,0,111622,0,,,,,,0,111622,0
5/26/20,AS,C,0,,0,,,,,0,,,124,0,,,,,,0,0,0,0,,,,,,,,0,124,0,,,,,,0,124,0
5/26/20,AZ,A+,807,,1,,3122,3122,818,45,,336,173948,2727,,,,,208,16783,,222,0,,,,,,4297,,0,264185,3181,82338,,,,190731,2949,264185,3181
5/26/20,CA,B,3814,,19,,,,4404,0,,1392,1599663,50119,,,,,,96733,96733,2175,0,,,,,,,,0,1696396,52294,,,,,,0,1696396,52294
5/26/20,CO,A,1352,1075,19,275,4160,4160,484,32,,,134855,3113,47419,,,,,24565,22208,296,0,3913,,,,,3741,180252,4175,180252,4175,51332,,,,157036,3353,,0
5/26/20,CT,B,3769,,27,,12538,12538,694,0,,,184059,3206,,,,,,41303,,430,0,,,,,,7127,,0,225362,3636,,,,,,0,225362,3636
5/26/20,DC,A+,440,,0,,,,353,0,,113,33721,1143,,,,,76,8334,,109,0,,,,,,1080,42055,1252,42055,1252,,,,,35262,1068,,0
5/26/20,DE,B,444,389,8,55,,,201,0,,,45848,917,,,,,,9066,,101,0,,,,,10914,4802,66239,1014,66239,1014,,,,,54914,1018,,0
5/26/20,FL,A,2338,2338,7,,9740,9740,,59,,,870969,14480,,,995118,,,50578,,503,0,,,,,71039,,938170,18066,938170,18066,,,,,924920,14992,1068679,18432
5/26/20,GA,A,1871,,41,,7547,7547,854,72,1703,,471215,1014,,,,,,43730,43344,386,0,,,,,39250,,,0,404234,3672,,,,,,0,404234,3672
5/26/20,GU,C,5,,0,,,,,0,,,5515,112,,,,,,169,161,3,0,,,,,,139,,0,5684,115,,,,,,0,,0
5/26/20,HI,C,17,,0,,84,84,,0,,,49728,0,,,,,,643,,0,0,,,,,610,592,49608,445,49608,445,,,,,,0,50371,0
5/26/20,IA,A+,478,,19,,,,379,0,,115,117301,2163,,13806,,,65,17703,17703,126,0,,,1787,,,9791,,0,135004,2289,,,15597,,135307,2261,,0
5/26/20,ID,A,79,59,0,20,225,225,19,0,94,,38780,0,,,,,,2626,2387,0,0,,,,,,1755,,0,41167,0,,,,,41167,0,,0
5/26/20,IL,A,4923,4923,39,,,,3788,0,,1035,673599,16052,,,,,590,113195,113195,1178,0,,,,,,,,0,786794,17230,,,,,,0,786794,17230
5/26/20,IN,A+,2004,1850,28,154,5285,5285,1088,0,1166,365,198671,4135,,,,,163,32078,,363,0,,,,,32841,,,0,296939,2258,,,,,230749,4498,296939,2258
5/26/20,KS,A+,188,,0,,800,800,,0,271,,72181,0,,,,120,,9218,,0,0,,,,,,493,,0,81399,0,,,,,81245,0,,0
5/26/20,KY,A,391,390,0,1,2131,2131,484,0,897,89,161285,0,,,,,,8571,8451,0,0,,,,,,3102,,0,169736,0,,,,,,0,169736,0
5/26/20,LA,B,2701,2596,11,105,,,831,0,,,302972,9883,,,,,103,38054,38054,245,0,,,,,,28700,,0,341026,10128,,,,,,0,341026,10128
5/26/20,MA,A,6473,6473,57,,9388,9388,2108,49,,560,451788,4498,,,,,,93693,93693,422,0,,,,,120525,,,0,696585,15436,,,,,545481,4920,696585,15436
5/26/20,MD,B,2417,2302,38,115,8179,8179,1315,87,,520,206800,4375,,,,,,47687,47687,535,0,,,,,53775,3334,,0,284250,6126,,,,,254487,4910,284250,6126
5/26/20,ME,B,79,79,1,,258,258,60,1,,26,35450,0,2704,,35450,,13,2109,1894,35,0,177,,,,2201,1318,,0,37559,35,2884,,,,28357,0,37725,0
5/26/20,MI,A+,5703,5487,25,240,,,953,0,,449,487906,11581,,,487906,,319,62075,57205,443,0,,,,,73189,33168,,0,549981,12024,67783,,,,,0,561095,11988
5/26/20,MN,A,908,899,18,9,2709,2709,570,33,886,258,213974,6158,,,,,,24308,24308,784,0,,,,,,15523,238282,6942,238282,6942,,,,,,0,,0
5/26/20,MO,B,686,,1,,,,500,0,,,148007,2789,,19050,168871,,82,12291,12106,124,0,,,780,,14498,,,0,183650,3530,,,19830,,160113,2982,183650,3530
5/26/20,MP,D,2,,0,,,,,0,,,4918,183,,,,,,22,22,0,0,,,,,,13,,0,4940,183,,,,,,0,4940,183
5/26/20,MS,A,652,,17,,2070,2070,561,24,,134,134088,3629,,,,,81,13731,,273,0,95,,,,,9401,,0,147819,3902,6805,,,,,0,147819,3902
5/26/20,MT,C,17,,1,,65,65,2,0,,,33355,152,,,,,,479,479,0,0,,,,,,441,,0,33834,152,,,,,,0,33834,152
5/26/20,NC,A,766,766,12,,,,621,0,,,328191,7465,,,,,,24140,24140,176,0,,,,,,14954,,0,352331,7641,,,,,,0,352331,7641
5/26/20,ND,C,54,,0,,156,156,40,2,,,64432,539,,,,,,2419,2419,43,0,,,,,,1701,81994,920,81994,920,,,,,64875,557,83621,988
5/26/20,NE,D,150,,0,,,,,0,,,75687,2089,,,88998,,,12355,12355,221,0,,,,,14457,,,0,103800,2714,,,,,88350,2323,103800,2714
5/26/20,NH,B,210,,1,,420,420,91,1,120,,58842,1605,,,,,,4197,4197,48,0,,,,,,2434,,0,68081,2104,11507,,9790,,63039,1653,68081,2104
5/26/20,NJ,A+,12886,11191,52,1695,16373,16373,2723,16373,,786,480128,11423,,,,,578,155764,155764,672,0,,,,,,25384,,0,635892,12095,,,,,,0,635892,12095
5/26/20,NM,C,325,,5,,1282,1282,211,18,,,173516,3181,,,,,,7130,7130,104,0,,,,,,2564,,0,180646,3285,,,,,,0,180646,3285
5/26/20,NV,A+,412,,2,,,,390,0,,91,115370,8518,,,,,46,7997,7997,118,0,,,,,,,154140,1799,154140,1799,,,,,123319,8615,142833,9325
5/26/20,NY,A,23564,,76,,88686,88686,4265,132,,1273,1410292,33607,,,,,1002,363836,363836,1072,0,,,,,,64443,1774128,34679,1774128,34679,,,,,,0,,0
5/26/20,OH,B,2002,1803,15,199,5579,5579,937,68,1450,351,306394,8537,,,,,232,33006,30827,529,0,,,,,,,,0,339400,9066,,,,,,0,337221,6887
5/26/20,OK,A+,318,,5,,941,941,174,3,,78,153804,-1139,,,153804,,,6137,6137,47,0,628,,,,6696,4823,,0,159941,-1092,17160,,,,,0,160903,0
5/26/20,OR,A+,148,,0,,752,752,149,5,,40,111571,1662,,,153100,,17,3967,3879,18,0,,,,,10541,1795,,0,163641,2932,,,,,115450,1680,163641,2932
5/26/20,PA,A,5152,,13,,,,1493,0,,,339835,4907,,,,,334,68637,66779,451,0,551,,,,,41868,,0,408472,5358,,,,,406614,3500,,0
5/26/20,PR,B,129,61,0,68,,,104,0,,14,40488,0,,,40095,,4,1241,1241,1,0,2083,,,,1572,,,0,41729,1,,,,,,0,41701,0
5/26/20,RI,A+,634,,26,,1613,1613,226,33,,50,92400,1726,,,128847,,36,14365,14365,154,0,,,,,18541,1158,146224,1519,146224,1519,,,,,106765,1880,147388,2818
5/26/20,SC,A+,446,446,6,,1618,1618,433,84,,,162318,6476,,,162318,,,10416,10416,238,0,,,,,15801,6102,,0,172734,6714,,,,,,0,178119,7085
5/26/20,SD,C,50,,0,,378,378,106,8,,,32385,1688,,,,,,4653,,67,0,,,,,,3528,,0,37038,1755,,,,,37038,1755,,0
5/26/20,TN,B,343,343,5,,1609,1609,582,15,,,382539,6927,,,,,,20965,20965,358,0,,,,,,13344,,0,403504,7285,,,,,403504,7285,,0
5/26/20,TX,B,1536,,9,,,,1534,0,,,925346,15504,,,,,,56560,56560,589,0,3294,1,,,76789,36375,,0,981906,16093,84841,29,,,,0,981906,16093
5/26/20,UT,B,101,,3,,696,696,134,4,217,,191174,1696,,,212210,89,,8620,8620,99,0,,,,,9841,5346,,0,222051,2276,,,,,199914,1830,222051,2276
5/26/20,VA,A+,1236,1175,28,61,4325,4325,1403,56,,366,227839,6816,,,,,190,39342,37440,1615,0,,,,,47645,5227,296427,5226,296427,5226,,,,,,0,,0
5/26/20,VI,C,6,6,0,,,,,0,,,1425,82,,,,,,69,,0,0,,,,,,61,,0,1494,82,,,,,,0,1512,55
5/26/20,VT,B,54,54,0,,,,25,0,,,28419,563,,,,,,968,968,5,0,,,,,,848,,0,34175,672,,,,,29387,568,34175,672
5/26/20,WA,B,1070,1070,9,,3290,3290,509,3,,,334268,8372,,,,,51,21165,21165,102,0,,,,,,,355902,8770,355902,8770,,,,,315843,6895,,0
5/26/20,WI,A+,517,517,3,,2362,2362,422,23,544,135,200874,7495,,,,,,17867,15863,296,0,,,,,,9405,280179,9984,280179,9984,,,,,216737,7774,,0
5/26/20,WV,B,74,,2,,,,35,0,,9,85957,1406,,,,,7,1854,1593,80,0,,,,,,1180,,0,87811,1486,4205,,,,,0,87811,1486
5/26/20,WY,C,13,,1,,82,82,14,3,,,20652,1101,,,22730,,,850,648,7,0,,,,,811,607,,0,23541,841,,,,,,0,23541,841
5/25/20,AK,C,10,10,0,,49,49,10,0,,,44061,964,,,,,,411,,1,0,,,,,,361,,0,44472,965,,,,,,0,44472,965
5/25/20,AL,B,562,562,11,,1629,1629,450,17,543,,175585,4113,,,,323,,14730,14730,403,0,,,,,,7951,,0,190315,4516,,,,,190315,4516,,0
5/25/20,AR,A,117,,1,,605,605,92,7,,,105593,2934,,,,111,17,6029,6029,107,0,,,,,,4249,,0,111622,3041,,,,,,0,111622,3041
5/25/20,AS,C,0,,0,,,,,0,,,124,0,,,,,,0,0,0,0,,,,,,,,0,124,0,,,,,,0,124,0
5/25/20,AZ,A+,806,,6,,3077,3077,833,51,,334,171221,3919,,,,,212,16561,,222,0,,,,,,4204,,0,261004,3387,80601,,,,187782,4141,261004,3387
5/25/20,CA,B,3795,,21,,,,4306,0,,1301,1549544,59509,,,,,,94558,94558,1848,0,,,,,,,,0,1644102,61357,,,,,,0,1644102,61357
5/25/20,CO,A,1333,1056,1,275,4128,4128,507,9,,,131742,5608,45860,,,,,24269,21941,95,0,3793,,,,,3702,176077,4033,176077,4033,49653,,,,153683,3375,,0
5/25/20,CT,B,3742,,49,,12538,12538,706,0,,,180853,7185,,,,,,40873,,405,0,,,,,,7127,,0,221726,7590,,,,,,0,221726,7590
5/25/20,DC,A+,440,,13,,,,331,0,,106,32578,-11447,,,,,70,8225,,259,0,,,,,,1080,40803,0,40803,0,,,,,34194,618,,0
5/25/20,DE,B,436,382,5,54,,,205,0,,,44931,1870,,,,,,8965,,156,0,,,,,10786,4693,65225,1130,65225,1130,,,,,53896,2026,,0
5/25/20,FL,A,2331,2331,15,,9681,9681,,43,,,856489,36121,,,977392,,,50075,,980,0,,,,,70360,,920104,37478,920104,37478,,,,,909928,37012,1050247,41577
5/25/20,GA,A,1830,,6,,7475,7475,892,36,1686,,470201,31085,,,,,,43344,43344,506,0,,,,,38975,,,0,400562,21337,,,,,,0,400562,21337
5/25/20,GU,C,5,,0,,,,,0,,,5403,0,,,,,,166,161,0,0,,,,,,138,,0,5569,0,,,,,,0,,-5704
5/25/20,HI,C,17,,0,,84,84,,0,,,49728,799,,,,,,643,,0,0,,,,,610,591,49163,724,49163,724,,,,,,0,50371,799
5/25/20,IA,A+,459,,5,,,,377,0,,118,115138,4634,,13714,,,66,17577,17252,325,0,,,1786,,,9377,,0,132715,4959,,,15504,,133046,5006,,0
5/25/20,ID,A,79,59,0,20,225,225,15,0,94,,38780,0,,,,,,2626,2387,0,0,,,,,,1755,,0,41167,0,,,,,41167,0,,0
5/25/20,IL,A,4884,4884,28,,,,3762,0,,1025,657547,19930,,,,,605,112017,112017,1713,0,,,,,,,,0,769564,21643,,,,,,-747921,769564,769564
5/25/20,IN,A+,1976,1832,0,152,5285,5285,1102,0,1166,365,194536,5111,,,,,169,31715,,339,0,,,,,32668,,,0,294681,2237,,,,,226251,5450,294681,2237
5/25/20,KS,A+,188,,3,,800,800,,13,271,,72181,4705,,,,120,,9218,,260,0,,,,,,493,,0,81399,4965,,,,,81245,4965,,0
5/25/20,KY,A,391,390,0,1,2131,2131,484,0,897,89,161285,0,,,,,,8571,8451,0,0,,,,,,3102,,0,169736,0,,,,,,0,169736,0
5/25/20,LA,B,2690,2585,0,105,,,847,0,,,293089,14222,,,,,102,37809,37809,640,0,,,,,,28700,,0,330898,14862,,,,,,0,330898,14862
5/25/20,MA,A,6416,6416,44,,9339,9339,2132,31,,576,447290,7592,,,,,,93271,93271,596,0,,,,,118983,,,0,681149,4566,,,,,540561,8188,681149,4566
5/25/20,MD,B,2379,2267,38,112,8092,8092,1279,153,,517,202425,8376,,,,,,47152,47152,839,0,,,,,53142,3329,,0,278124,10831,,,,,249577,9215,278124,10831
5/25/20,ME,B,78,78,0,,257,257,59,5,,27,35450,0,2704,,35450,,13,2074,1858,19,0,177,,,,2201,1290,,0,37524,19,2884,,,,28357,0,37725,0
5/25/20,MI,A+,5678,5463,38,238,,,953,0,,449,476325,9238,,,476325,,319,61632,56892,175,0,,,,,72782,33168,,0,537957,9413,67783,,,,,0,549107,9557
5/25/20,MN,A,890,881,12,9,2676,2676,605,88,869,248,207816,6250,,,,,,23524,23524,403,0,,,,,,14816,231340,6653,231340,6653,,,,,,0,,0
5/25/20,MO,B,685,,4,,,,729,0,,,145218,5587,,19443,165572,,93,12167,11913,179,0,,,727,,14273,,,0,180120,10388,,,20198,,157131,5512,180120,10388
5/25/20,MP,D,2,,0,,,,,0,,,4735,0,,,,,,22,22,0,0,,,,,,13,,0,4757,0,,,,,,0,4757,0
5/25/20,MS,A,635,,10,,2046,2046,566,23,,152,130459,5809,,,,,94,13458,,206,0,80,,,,,9401,,0,143917,6015,6781,,,,,0,143917,6015
5/25/20,MT,C,16,,0,,65,65,3,0,,,33203,301,,,,,,479,479,0,0,,,,,,441,,0,33682,301,,,,,,0,33682,301
5/25/20,NC,A,754,754,10,,,,627,0,,,320726,7292,,,,,,23964,23964,742,0,,,,,,14954,,0,344690,8034,,,,,,0,344690,8034
5/25/20,ND,C,54,,1,,154,154,41,2,,,63893,823,,,,,,2376,2376,40,0,,,,,,1551,81074,1925,81074,1925,,,,,64318,976,82633,1981
5/25/20,NE,D,150,,3,,,,,0,,,73598,2382,,,86555,,,12134,12134,145,0,,,,,14191,,,0,101086,3870,,,,,86027,2542,101086,3870
5/25/20,NH,B,209,,1,,419,419,92,0,120,,57237,1787,,,,,,4149,4149,60,0,,,,,,2204,,0,65977,1400,11259,,9541,,61386,1847,65977,1400
5/25/20,NJ,A+,12834,11144,15,1690,,,2755,0,,719,468705,19052,,,,,540,155092,155092,938,0,,,,,,25253,,0,623797,19990,,,,,,0,623797,19990
5/25/20,NM,C,320,,3,,1264,1264,216,21,,,170335,3797,,,,,,7026,7026,83,0,,,,,,2522,,0,177361,3880,,,,,,0,177361,3880
5/25/20,NV,A+,410,,2,,,,380,0,,91,106852,4341,,,,,45,7879,7879,109,0,,,,,,,152341,1289,152341,1289,,,,,114704,4444,133508,4705
5/25/20,NY,A,23488,,97,,88554,88554,4348,230,,1366,1376685,38374,,,,,1058,362764,362764,1249,0,,,,,,64280,1739449,39623,1739449,39623,,,,,,0,,0
5/25/20,OH,B,1987,1788,18,199,5511,5511,872,35,1443,323,297857,5215,,,,,211,32477,30305,566,0,,,,,,,,0,330334,5781,,,,,,0,330334,7915
5/25/20,OK,A+,313,,2,,938,938,,0,,78,154943,0,,,154207,,,6090,6090,53,0,628,,,,6696,4714,,0,161033,53,17160,,,,,0,160903,0
5/25/20,OR,A+,148,,0,,747,747,125,5,,35,109909,1641,,,150206,,23,3949,3861,22,0,,,,,10503,1376,,0,160709,2684,,,,,113770,1660,160709,2684
5/25/20,PA,A,5139,,15,,,,1628,0,,,334928,6546,,,,,324,68186,66347,473,0,549,,,,,40911,,0,403114,7019,,,,,403114,7019,,0
5/25/20,PR,B,129,61,2,68,,,112,0,,16,40488,0,,,40095,,8,1240,1240,10,0,2020,,,,1572,,,0,41728,10,,,,,,0,41701,0
5/25/20,RI,A+,608,,0,,1580,1580,240,0,,49,90674,750,,,126302,,32,14211,14211,70,0,,,,,18268,1119,144705,1521,144705,1521,,,,,104885,820,144570,1500
5/25/20,SC,A+,440,440,5,,1534,1534,407,0,,,155842,1991,,,155842,,,10178,10178,82,0,,,,,15192,6063,,0,166020,2073,,,,,,0,171034,2126
5/25/20,SD,C,50,,0,,370,370,99,6,,,30697,355,,,,,,4586,,23,0,,,,,,3415,,0,35283,378,,,,,35283,378,,0
5/25/20,TN,B,338,338,2,,1594,1594,517,11,,,375612,12181,,,,,,20607,20607,462,0,,,,,,13073,,0,396219,12643,,,,,396219,12643,,0
5/25/20,TX,B,1527,,21,,,,1511,0,,,909842,24270,,,,,,55971,55971,623,0,3163,,,,75779,35292,,0,965813,24893,80700,,,,,0,965813,24893
5/25/20,UT,B,98,,1,,692,692,131,4,215,,189478,2044,,,210088,88,,8521,8521,129,0,,,,,9687,5218,,0,219775,2776,,,,,198084,2142,219775,2776
5/25/20,VA,A+,1208,1158,37,50,4269,4269,1376,55,,349,221023,13182,,,,,182,37727,35890,1483,0,,,,,47140,5145,291201,7585,291201,7585,,,,,,0,,0
5/25/20,VI,C,6,6,0,,,,,0,,,1343,0,,,,,,69,,0,0,,,,,,61,,0,1412,0,,,,,,0,1457,0
5/25/20,VT,B,54,54,0,,,,19,0,,,27856,746,,,,,,963,963,6,0,,,,,,843,,0,33503,883,,,,,28819,752,33503,883
5/25/20,WA,B,1061,1061,6,,3287,3287,536,31,,,325896,3154,,,,,47,21063,21063,151,0,,,,,,,347132,3303,347132,3303,,,,,308948,2483,,0
5/25/20,WI,A+,514,514,4,,2339,2339,388,24,543,121,193379,7173,,,,,,17571,15584,318,0,,,,,,9207,270195,11661,270195,11661,,,,,208963,7480,,0
5/25/20,WV,B,72,,0,,,,36,0,,13,84551,616,,,,,7,1774,1593,15,0,,,,,,1135,,0,86325,631,4124,,,,,0,86325,631
5/25/20,WY,C,12,,0,,79,79,10,1,,,19551,330,,,21918,,,843,644,5,0,,,,,782,575,,0,22700,176,,,,,,0,22700,176
5/24/20,AK,C,10,10,0,,49,49,10,0,,,43097,1156,,,,,,410,,0,0,,,,,,358,,0,43507,1156,,,,,,0,43507,1156
5/24/20,AL,B,551,551,5,,1612,1612,440,23,537,,171472,2734,,,,320,,14327,14327,389,0,,,,,,7951,,0,185799,3123,,,,,185799,3123,,0
5/24/20,AR,A,116,,3,,598,598,86,8,,,102659,5224,,,,111,17,5922,5922,310,0,,,,,,4148,,0,108581,5534,,,,,,0,108581,5534
5/24/20,AS,C,0,,0,,,,,0,,,124,0,,,,,,0,0,0,0,,,,,,,,0,124,0,,,,,,0,124,0
5/24/20,AZ,A+,800,,1,,3026,3026,804,42,,322,167302,2902,,,,,201,16339,,300,0,,,,,,4132,,0,257617,6367,77018,,,,183641,3202,257617,6367
5/24/20,CA,B,3774,,66,,,,4300,0,,1315,1490035,65360,,,,,,92710,92710,2079,0,,,,,,,,0,1582745,67439,,,,,,0,1582745,67439
5/24/20,CO,A,1332,1055,5,275,4119,4119,560,14,,,126134,47,45058,,,,,24174,21857,210,0,3713,,,,,3666,172044,3379,172044,3379,48771,,,,150308,2564,,0
5/24/20,CT,B,3693,,18,,12538,12538,701,0,,,173668,5323,,,,,,40468,,446,0,,,,,,7127,,0,214136,5769,,,,,,0,214136,5769
5/24/20,DC,A+,427,,0,,,,324,0,,110,44025,0,,,,,73,7966,,0,0,,,,,,1075,40803,1875,40803,1875,,,,,33576,841,,0
5/24/20,DE,B,431,377,6,54,,,211,0,,,43061,1217,,,,,,8809,,119,0,,,,,10680,4598,64095,2286,64095,2286,,,,,51870,1336,,0
5/24/20,FL,A,2316,2316,4,,9638,9638,,71,,,820368,14058,,,936730,,,49095,,545,0,,,,,69459,,882626,15706,882626,15706,,,,,872916,14804,1008670,18370
5/24/20,GA,A,1824,,13,,7439,7439,848,28,1683,,439116,27711,,,,,,42838,42838,706,0,,,,,37843,,,0,379225,16663,,,,,,0,379225,16663
5/24/20,GU,C,5,,0,,,,,0,,,5403,209,,,5403,,,166,161,1,0,,,,,161,138,,0,5569,210,,,,,,0,5704,217
5/24/20,HI,C,17,,0,,84,84,,0,,,48929,750,,,,,,643,,1,0,,,,,610,589,48439,846,48439,846,,,,,,0,49572,751
5/24/20,IA,A+,454,,10,,,,363,0,,114,110504,3456,,13443,,,61,17252,17252,359,0,,,1772,,,9318,,0,127756,3815,,,15219,,128040,3826,,0
5/24/20,ID,A,79,59,0,20,225,225,23,0,94,,38780,766,,,,,,2626,2387,31,0,,,,,,1755,,0,41167,797,,,,,41167,797,,0
5/24/20,IL,A,4856,4856,66,,,,3667,0,,1007,637617,23166,,,,,632,110304,110304,2508,0,,,,,,,,0,747921,25674,,,,,747921,25674,,0
5/24/20,IN,A+,1976,1824,33,152,5285,5285,1112,0,1166,396,189425,5393,,,,,173,31376,,475,0,,,,,32498,,,0,292444,3396,,,,,220801,5868,292444,3396
5/24/20,KS,A+,185,,0,,787,787,,0,269,,67476,0,,,,120,,8958,,0,0,,,,,,485,,0,76434,0,,,,,76280,0,,0
5/24/20,KY,A,391,390,0,1,2131,2131,484,55,897,89,161285,-1748,,,,,,8571,8451,145,0,,,,,,3102,,0,169736,-1602,,,,,,0,169736,-1602
5/24/20,LA,B,2690,2567,22,123,,,813,0,,,278867,1460,,,,,102,37169,37169,129,0,,,,,,26249,,0,316036,1589,,,,,,0,316036,1589
5/24/20,MA,A,6372,6372,68,,9308,9308,2169,48,,558,439698,10374,,,,,,92675,92675,1013,0,,,,,118601,,,0,676583,5559,,,,,532373,11387,676583,5559
5/24/20,MD,B,2341,2229,35,112,7939,7939,1290,114,,503,194049,7217,,,,,,46313,46313,818,0,,,,,52169,3319,,0,267293,6731,,,,,240362,8035,267293,6731
5/24/20,ME,B,78,78,1,,252,252,59,9,,27,35450,0,2704,,35450,,13,2055,1845,42,0,177,,,,2201,1263,,0,37505,42,2884,,,,28357,0,37725,0
5/24/20,MI,A+,5640,5440,28,238,,,953,0,,449,467087,11531,,,467087,,319,61457,56741,164,0,,,,,72463,33168,,0,528544,11695,61973,,,,,0,539550,11929
5/24/20,MN,A,878,869,17,9,2588,2588,553,54,841,207,201566,6625,,,,,,23121,23121,356,0,,,,,,14115,224687,6981,224687,6981,,,,,,0,,0
5/24/20,MO,B,681,,5,,,,742,0,,,139631,3079,,18176,155323,,94,11988,11988,236,0,,,692,,14137,,,0,169732,682,,,18868,,151619,-13792,169732,682
5/24/20,MP,D,2,,0,,,,,0,,,4735,439,,,,,,22,22,0,0,,,,,,13,,0,4757,439,,,,,,0,4757,439
5/24/20,MS,A,625,,9,,2023,2023,512,27,,150,124650,3435,,,,,73,13252,,247,0,80,,,,,7681,,0,137902,3682,9057,,,,,0,137902,3682
5/24/20,MT,C,16,,0,,65,65,3,0,,,32902,729,,,,,,479,479,0,0,,,,,,441,,0,33381,729,,,,,,0,33381,729
5/24/20,NC,A,744,744,7,,,,587,0,,,313434,6577,,,,,,23222,23222,497,0,,,,,,11637,,0,336656,7074,,,,,,0,336656,7074
5/24/20,ND,C,53,,1,,152,152,40,2,,,63070,1287,,,,,,2336,2336,54,0,,,,,,1496,79149,2281,79149,2281,,,,,63342,1255,80652,2327
5/24/20,NE,D,147,,0,,,,,0,,,71216,2896,,,82917,,,11989,11989,327,0,,,,,13962,,,0,97216,1659,,,,,83485,3010,97216,1659
5/24/20,NH,B,208,,0,,419,419,93,0,120,,55450,0,,,,,,4089,4089,0,0,,,,,,2197,,0,64577,1965,10972,,9062,,59539,0,64577,1965
5/24/20,NJ,A+,12819,11133,54,1686,,,2857,0,,760,449653,24022,,,,,639,154154,154154,1050,0,,,,,,25040,,0,603807,25072,,,,,,0,603807,25072
5/24/20,NM,C,317,,9,,1243,1243,213,104,,,166538,4214,,,,,,6943,6943,148,0,,,,,,2464,,0,173481,4362,,,,,,0,173481,4362
5/24/20,NV,A+,408,,4,,,,373,0,,92,102511,3160,,,,,51,7770,7770,74,0,,,,,,,151052,2775,151052,2775,,,,,110260,3213,128803,3409
5/24/20,NY,A,23391,,109,,88324,88324,4393,241,,1406,1338311,46176,,,,,1067,361515,361515,1589,0,,,,,,64080,1699826,47765,1699826,47765,,,,,,0,,0
5/24/20,OH,B,1969,1769,13,200,5476,5476,864,39,1438,317,292642,7556,,,,,205,31911,29777,503,0,,,,,,,,0,324553,8059,,,,,,0,322419,8045
5/24/20,OK,A+,311,,0,,938,938,174,12,,78,154943,0,,,154207,,,6037,6037,77,0,628,,,,6696,4688,,0,160980,77,17160,,,,,0,160903,0
5/24/20,OR,A+,148,,1,,742,742,117,2,,35,108268,1949,,,147569,,18,3927,3842,39,0,,,,,10456,1376,,0,158025,3223,,,,,112110,1992,158025,3223
5/24/20,PA,A,5124,,28,,,,1533,0,,,328382,6913,,,,,336,67713,65906,730,0,513,,,,,40627,,0,396095,7643,,,,,396095,7643,,0
5/24/20,PR,B,127,61,0,66,,,106,0,,13,40488,0,,,40095,,7,1230,1230,-640,0,1959,,,,1572,,,0,41718,-640,,,,,,0,41701,0
5/24/20,RI,A+,608,,11,,1580,1580,240,23,,49,89924,757,,,124936,,32,14141,14141,84,0,,,,,18134,1119,143184,2982,143184,2982,,,,,104065,841,143070,1503
5/24/20,SC,A+,435,435,10,,1534,1534,461,0,,,153851,4836,,,153851,,,10096,10096,201,0,,,,,15057,5743,,0,163947,5037,,,,,,0,168908,5090
5/24/20,SD,C,50,,0,,364,364,85,6,,,30342,1282,,,,,,4563,,95,0,,,,,,3371,,0,34905,1377,,,,,34905,1377,,0
5/24/20,TN,B,336,336,7,,1583,1583,526,10,,,363431,9462,,,,,,20145,20145,356,0,,,,,,12837,,0,383576,9818,,,,,383576,9818,,0
5/24/20,TX,B,1506,,0,,,,1572,0,,,885572,21622,,,,,,55348,55348,839,0,2866,,,,73832,33385,,0,940920,22461,71731,,,,,0,940920,22461
5/24/20,UT,B,97,,0,,688,688,128,12,215,,187434,3217,,,207432,88,,8392,8392,132,0,,,,,9567,5081,,0,216999,4112,,,,,195942,3354,216999,4112
5/24/20,VA,A+,1171,1135,12,36,4214,4214,1351,33,,354,207841,11120,,,,,192,36244,34451,495,0,,,,,46256,5102,283616,7319,283616,7319,,,,,,0,,0
5/24/20,VI,C,6,6,0,,,,,0,,,1343,0,,,,,,69,,0,0,,,,,,61,,0,1412,0,,,,,,0,1457,0
5/24/20,VT,B,54,54,0,,,,25,0,,,27110,1085,,,,,,957,957,3,0,,,,,,839,,0,32620,1208,,,,,28067,1088,32620,1208
5/24/20,WA,B,1055,1055,5,,3256,3256,560,26,,,322742,2722,,,,,74,20912,20912,313,0,,,,,,,343829,2823,343829,2823,,,,,306465,2342,,0
5/24/20,WI,A+,510,510,3,,2315,2315,399,23,541,126,186206,6877,,,,,,17253,15277,410,0,,,,,,8999,258534,11497,258534,11497,,,,,201483,7277,,0
5/24/20,WV,B,72,,0,,,,23,0,,8,83935,1908,,,,,4,1759,1593,42,0,,,,,,1121,,0,85694,1950,4094,,,,,0,85694,1950
5/24/20,WY,C,12,,0,,78,78,10,1,,,19221,0,,,21745,,,838,638,25,0,,,,,779,556,,0,22524,156,,,,,,0,22524,156
5/23/20,AK,C,10,10,0,,49,49,10,0,,,41941,901,,,,,,410,,4,0,,,,,,358,,0,42351,905,,,,,,0,42351,905
5/23/20,AL,B,546,546,9,,1589,1589,446,28,538,,168738,4533,,,,319,,13938,13938,375,0,,,,,,7951,,0,182676,4908,,,,,182676,4908,,0
5/23/20,AR,A,113,,0,,590,590,81,6,,,97435,0,,,,111,14,5612,5612,0,0,,,,,,4029,,0,103047,0,,,,,,0,103047,0
5/23/20,AS,C,0,,0,,,,,0,,,124,0,,,,,,0,0,0,0,,,,,,,,0,124,0,,,,,,0,124,0
5/23/20,AZ,A+,799,,24,,2984,2984,784,41,,309,164400,4005,,,,,193,16039,,431,0,2200,,,,12089,4033,,0,251250,8156,73350,,,,180439,4436,251250,8156
5/23/20,CA,B,3708,,78,,,,4342,0,,1312,1424675,46346,,,,,,90631,90631,2187,0,,,,,,,,0,1515306,48533,,,,,,0,1515306,48533
5/23/20,CO,A,1327,1052,3,275,4105,4105,538,23,,,126087,4622,43765,,,,,23964,21657,477,0,3614,,,,,3640,168665,6197,168665,6197,47379,,,,147744,5077,,0
5/23/20,CT,B,3675,,38,,12538,12538,724,0,,,168345,5657,,,,,,40022,,382,0,,,,,,7127,,0,208367,6039,,,,,,0,208367,6039
5/23/20,DC,A+,427,,9,,,,324,0,,110,44025,8925,,,,,73,7966,,73,0,,,,,,1075,38928,-4065,38928,-4065,,,,,32735,32735,,0
5/23/20,DE,B,425,371,5,54,,,210,0,,,41844,1387,,,,,,8690,,161,0,,,,,10503,4454,61809,1478,61809,1478,,,,,50534,1548,,0
5/23/20,FL,A,2312,2312,44,,9567,9567,,195,,,806310,20265,,,919519,,,48550,,733,0,,,,,68322,,866920,25853,866920,25853,,,,,858112,20940,990300,49542
5/23/20,GA,A,1811,,26,,7411,7411,848,98,1678,,411405,25374,,,,,,42132,42132,914,0,,,,,36868,,,0,362562,13179,,,,,,0,362562,13179
5/23/20,GU,C,5,,0,,,,,0,,,5194,80,,,5190,,,165,160,0,0,,,,,,134,,0,5359,80,,,,,,0,5487,156
5/23/20,HI,C,17,,0,,84,84,,1,,,48179,841,,,,,,642,,-5,0,,,,,610,585,47593,738,47593,738,,,,,,-47985,48821,48821
5/23/20,IA,A+,444,,19,,,,362,0,,111,107048,3302,,12799,,,70,16893,16893,389,0,,,1757,,,9254,,0,123941,3691,,,14560,,124214,3700,,0
5/23/20,ID,A,79,59,2,20,225,225,19,2,94,,38014,953,,,,,,2595,2356,61,0,,,,,,1735,,0,40370,1008,,,,,40370,1008,,0
5/23/20,IL,A,4790,4790,75,,,,3753,0,,1027,614451,22762,,,,,607,107796,107796,2352,0,,,,,,,,0,722247,25114,,,,,722247,25114,,0
5/23/20,IN,A+,1943,1812,2,152,5285,5285,1138,0,1166,403,184032,5880,,,,,173,30901,,492,0,,,,,32286,,,0,289048,9733,,,,,214933,6372,289048,9733
5/23/20,KS,A+,185,,0,,787,787,,0,269,,67476,0,,,,120,,8958,,0,0,,,,,,485,,0,76434,0,,,,,76280,0,,0
5/23/20,KY,A,391,390,5,1,2076,2076,477,35,889,90,163033,5079,,,,,,8426,8305,140,0,,,,,,3069,,0,171338,5098,,,,,,0,171338,5098
5/23/20,LA,B,2668,2560,0,123,,,836,0,,,277407,2524,,,,,112,37040,37040,115,0,,,,,,26249,,0,314447,2639,,,,,,0,314447,2639
5/23/20,MA,A,6304,6304,76,,9260,9260,2237,98,,610,429324,8569,,,,,,91662,91662,773,0,,,,,118092,,,0,671024,6712,,,,,520986,9342,671024,6712
5/23/20,MD,B,2306,2197,32,109,7825,7825,1320,191,,524,186832,3354,,,,,,45495,45495,1071,0,,,,,51210,3283,,0,260562,8715,,,,,232327,4425,260562,8715
5/23/20,ME,B,77,77,2,,243,243,50,3,,26,35450,0,2704,,35450,,11,2013,1804,65,0,177,,,,2201,1232,,0,37463,65,2884,,,,28357,0,37725,0
5/23/20,MI,A+,5612,5402,26,237,,,953,0,,449,455556,14274,,,455556,,319,61293,56612,218,0,,,,,72065,33168,,0,516849,14492,61973,,,,,0,527621,14869
5/23/20,MN,A,861,852,10,9,2534,2534,568,102,832,215,194941,8505,,,,,,22765,22765,391,0,,,,,,13485,217706,8896,217706,8896,,,,,,0,,0
5/23/20,MO,B,676,,5,,,,742,0,,,136552,-24836,,16435,154644,,94,11752,11751,194,0,,,678,,14135,,,0,169050,1851,,,17138,,165411,-7535,169050,1851
5/23/20,MP,D,2,,0,,,,,0,,,4296,0,,,,,,22,22,0,0,,,,,,13,,0,4318,0,,,,,,0,4318,0
5/23/20,MS,A,616,,20,,1996,1996,590,30,,154,121215,-4134,,,,,93,13005,,381,0,80,,,,,7681,,0,134220,-3753,8813,,,,,0,134220,-3753
5/23/20,MT,C,16,,0,,65,65,3,0,,,32173,795,,,,,,479,479,0,0,,,,,,441,,0,32652,795,,,,,,0,32652,795
5/23/20,NC,A,737,737,9,,,,589,0,,,306857,25251,,,,,,22725,22725,1107,0,,,,,,11637,,0,329582,26358,,,,,,0,329582,26358
5/23/20,ND,C,52,,0,,150,150,39,3,,,61783,1270,,,,,,2282,2282,49,0,,,,,,1451,76868,2257,76868,2257,,,,,62087,1323,78325,2308
5/23/20,NE,D,147,,4,,,,,0,,,68320,1326,,,81517,,,11662,11662,237,0,,,,,13705,,,0,95557,4614,,,,,80475,1821,95557,4614
5/23/20,NH,B,208,,9,,419,419,93,26,120,,55450,4285,,,,,,4089,4089,154,0,,,,,,2197,,0,62612,2039,10491,,9062,,59539,4439,62612,2039
5/23/20,NJ,A+,12765,11081,99,1684,,,2974,0,,806,425631,23036,,,,,611,153104,153104,385,0,,,,,,24762,,0,578735,23421,,,,,,0,578735,23421
5/23/20,NM,C,308,,6,,1139,1139,208,0,,,162324,10566,,,,,,6795,6795,170,0,,,,,,2357,,0,169119,10736,,,,,,0,169119,10736
5/23/20,NV,A+,404,,4,,,,402,0,,99,99351,6811,,,,,53,7696,7696,295,0,,,,,,,148277,7015,148277,7015,,,,,107047,7106,125394,7788
5/23/20,NY,A,23282,,87,,88083,88083,4642,240,,1502,1292135,49496,,,,,1254,359926,359926,1772,0,,,,,,63292,1652061,51268,1652061,51268,,,,,,0,,0
5/23/20,OH,B,1956,1756,84,200,5437,5437,858,58,1429,333,285086,8080,,,,,223,31408,29288,614,0,,,,,,,,0,316494,8694,,,,,,0,314374,8610
5/23/20,OK,A+,311,,4,,926,926,174,0,,78,154943,7625,,,154207,,,5960,5960,111,0,628,,,,6696,4645,,0,160903,7736,17160,,,,,0,160903,7905
5/23/20,OR,A+,147,,0,,740,740,102,3,,41,106319,2344,,,144459,,15,3888,3779,24,0,,,,,10343,1376,,0,154802,4307,,,,,110118,2373,154802,4307
5/23/20,PA,A,5096,,112,,,,1560,0,,,321469,8726,,,,,348,66983,65209,725,0,513,,,,,39519,,0,388452,9451,,,,,388452,9451,,0
5/23/20,PR,B,127,61,1,66,,,106,0,,14,40488,0,,,40095,,5,1870,1870,649,0,1230,,,,1572,,,0,42358,649,,,,,,0,41701,0
5/23/20,RI,A+,597,,18,,1557,1557,233,20,,51,89167,1317,,,123584,,34,14057,14057,108,0,,,,,17983,1106,140202,3510,140202,3510,,,,,103224,1425,141567,2958
5/23/20,SC,A+,425,425,6,,1534,1534,430,0,,,149015,8630,,,149015,,,9895,9895,257,0,,,,,14803,5743,,0,158910,8887,,,,,,0,163818,9072
5/23/20,SD,C,50,,0,,358,358,90,7,,,29060,1072,,,,,,4468,,112,0,,,,,,3336,,0,33528,1184,,,,,33528,1184,,0
5/23/20,TN,B,329,329,14,,1573,1573,478,13,,,353969,5193,,,,,,19789,19789,395,0,,,,,,12745,,0,373758,5588,,,,,373758,5588,,0
5/23/20,TX,B,1506,,26,,,,1688,0,,,863950,43804,,,,,,54509,54509,1060,0,2463,,,,72543,32277,,0,918459,44864,60252,,,,,0,918459,44864
5/23/20,UT,B,97,,4,,676,676,165,16,213,,184217,3317,,,203484,88,,8260,8260,203,0,,,,,9403,4898,,0,212887,4316,,,,,192588,3491,212887,4316
5/23/20,VA,A+,1159,1123,23,36,4181,4181,1384,36,,330,196721,6496,,,,,213,35749,33962,799,0,,,,,45359,5047,276297,10630,276297,10630,,,,,,0,,0
5/23/20,VI,C,6,6,0,,,,,0,,,1343,0,,,,,,69,,0,0,,,,,,61,,0,1412,0,,,,,,0,1457,0
5/23/20,VT,B,54,54,0,,,,21,0,,,26025,1161,,,,,,954,954,2,0,,,,,,837,,0,31412,1366,,,,,26979,1163,31412,1366
5/23/20,WA,B,1050,1050,6,,3230,3230,553,74,,,320020,3201,,,,,96,20599,20599,297,0,,,,,,,341006,3350,341006,3350,,,,,304123,2671,,0
5/23/20,WI,A+,507,507,11,,2292,2292,388,33,542,128,179329,6626,,,,,,16843,14877,503,0,,,,,,8688,247037,11017,247037,11017,,,,,194206,7107,,0
5/23/20,WV,B,72,,1,,,,39,0,,11,82027,-1186,,,,,9,1717,1593,101,0,,,,,,1110,,0,83744,-1085,3800,,,,,0,83744,-1085
5/23/20,WY,C,12,,0,,77,77,10,1,,,19221,600,,,21593,,,813,615,10,0,,,,,775,551,,0,22368,193,,,,,,0,22368,193
5/22/20,AK,C,10,10,0,,49,49,15,2,,,41040,1899,,,,,,406,,2,0,,,,,,356,,0,41446,1901,,,,,,0,41446,1901
5/22/20,AL,B,537,537,8,,1561,1561,598,33,531,,164205,6585,,,,315,,13563,13563,444,0,,,,,,7951,,0,177768,7029,,,,,177768,7029,,0
5/22/20,AR,A,113,,3,,584,584,86,49,,,97435,3617,,,,110,14,5612,5612,154,0,,,,,,4029,,0,103047,3771,,,,,,0,103047,3771
5/22/20,AS,C,0,,0,,,,,0,,,124,0,,,,,,0,0,0,0,,,,,,,,0,124,0,,,,,,0,124,0
5/22/20,AZ,A+,775,,12,,2943,2943,796,58,,311,160395,4083,,,,,203,15608,,293,0,,,,,,3949,,0,243094,7546,69483,,,,176003,4376,243094,7546
5/22/20,CA,B,3630,,88,,,,4762,0,,1317,1378329,43399,,,,,,88444,88444,2247,0,,,,,,,,0,1466773,45646,,,,,,0,1466773,45646
5/22/20,CO,A,1324,1048,14,275,4082,4082,571,45,,,121465,2431,40655,,,,,23487,21202,296,0,3448,,,,,3612,162468,3550,162468,3550,44103,,,,142667,2730,,0
5/22/20,CT,B,3637,,55,,12538,12538,740,1592,,,162688,5449,,,,,,39640,,432,0,,,,,,7127,,0,202328,5881,,,,,,0,202328,5881
5/22/20,DC,A+,418,,6,,,,342,0,,112,35100,1132,,,,,74,7893,,105,0,,,,,,1069,42993,1237,42993,1237,,,,,,0,,0
5/22/20,DE,B,420,367,3,53,,,221,0,,,40457,1301,,,,,,8529,,143,0,,,,,10326,4296,60331,1106,60331,1106,,,,,48986,1444,,0
5/22/20,FL,A,2268,2268,46,,9372,9372,,172,,,786045,20791,,,871876,,,47817,,725,0,,,,,66424,,841067,23841,841067,23841,,,,,837172,21588,940758,0
5/22/20,GA,A,1785,,31,,7313,7313,889,78,1658,,386031,18705,,,,,,41218,41218,813,0,,,,,36108,,,0,349383,9995,,,,,,0,349383,9995
5/22/20,GU,C,5,,0,,,,,0,,,5114,215,,,5037,,,165,160,0,0,,,,,,125,,0,5279,215,,,,,,0,5331,164
5/22/20,HI,C,17,,0,,83,83,,1,,,47338,832,,,,,,647,,4,0,,,,,610,579,46855,886,46855,886,,,,,47985,836,,0
5/22/20,IA,A+,425,,19,,,,362,0,,123,103746,3351,,12090,,,79,16504,16504,334,0,,,1725,,,9079,,0,120250,3685,,,13818,,120514,3686,,0
5/22/20,ID,A,77,,0,,223,223,19,2,92,,37061,679,,,,,,2534,2301,28,0,,,,,,1720,,0,39362,702,,,,,39362,702,,0
5/22/20,IL,A,4715,4715,108,,,,3928,0,,1060,591689,22355,,,,,589,105444,105444,2758,0,,,,,,,,0,697133,25113,,,,,697133,25113,,0
5/22/20,IN,A+,1941,1791,28,150,5285,5285,1203,896,1166,416,178152,5093,,,,,173,30409,,473,0,,,,,31659,,,0,279315,9102,,,,,208561,5566,279315,9102
5/22/20,KS,A+,185,,7,,787,787,,27,269,,67476,4812,,,,120,,8958,,419,0,,,,,,485,,0,76434,5231,,,,,76280,5232,,0
5/22/20,KY,A,386,385,10,1,2041,2041,475,25,886,92,157954,7449,,,,,,8286,8175,11,0,,,,,,3008,,0,166240,7568,,,,,,0,166240,7568
5/22/20,LA,B,2668,2545,39,123,,,867,0,,,274883,6006,,,,,104,36925,36925,421,0,,,,,,26249,,0,311808,6427,,,,,,0,311808,6427
5/22/20,MA,A,6228,6228,80,,9162,9162,2323,122,,628,420755,9353,,,,,,90889,90889,805,0,,,,,117464,,,0,664312,14811,,,,,511644,10158,664312,14811
5/22/20,MD,B,2274,2169,53,105,7634,7634,1329,149,,506,183478,6776,,,,,,44424,44424,893,0,,,,,50019,3243,,0,251847,6462,,,,,227902,7669,251847,6462
5/22/20,ME,B,75,75,2,,240,240,45,5,,21,35450,0,2704,,35450,,12,1948,1749,71,0,177,,,,2201,1192,,0,37398,71,2884,,,,28357,0,37725,0
5/22/20,MI,A+,5586,5375,31,237,,,955,0,,470,441282,19494,,,441282,,348,61075,56445,465,0,,,,,71470,28234,,0,502357,19959,,,,,,0,512752,20340
5/22/20,MN,A,851,842,33,9,2432,2432,534,52,806,233,186436,8930,,,,,,22374,22374,792,0,,,,,,12696,208810,9722,208810,9722,,,,,,0,,0
5/22/20,MO,B,671,,10,,,,711,0,,,161388,10636,,15520,152883,,93,11558,11558,218,0,,,647,,14046,,,0,167199,3515,,,16192,,172946,10962,167199,3515
5/22/20,MP,D,2,,0,,,,,0,,,4296,229,,,,,,22,22,0,0,,,,,,13,,0,4318,229,,,,,,0,4318,229
5/22/20,MS,A,596,,16,,1966,1966,557,34,,159,125349,11601,,,,,85,12624,,402,0,80,,,,,7681,,0,137973,12003,4055,,,,,0,137973,12003
5/22/20,MT,C,16,,0,,65,65,3,0,,,31378,1333,,,,,,479,479,0,0,,,,,,441,,0,31857,1333,,,,,,0,31857,1333
5/22/20,NC,A,728,728,12,,,,568,0,,,281606,11821,,,,,,21618,21618,758,0,,,,,,11637,,0,303224,12579,,,,,,0,303224,12579
5/22/20,ND,C,52,,1,,147,147,39,3,,,60513,1463,,,,,,2233,2233,70,0,,,,,,1405,74611,2491,74611,2491,,,,,60764,1615,76017,2570
5/22/20,NE,D,143,,5,,,,,0,,,66994,2476,,,77369,,,11425,11425,303,0,,,,,13245,,,0,90943,2920,,,,,78654,2790,90943,2920
5/22/20,NH,B,199,,9,,393,393,97,8,120,,51165,2203,,,,,,3935,3935,67,0,,,,,,1767,,0,60573,2355,9988,,7835,,55100,2270,60573,2355
5/22/20,NJ,A+,12666,10985,148,1681,,,3049,0,,846,402595,9793,,,,,674,152719,152719,1247,0,,,,,,24491,,0,555314,11040,,,,,,0,555314,11040
5/22/20,NM,C,302,,8,,1139,1139,206,0,,,151758,5463,,,,,,6625,6625,153,0,,,,,,2149,,0,158383,5616,,,,,,0,158383,5616
5/22/20,NV,A+,400,,3,,,,404,0,,90,92540,5413,,,,,51,7401,7401,146,0,,,,,,,141262,7241,141262,7241,,,,,99941,5559,117606,6283
5/22/20,NY,A,23195,,112,,87843,87843,4844,205,,1581,1242639,44042,,,,,1254,358154,358154,1696,0,,,,,,63292,1600793,45738,1600793,45738,,,,,,0,,0
5/22/20,OH,B,1872,1691,36,181,5379,5379,879,84,1416,362,277006,8095,,,,,232,30794,28758,627,0,,,,,,,,0,307800,8722,,,,,,0,305764,8679
5/22/20,OK,A+,307,,3,,926,926,190,9,,94,147318,3403,,,146409,,,5849,5849,169,0,459,,,,6589,4533,,0,153167,3572,13642,,,,,0,152998,3551
5/22/20,OR,A+,147,,2,,737,737,146,5,,47,103975,2568,,,140269,,16,3864,3770,47,0,,,,,10226,1376,,0,150495,3919,,,,,107745,2613,150495,3919
5/22/20,PA,A,4984,,115,,,,1580,0,,,312743,9229,,,,,368,66258,64551,866,0,481,,,,,37767,,0,379001,10095,,,,,379001,10095,,0
5/22/20,PR,B,126,60,0,66,,,96,0,,12,40488,0,,,40095,,6,1221,1221,8,0,1809,,,,1572,,,0,41709,8,,,,,,0,41701,0
5/22/20,RI,A+,579,,23,,1537,1537,242,31,,56,87850,1451,,,120860,,40,13949,13949,201,0,,,,,17749,1084,136692,4131,136692,4131,,,,,101799,1652,138609,3318
5/22/20,SC,A+,419,419,12,,1534,1534,429,90,,,140385,11322,,,140385,,,9638,9638,463,0,,,,,14361,5743,,0,150023,11785,,,,,,-138238,154746,154746
5/22/20,SD,C,50,,2,,351,351,83,9,,,27988,937,,,,,,4356,,106,0,,,,,,3267,,0,32344,1043,,,,,32344,1043,,0
5/22/20,TN,B,315,315,2,,1560,1560,570,21,,,348776,7154,,,,,,19394,19394,433,0,,,,,,12566,,0,368170,7587,,,,,368170,7587,,0
5/22/20,TX,B,1480,,40,,,,1578,0,,,820146,34051,,,,,,53449,53449,1181,0,2463,,,,70288,31223,,0,873595,35232,49313,,,,,0,873595,35232
5/22/20,UT,B,93,,1,,660,660,163,13,210,,180900,3045,,,199390,88,,8057,8057,183,0,,,,,9181,4748,,0,208571,3924,,,,,189097,3211,208571,3924
5/22/20,VA,A+,1136,1100,37,36,4145,4145,1459,52,,366,190225,5763,,,,,207,34950,33208,813,0,,,,,43902,4963,265667,8187,265667,8187,,,,,,0,,0
5/22/20,VI,C,6,6,0,,,,,0,,,1343,29,,,,,,69,,0,0,,,,,,61,,0,1412,29,,,,,,0,1457,48
5/22/20,VT,B,54,54,0,,,,16,0,,,24864,1676,,,,,,952,952,2,0,,,,,,834,,0,30046,825,,,,,25816,1678,30046,825
5/22/20,WA,B,1044,1044,7,,3156,3156,572,31,,,316819,5531,,,,,85,20302,20302,268,0,,,,,,,337656,5844,337656,5844,,,,,301452,4568,,0
5/22/20,WI,A+,496,496,9,,2259,2259,416,41,535,134,172703,9465,,,,,,16340,14396,548,0,,,,,,8362,236020,11512,236020,11512,,,,,187099,25977,,0
5/22/20,WV,B,71,,1,,,,47,0,,13,83213,1665,,,,,9,1616,1593,23,0,,,,,,983,,0,84829,1688,,,,,,0,84829,1688
5/22/20,WY,C,12,,1,,76,76,10,1,,,18621,568,,,21405,,,803,608,2,0,,,,,770,551,,0,22175,780,,,,,,0,22175,780
5/21/20,AK,C,10,10,0,,47,47,19,1,,,39141,2500,,,,,,404,,0,0,,,,,,356,,0,39545,2500,,,,,,0,39545,2500
5/21/20,AL,B,529,529,12,,1528,1528,574,35,526,,157620,5914,,,,311,,13119,13119,375,0,,,,,,,,0,170739,6289,,,,,170739,6289,,0
5/21/20,AR,A,110,,3,,535,535,78,0,,,93818,2563,,,,101,14,5458,5458,455,0,,,,,,3915,,0,99276,3018,,,,,,0,99276,3018
5/21/20,AS,D,0,,0,,,,,0,,,124,0,,,,,,0,0,0,0,,,,,,,,0,124,0,,,,,,0,124,0
5/21/20,AZ,A+,763,,16,,2885,2885,812,49,,299,156312,5774,,,,,197,15315,,418,0,,,,,,3872,,0,235548,6829,65790,,,,171627,6192,235548,6829
5/21/20,CA,B,3542,,106,,,,4735,0,,1310,1334930,38867,,,,,,86197,86197,2140,0,,,,,,,,0,1421127,41007,,,,,,0,1421127,41007
5/21/20,CO,A,1310,1036,11,273,4037,4037,620,47,,,119034,6220,38142,,,,,23191,20903,394,0,3315,,,,,3580,158918,5121,158918,5121,41457,,,,139937,4326,,0
5/21/20,CT,B,3582,,53,,10946,10946,816,0,,,157239,5538,,,,,,39208,,191,0,,,,,,6264,,0,196447,5729,,,,,,0,196447,5729
5/21/20,DC,A,412,,5,,,,336,0,,,33968,1100,,,,,74,7788,,237,0,,,,,,1061,41756,1337,41756,1337,,,,,,0,,0
5/21/20,DE,B,417,364,3,53,,,220,0,,,39156,1938,,,,,,8386,,192,0,,,,,10177,4130,59225,1171,59225,1171,,,,,47542,2130,,0
5/21/20,FL,A,2222,2222,49,,9200,9200,,266,,,765254,41377,,,871876,,,47092,,1190,0,,,,,66424,,817226,45203,817226,45203,,,,,815584,42915,940758,53378
5/21/20,GA,A,1754,,67,,7235,7235,919,128,1642,,367326,4033,,,,,,40405,40405,758,0,,,,,35526,,,0,339388,477,,,,,,0,339388,477
5/21/20,GU,C,5,,0,,,,,0,,,4899,92,,,4875,,,165,160,0,0,,,,,160,125,,0,5064,92,,,,,,0,5167,132
5/21/20,HI,C,17,,0,,82,82,,0,,,46506,843,,,,,,643,,2,0,,,,,606,578,45969,1033,45969,1033,,,,,47149,845,,0
5/21/20,IA,A+,406,,18,,,,376,0,,125,100395,5261,,11908,,,80,16170,16170,556,0,,,1711,,,8672,,0,116565,5817,,,13622,,116828,5821,,0
5/21/20,ID,B,77,,0,,221,221,27,6,91,,36382,291,,,,,,2506,2278,30,0,,,,,,1688,,0,38660,316,,,,,38660,316,,0
5/21/20,IL,A,4607,4607,82,,,,4107,0,,1088,569334,27039,,,,,609,102686,102686,2268,0,,,,,,,,0,672020,29307,,,,,672020,29307,,0
5/21/20,IN,A+,1913,1764,49,149,4389,4389,1166,0,990,409,173059,6595,,,,,175,29936,,662,0,,,,,30933,,,0,270213,8160,,,,,202995,7257,270213,8160
5/21/20,KS,A+,178,,0,,760,760,,0,258,,62664,0,,,,116,,8539,,0,0,,,,,,473,,0,71203,0,,,,,71048,0,,0
5/21/20,KY,A,376,375,10,1,2016,2016,474,6,879,98,150505,4588,,,,,,8275,8167,206,0,,,,,,2919,,0,158672,4872,,,,,,0,158672,4872
5/21/20,LA,B,2629,2506,21,123,,,884,0,,,268877,18223,,,,,107,36504,36504,1188,0,,,,,,26249,,0,305381,19411,,,,,,0,305381,19411
5/21/20,MA,A,6148,6148,82,,9040,9040,2396,143,,647,411402,10419,,,,,,90084,90084,1114,0,,,,,115960,,,0,649501,15944,,,,,501486,11533,649501,15944
5/21/20,MD,B,2221,2116,23,105,7485,7485,1374,92,,526,176702,3695,,,,,,43531,43531,1208,0,,,,,49129,3099,,0,245385,9592,,,,,220233,4903,245385,9592
5/21/20,ME,B,73,73,0,,235,235,41,4,,21,35450,0,2704,,35450,,12,1877,1678,58,0,177,,,,2201,1145,,0,37327,58,2884,,,,28357,0,37725,0
5/21/20,MI,A+,5555,5349,41,237,,,1054,0,,472,421788,15940,,,421788,,361,60610,56132,459,0,,,,,70624,28234,,0,482398,16399,,,,,,0,492412,16698
5/21/20,MN,A,818,809,32,9,2380,2380,566,72,787,229,177506,7307,,,,,,21582,21582,973,0,,,,,,12488,199088,8280,199088,8280,,,,,,0,,0
5/21/20,MO,B,661,,30,,,,697,0,,,150752,0,,14443,149562,,99,11340,11340,108,0,,,601,,13853,,,0,163684,4048,,,15068,,161984,0,163684,4048
5/21/20,MP,D,2,,0,,,,,0,,,4067,271,,,,,,22,22,1,0,,,,,,13,,0,4089,272,,,,,,0,4089,272
5/21/20,MS,A,580,,10,,1932,1932,638,31,,158,113748,5035,,,,,92,12222,,255,0,80,,,,,7681,,0,125970,5290,4055,,,,,0,125970,5290
5/21/20,MT,C,16,,0,,65,65,3,0,,,30045,797,,,,,,479,479,1,0,,,,,,440,,0,30524,798,,,,,,0,30524,798
5/21/20,NC,A,716,716,14,,,,578,0,,,269785,12304,,,,,,20860,20860,738,0,,,,,,11637,,0,290645,13042,,,,,,0,290645,13042
5/21/20,ND,C,51,,2,,144,144,39,2,,,59050,1945,,,,,,2163,2163,95,0,,,,,,1340,72120,2624,72120,2624,,,,,59149,2018,73447,2667
5/21/20,NE,D,138,,6,,,,,0,,,64518,3229,,,74773,,,11122,11122,276,0,,,,,12927,,,0,88023,3968,,,,,75864,3531,88023,3968
5/21/20,NH,B,190,,8,,385,385,103,2,109,,48962,1795,,,,,,3868,3868,147,0,,,,,,1388,,0,58218,2531,9403,,7254,,52830,1942,58218,2531
5/21/20,NJ,A+,12518,10843,102,1675,,,3208,0,,896,392802,11858,,,,,700,151472,151472,1073,0,,,,,,24236,,0,544274,12931,,,,,,0,544274,12931
5/21/20,NM,C,294,,11,,1139,1139,205,0,,,146295,5268,,,,,,6472,6472,155,0,,,,,,2041,,0,152767,5423,,,,,,0,152767,5423
5/21/20,NV,A+,397,,4,,,,410,0,,92,87127,3122,,,,,52,7255,7255,89,0,,,,,,,134021,7912,134021,7912,,,,,94382,3211,111323,3657
5/21/20,NY,A,23083,,107,,87638,87638,5187,179,,1695,1198597,47131,,,,,1345,356458,356458,2088,0,,,,,,62826,1555055,49219,1555055,49219,,,,,,0,,0
5/21/20,OH,B,1836,1653,55,183,5295,5295,892,97,1397,349,268911,8819,,,,,258,30167,28174,731,0,,,,,,,,0,299078,9550,,,,,,0,297085,9476
5/21/20,OK,A+,304,,5,,917,917,201,12,,78,143915,5076,,,142983,,,5680,5680,148,0,459,,,,6464,4361,,0,149595,5224,13642,,,,,0,149447,4229
5/21/20,OR,A+,145,,1,,732,732,140,9,,40,101407,3059,,,136410,,14,3817,3725,16,0,,,,,10166,1406,,0,146576,4422,,,,,105132,3083,146576,4422
5/21/20,PA,B,4869,,245,,,,1654,0,,,303514,17480,,,,,361,65392,,1726,0,,,,,,,,0,368906,19206,,,,,368906,19206,,0
5/21/20,PR,C,126,60,1,66,,,114,0,,13,40488,40488,,,40095,,7,1213,1213,7,0,1700,,,,1572,,,0,41701,40495,,,,,,0,41701,41701
5/21/20,RI,A+,556,,18,,1506,1506,254,20,,56,86399,1939,,,117886,,41,13748,13748,169,0,,,,,17405,1047,132561,3096,132561,3096,,,,,100147,2108,135291,4109
5/21/20,SC,A+,407,407,8,,1444,1444,414,0,,,129063,3056,,,,,,9175,9175,119,0,,,,,,5451,,0,138238,3175,,,,,138238,3175,,0
5/21/20,SD,C,48,,2,,342,342,91,9,,,27051,839,,,,,,4250,,73,0,,,,,,3145,,0,31301,912,,,,,31301,912,,0
5/21/20,TN,B,313,313,4,,1539,1539,601,24,,,341622,6141,,,,,,18961,18961,429,0,,,,,,12191,,0,360583,6570,,,,,360583,6570,,0
5/21/20,TX,B,1440,,21,,,,1680,0,,,786095,32421,,,,,,52268,52268,945,0,2114,,,,68369,30341,,0,838363,33366,60252,,,,,0,838363,33366
5/21/20,UT,B,92,,2,,647,647,169,16,207,,177855,3061,,,195678,88,,7874,7874,164,0,,,,,8969,4596,,0,204647,4230,,,,,185886,3227,204647,4230
5/21/20,VA,A+,1099,1064,25,35,4093,4093,1491,114,,351,184462,4744,,,,,191,34137,32428,1229,0,,,,,42676,4778,257480,11052,257480,11052,,,,,,0,,0
5/21/20,VI,C,6,6,0,,,,,0,,,1314,0,,,,,,69,,0,0,,,,,,61,,0,1383,0,,,,,,0,1409,26
5/21/20,VT,B,54,54,0,,,,14,0,,,23188,1099,,,,,,950,950,5,0,,,,,,827,,0,29221,1277,,,,,24138,1104,29221,1277
5/21/20,WA,B,1037,1037,6,,3125,3125,518,3125,,,311288,5437,,,,,70,20034,20034,299,0,,,,,,,331812,5733,331812,5733,,,,,296884,4672,,0
5/21/20,WI,A+,487,487,6,,2218,2218,398,57,526,126,163238,8938,,,,,,15792,13885,523,0,,,,,,8012,224508,13693,224508,13693,,,,,161122,0,,0
5/21/20,WV,B,70,,1,,,,46,0,,12,81548,2452,,,,,9,1593,1593,48,0,,,,,,983,,0,83141,2500,,,,,,0,83141,2500
5/21/20,WY,C,11,,0,,75,75,8,1,,,18053,0,,,20650,,,801,608,14,0,,,,,745,534,,0,21395,923,,,,,,0,21395,923
5/20/20,AK,C,10,10,0,,46,46,16,0,,,36641,662,,,,,,404,,3,0,,,,,,352,,0,37045,665,,,,,,0,37045,665
5/20/20,AL,B,517,517,13,,1493,1493,560,40,524,,151706,6516,,,,309,,12744,12744,368,0,,,,,,,,0,164450,6884,,,,,164450,6884,,0
5/20/20,AR,A,107,,5,,535,535,78,0,,,91255,2477,,,,101,14,5003,5003,80,0,,,,,,3852,,0,96258,2557,,,,,,0,96258,2557
5/20/20,AS,D,0,,0,,,,,0,,,124,0,,,,,,0,0,0,0,,,,,,,,0,124,0,,,,,,0,124,0
5/20/20,AZ,A+,747,,43,,2836,2836,810,36,,298,150538,3533,,,,,208,14897,,331,0,,,,,,3773,,0,228719,8051,61664,,,,165435,3864,228719,8051
5/20/20,CA,B,3436,,102,,,,4681,0,,1345,1296063,38542,,,,,,84057,84057,2262,0,,,,,,,,0,1380120,40804,,,,,,0,1380120,40804
5/20/20,CO,A,1299,1026,42,273,3990,3990,613,35,,,112814,3459,35941,,,,,22797,20595,315,0,3183,,,,,3532,153797,4365,153797,4365,39124,,,,135611,3774,,0
5/20/20,CT,B,3529,,57,,10946,10946,887,0,,,151701,4611,,,,,,39017,,587,0,,,,,,6264,,0,190718,5198,,,,,,0,190718,5198
5/20/20,DC,A,407,,7,,,,336,0,,,32868,928,,,,,74,7551,,117,0,,,,,,1059,40419,1045,40419,1045,,,,,,0,,0
5/20/20,DE,B,414,362,6,52,,,220,0,,,37218,1123,,,,,,8194,,157,0,,,,,10053,3965,58054,880,58054,880,,,,,45412,1280,,0
5/20/20,FL,A+,2173,2173,44,,8934,8934,,190,,,723877,54966,,,821168,,,45902,,475,0,,,,,64172,,772023,71322,772023,71322,,,,,772669,55507,887380,67453
5/20/20,GA,A,1687,,23,,7107,7107,959,80,1617,,363293,23858,,,,,,39647,39647,926,0,,,,,35460,,,0,338911,16484,,,,,,0,338911,16484
5/20/20,GU,C,5,,0,,,,,0,,,4807,134,,,4754,,,165,160,11,0,,,,,149,125,,0,4972,145,,,,,,0,5035,115
5/20/20,HI,C,17,,0,,82,82,,0,,,45663,1280,,,,,,641,,1,0,,,,,606,578,44936,836,44936,836,,,,,46304,1281,,0
5/20/20,IA,A+,388,,16,,,,381,0,,126,95134,2835,,11304,,,84,15614,15614,265,0,,,1696,,,8362,,0,110748,3100,,,13004,,111007,3359,,0
5/20/20,ID,B,77,,3,,215,215,28,2,89,,36091,477,,,,,,2476,2253,21,0,,,,,,1668,,0,38344,497,,,,,38344,497,,0
5/20/20,IL,A,4525,4525,146,,,,3914,0,,1005,542295,18641,,,,,554,100418,100418,2388,0,,,,,,,,0,642713,21029,,,,,642713,21029,,0
5/20/20,IN,A+,1864,1716,40,148,4389,4389,1288,0,990,431,166464,5839,,,,,197,29274,,569,0,,,,,30308,,,0,262053,8870,,,,,195738,6408,262053,8870
5/20/20,KS,A+,178,,5,,760,760,,20,258,,62664,4014,,,,116,,8539,,199,0,,,,,,473,,0,71203,4213,,,,,71048,4166,,0
5/20/20,KY,A,366,365,0,1,2010,2010,443,30,875,269,145917,0,,,,,,8069,7979,0,0,,,,,,2826,,0,153800,0,,,,,,0,153800,0
5/20/20,LA,B,2608,2485,27,123,,,931,0,,,250654,7619,,,,,110,35316,35316,278,0,,,,,,26249,,0,285970,7897,,,,,,0,285970,7897
5/20/20,MA,A,6066,6066,128,,8897,8897,2518,131,,675,400983,11968,,,,,,88970,88970,1045,0,,,,,114290,,,0,633557,16910,,,,,489953,13013,633557,16910
5/20/20,MD,B,2198,2093,34,105,7393,7393,1410,194,,539,173007,5895,,,,,,42323,42323,777,0,,,,,47697,2993,,0,235793,7535,,,,,215330,6672,235793,7535
5/20/20,ME,B,73,73,0,,231,231,43,6,,24,35450,13358,2704,,35450,,12,1819,1632,78,0,177,,,,2201,1100,,0,37269,13436,2884,,,,28357,0,37725,4690
5/20/20,MI,A+,5514,5318,44,236,,,1066,0,,492,405848,13640,,,405848,,332,60151,55838,575,0,,,,,69866,28234,,0,465999,14215,,,,,,0,475714,14349
5/20/20,MN,A,786,777,29,9,2308,2308,550,87,773,212,170199,6190,,,,,,20609,20609,767,0,,,,,,12227,190808,6957,190808,6957,,,,,,0,,0
5/20/20,MO,B,631,,15,,,,546,0,,,150752,7722,,13224,145742,,103,11232,11232,152,0,,,545,,13629,,,0,159636,4863,,,13788,,161984,7874,159636,4863
5/20/20,MP,D,2,,0,,,,,0,,,3796,0,,,,,,21,21,0,0,,,,,,13,,0,3817,0,,,,,,0,3817,0
5/20/20,MS,A,570,,16,,1901,1901,644,61,,157,108713,2657,,,,,89,11967,,263,0,,,,,,7681,,0,120680,2920,,,,,,0,120680,2920
5/20/20,MT,C,16,,0,,65,65,3,0,,,29248,769,,,,,,478,478,7,0,,,,,,440,,0,29726,776,,,,,,0,29726,776
5/20/20,NC,A,702,702,11,,,,554,0,,,257481,12173,,,,,,20122,20122,422,0,,,,,,11637,,0,277603,12595,,,,,,0,277603,12595
5/20/20,ND,C,49,,4,,142,142,38,7,,,57105,1368,,,,,,2068,2068,81,0,,,,,,1302,69496,1982,69496,1982,,,,,57131,1502,70780,2033
5/20/20,NE,D,132,,7,,,,,0,,,61289,1930,,,71185,,,10846,10846,221,0,,,,,12553,,,0,84055,3311,,,,,72333,2186,84055,3311
5/20/20,NH,B,182,,10,,383,383,105,15,109,,47167,1345,,,,,,3721,3721,69,0,,,,,,1275,,0,55687,3427,8744,,6617,,50888,1414,55687,3427
5/20/20,NJ,A+,12416,10747,168,1669,,,3405,0,,969,380944,9775,,,,,750,150399,150399,1386,0,,,,,,23945,,0,531343,11161,,,,,,0,531343,11161
5/20/20,NM,C,283,,7,,1139,1139,206,253,,,141027,4973,,,,,,6317,6317,125,0,,,,,,1985,,0,147344,5098,,,,,,0,147344,5098
5/20/20,NV,A,393,,3,,,,437,0,,107,84005,3496,,,,,60,7166,7166,120,0,,,,,,,126109,7055,126109,7055,,,,,91171,3616,107666,3963
5/20/20,NY,A,22976,,133,,87459,87459,5570,290,,1761,1151466,36572,,,,,1421,354370,354370,1525,0,,,,,,61886,1505836,38097,1505836,38097,,,,,,0,,0
5/20/20,OH,B,1781,1603,61,178,5198,5198,902,81,1369,333,260092,11442,,,,,248,29436,27517,484,0,,,,,,,,0,289528,11926,,,,,,0,287609,10007
5/20/20,OK,A+,299,,5,,905,905,209,8,,92,138839,5181,,,138839,,,5532,5532,43,0,459,,,,6379,4266,,0,144371,5224,13642,,,,,0,145218,4956
5/20/20,OR,A+,144,,4,,723,723,152,9,,42,98348,2354,,,132082,,17,3801,3701,75,0,,,,,10072,1406,,0,142154,3787,,,,,102049,2419,142154,3787
5/20/20,PA,B,4624,,0,,,,1818,0,,,286034,0,,,,,377,63666,,0,0,,,,,,,,0,349700,0,,,,,349700,0,,0
5/20/20,PR,C,125,66,1,,,,110,0,,20,,0,,,,,5,1206,1206,-1,0,1660,,,,,,,0,1206,-1,,,,,,0,,0
5/20/20,RI,A+,538,,6,,1486,1486,257,22,,58,84460,1525,,,114141,,45,13579,13579,187,0,,,,,17041,1030,129465,3583,129465,3583,,,,,98039,1712,131182,3078
5/20/20,SC,A+,399,399,0,,1444,1444,,0,,,126007,0,,,,,,9056,9056,0,0,,,,,,5451,,0,135063,0,,,,,135063,0,,0
5/20/20,SD,C,46,,0,,333,333,81,6,,,26212,588,,,,,,4177,,92,0,,,,,,3023,,0,30389,680,,,,,30389,680,,0
5/20/20,TN,B,309,309,4,,1515,1515,652,17,,,335481,7736,,,,,,18532,18532,154,0,,,,,,11783,,0,354013,7890,,,,,354013,7890,,0
5/20/20,TX,B,1419,,50,,,,1791,0,,,753674,32432,,,,,,51323,51323,1411,0,,,,,66586,30341,,0,804997,33843,49313,,,,,0,804997,33843
5/20/20,UT,B,90,,2,,631,631,144,12,200,,174794,3426,,,191649,87,,7710,7710,192,0,,,,,8768,4423,,0,200417,4566,,,,,182659,3615,200417,4566
5/20/20,VA,A+,1074,1040,33,34,3979,3979,1536,75,,370,179718,9074,,,,,202,32908,31247,763,0,,,,,41104,4523,246428,8154,246428,8154,,,,,,0,,0
5/20/20,VI,C,6,6,0,,,,,0,,,1314,16,,,,,,69,,0,0,,,,,,61,,0,1383,16,,,,,,0,1383,16
5/20/20,VT,B,54,54,0,,,,15,0,,,22089,527,,,,,,945,945,1,0,,,,,,824,,0,27944,595,,,,,23034,528,27944,595
5/20/20,WA,B,1031,1031,29,,,,504,0,,52,305851,6792,,,,,,19735,19735,319,0,,,,,,,326079,7060,326079,7060,,,,,292212,5638,,0
5/20/20,WI,A+,481,481,14,,2161,2161,393,51,515,128,154300,6063,,,,,,15269,13413,577,0,,,,,,7728,210815,11911,210815,11911,,,,,161122,0,,0
5/20/20,WV,B,69,,1,,,,58,0,,16,79096,2304,,,,,9,1545,1545,36,0,,,,,,950,,0,80641,2340,,,,,,0,80641,2340
5/20/20,WY,C,11,,1,,74,74,9,1,,,18053,969,,,19744,,,787,596,11,0,,,,,728,528,,0,20472,602,,,,,,0,20472,602
5/19/20,AK,B,10,10,0,,46,46,16,0,,,35979,769,,,,,,401,,0,0,,,,,,348,,0,36380,769,,,,,,0,36380,769
5/19/20,AL,B,504,504,15,,1453,1453,489,37,517,,145190,153,,,,306,,12376,12376,290,0,,,,,,,,0,157566,443,,,,,157566,443,,0
5/19/20,AR,A,102,,2,,535,535,78,5,,,88778,8352,,,,101,14,4923,4923,110,0,,,,,,3739,,0,93701,8516,,,,,,0,93701,8516
5/19/20,AS,C,0,,0,,,,,0,,,124,19,,,,,,0,0,0,0,,,,,,,,0,124,19,,,,,,0,124,19
5/19/20,AZ,A+,704,,18,,2800,2800,792,43,,318,147005,4702,,,,,201,14566,,396,0,,,,,,3693,,0,220668,9122,59041,,,,161571,5098,220668,9122
5/19/20,CA,B,3334,,32,,,,4363,0,,1307,1257521,45279,,,,,,81795,81795,1365,0,,,,,,,,0,1339316,46644,,,,,,0,1339316,46644
5/19/20,CO,A,1257,1001,33,256,3955,3955,626,56,,,109355,224,33887,,,,,22482,20304,280,0,3047,,,,,3478,149432,3014,149432,3014,36934,,,,131837,2678,,0
5/19/20,CT,B,3472,,23,,10946,10946,914,0,,,147090,7527,,,,,,38430,,314,0,,,,,,6264,,0,185520,7841,,,,,,0,185520,7841
5/19/20,DC,A,400,,8,,,,375,0,,,31940,1385,,,,,77,7434,,164,0,,,,,,1040,39374,1549,39374,1549,,,,,,0,,0
5/19/20,DE,B,408,357,9,51,,,236,0,,,36095,1506,,,,,,8037,,168,0,,,,,9932,3760,57174,983,57174,983,,,,,44132,1674,,0
5/19/20,FL,A+,2129,2129,56,,8744,8744,,191,,,668911,38941,,,754767,,,45427,,612,0,,,,,63148,,700701,30481,700701,30481,,,,,717162,39452,819927,73803
5/19/20,GA,A+,1664,,22,,7027,7027,986,111,1589,,339435,13227,,,,,,38721,38721,640,0,,,,,34500,,,0,322427,4167,,,,,,0,322427,4167
5/19/20,GU,C,5,,0,,,,,0,,,4673,104,,,4645,,,154,149,0,0,,,,,149,126,,0,4827,104,,,,,,0,4920,4920
5/19/20,HI,B,17,,0,,82,82,,0,,,44383,2978,,,,,,640,,0,0,,,,,604,574,44100,478,44100,478,,,,,45023,2499,,0
5/19/20,IA,A+,372,,17,,,,383,0,,126,92299,4106,,10718,,,83,15349,15349,394,0,,,1683,,,8130,,0,107648,4500,,,12404,,107648,4500,,0
5/19/20,ID,B,74,,1,,213,213,28,0,89,,35614,1361,,,,,,2455,2233,36,0,,,,,,1649,,0,37847,1391,,,,,37847,1391,,0
5/19/20,IL,A,4379,4379,145,,,,4002,0,,993,523654,16898,,,,,576,98030,98030,1545,0,,,,,,,,0,621684,18443,,,,,621684,18443,,0
5/19/20,IN,A+,1824,1678,59,146,4389,4389,1268,0,990,421,160625,4968,,,,,206,28705,,450,0,,,,,29641,,,0,253183,10043,,,,,189330,5418,253183,10043
5/19/20,KS,A,173,,0,,740,740,,0,250,,58650,0,,,,115,,8340,,0,0,,,,,,465,,0,66990,0,,,,,66882,0,,0
5/19/20,KY,A+,366,345,32,1,1980,1980,447,84,866,277,145917,23920,,,,,,8069,7883,381,0,,,,,,2826,,0,153800,24395,,,,,,0,153800,24395
5/19/20,LA,B,2581,2458,18,123,,,1004,0,,,243035,7996,,,,,112,35038,35038,329,0,,,,,,26249,,0,278073,8325,,,,,,0,278073,8325
5/19/20,MA,A+,5938,5938,76,,8766,8766,2472,145,,672,389015,6868,,,,,,87925,87925,873,0,,,,,112611,,,0,616647,16689,,,,,476940,7741,616647,16689
5/19/20,MD,B,2164,2061,42,103,7199,7199,1421,113,,537,167112,5368,,,,,,41546,41546,1784,0,,,,,46787,2868,,0,228258,5757,,,,,208658,7152,228258,5757
5/19/20,ME,B,73,73,2,,225,225,44,2,,19,22092,0,587,,,,11,1741,1561,28,0,,,,,,1088,,0,23833,28,,,,,28357,0,33035,0
5/19/20,MI,A+,5470,5278,43,233,,,1079,0,,486,392208,16093,,,392208,,351,59576,55461,764,0,,,,,69157,28234,,0,451784,16857,,,,,,0,461365,17060
5/19/20,MN,A+,757,748,17,9,2221,2221,545,93,750,229,164009,5522,,,,,,19842,19842,855,0,,,,,,11540,183851,6377,183851,6377,,,,,,0,,0
5/19/20,MO,B,616,,11,,,,721,0,,,143030,2637,,12995,141119,,103,11080,11080,135,0,,,532,,13393,,,0,154773,2453,,,13545,,154110,2772,154773,2453
5/19/20,MP,D,2,,0,,,,,0,,,3796,397,,,,,,21,21,0,0,,,,,,13,,0,3817,397,,,,,,0,3817,397
5/19/20,MS,A,554,,26,,1840,1840,611,35,,153,106056,1721,,,,,87,11704,,272,0,,,,,,7681,,0,117760,1993,,,,,,0,117760,1993
5/19/20,MT,B,16,,0,,65,65,5,1,,,28479,782,,,,,,471,471,1,0,,,,,,437,,0,28950,783,,,,,,0,28950,783
5/19/20,NC,A,691,691,30,,,,585,0,,,245308,8576,,,,,,19700,19700,677,0,,,,,,11637,,0,265008,9253,,,,,,0,265008,9253
5/19/20,ND,C,45,,1,,135,135,32,2,,,55737,1107,,,,,,1987,1987,60,0,,,,,,1269,67514,1839,67514,1839,,,,,55629,1138,68747,1886
5/19/20,NE,C,125,,2,,,,,0,,,59359,2206,,,68180,,,10625,10625,277,0,,,,,12264,,,0,80744,4046,,,,,70147,2498,80744,4046
5/19/20,NH,B,172,,0,,368,368,109,9,109,,45822,4540,,,,,,3652,3652,56,0,,,,,,1269,,0,52260,1273,8090,,6445,,49474,4596,52260,1273
5/19/20,NJ,A+,12248,10586,152,1662,,,3481,0,,977,371169,13639,,,,,789,149013,149013,974,0,,,,,,23657,,0,520182,14613,,,,,,0,520182,14613
5/19/20,NM,C,276,,6,,886,886,204,0,,,136054,4530,,,,,,6192,6192,96,0,,,,,,1882,,0,142246,4626,,,,,,0,142246,4626
5/19/20,NV,B,390,,7,,,,405,0,,106,80509,5583,,,,,54,7046,7046,140,0,,,,,,,119054,6265,119054,6265,,,,,87555,5723,103703,6609
5/19/20,NY,A,22843,,114,,87169,87169,5818,268,,1836,1114894,26708,,,,,1481,352845,352845,1474,0,,,,,,61886,1467739,28182,1467739,28182,,,,,,0,,0
5/19/20,OH,B,1720,1556,63,164,5117,5117,913,119,1357,365,248650,5255,,,,,234,28952,27106,498,0,,,,,,,,0,277602,5753,,,,,,0,277602,7561
5/19/20,OK,A+,294,,6,,897,897,167,12,,77,133658,15496,,,133658,,,5489,5489,91,0,459,,,,6221,4135,,0,139147,15587,13642,,,,,0,140262,16308
5/19/20,OR,A+,140,,2,,714,714,137,6,,43,95994,2366,,,128370,,13,3726,3636,39,0,,,,,9997,1406,,0,138367,4024,,,,,99630,2398,138367,4024
5/19/20,PA,B,4624,,119,,,,1861,0,,,286034,8481,,,,,380,63666,,610,0,,,,,,,,0,349700,9091,,,,,349700,9091,,0
5/19/20,PR,C,124,60,0,,,,121,0,,20,,0,,,,,8,1207,1207,12,0,1598,,,,,,,0,1207,12,,,,,,0,,0
5/19/20,RI,A+,532,,26,,1464,1464,247,26,,59,82935,1878,,,111383,,44,13392,13392,215,0,,,,,16721,1023,125882,2251,125882,2251,,,,,96327,2093,128104,3482
5/19/20,SC,A,399,399,8,,1444,1444,,23,,,126007,3390,,,,,,9056,9056,114,0,,,,,,5451,,0,135063,3504,,,,,135063,3504,,0
5/19/20,SD,B,46,,2,,327,327,75,11,,,25624,606,,,,,,4085,,58,0,,,,,,2914,,0,29709,664,,,,,29709,664,,0
5/19/20,TN,A,305,305,4,,1498,1498,615,9,,,327745,8328,,,,,,18378,18378,367,0,,,,,,10969,,0,346123,8695,,,,,346123,8695,,0
5/19/20,TX,A,1369,,22,,,,1732,0,,,721242,35724,,,,,,49912,49912,1219,0,,,,,64658,29359,,0,771154,36943,44791,,,,,0,771154,36943
5/19/20,UT,B,88,,8,,619,619,96,24,197,,171368,3175,,,187302,84,,7518,7384,134,0,,,,,8549,4275,,0,195851,4217,,,,,179044,3380,195851,4217
5/19/20,VA,A+,1041,1007,27,34,3904,3904,1497,82,,377,170644,5558,,,,,199,32145,30539,1005,0,,,,,39921,4271,238274,5640,238274,5640,,,,,,0,,0
5/19/20,VI,C,6,6,0,,,,,0,,,1298,20,,,,,,69,,0,0,,,,,,61,,0,1367,20,,,,,,0,1367,20
5/19/20,VT,B,54,54,0,,,,24,0,,,21562,548,,,,,,944,944,4,0,,,,,,820,,0,27349,643,,,,,22506,552,27349,643
5/19/20,WA,A,1002,1002,1,,,,539,0,,52,299059,8335,,,,,,19416,19416,64,0,,,,,,,319019,8633,319019,8633,,,,,286574,7096,,0
5/19/20,WI,A+,467,467,8,,2110,2110,398,42,503,130,148237,3735,,,,,,14692,12885,250,0,,,,,,7371,198904,8072,198904,8072,,,,,161122,3933,,0
5/19/20,WV,B,68,,1,,,,54,0,,18,76792,2248,,,,,9,1509,1509,18,0,,,,,,922,,0,78301,2266,,,,,,0,78301,2266
5/19/20,WY,B,10,,2,,73,73,8,0,,,17084,753,,,19150,,,776,583,10,0,,,,,720,504,,0,19870,645,,,,,,0,19870,645
5/18/20,AK,B,10,10,0,,46,46,9,0,,,35210,957,,,,,,401,,3,0,,,,,,345,,0,35611,960,,,,,,0,35611,960
5/18/20,AL,B,489,489,1,,1416,1416,536,24,512,,145037,458,,,,302,,12086,12086,315,0,,,,,,,,0,157123,773,,,,,157123,773,,0
5/18/20,AR,A,100,,2,,530,530,77,10,,,80426,0,,,,101,12,4813,4813,54,0,,,,,,3645,,0,85185,0,,,,,,0,85185,0
5/18/20,AS,C,0,,0,,,,,0,,,105,0,,,,,,0,0,0,0,,,,,,,,0,105,0,,,,,,0,105,0
5/18/20,AZ,A+,686,,6,,2757,2757,820,54,,329,142303,4479,,,,,200,14170,,233,0,,,,,,3570,,0,211546,3281,56311,,,,156473,4712,211546,3281
5/18/20,CA,B,3302,,41,,,,4391,0,,1325,1212242,55838,,,,,,80430,80430,1591,0,,,,,,,,0,1292672,57429,,,,,,0,1292672,57429
5/18/20,CO,A,1224,975,9,249,3899,3899,626,27,,,109131,2574,33431,,,,,22202,20028,264,0,3018,,,,,3431,146418,3269,146418,3269,36359,,,,129159,2829,,0
5/18/20,CT,B,3449,,41,,10946,10946,920,0,,,139563,6375,,,,,,38116,,697,0,,,,,,6264,,0,177679,7072,,,,,,0,177679,7072
5/18/20,DC,A,392,,9,,,,374,0,,,30555,1152,,,,,70,7270,,147,0,,,,,,1028,37825,1299,37825,1299,,,,,,0,,0
5/18/20,DE,B,399,351,7,48,,,240,0,,,34589,1394,,,,,,7869,,199,0,,,,,9840,3545,56191,2093,56191,2093,,,,,42458,1593,,0
5/18/20,FL,A+,2073,2073,24,,8553,8553,,75,,,629970,23766,,,683219,,,44815,,654,0,,,,,60938,,670220,19312,670220,19312,,,,,677710,24629,746124,0
5/18/20,GA,A+,1642,,36,,6916,6916,1025,126,1565,,326208,12734,,,,,,38081,38081,380,0,,,,,34333,,,0,318260,9329,,,,,,0,318260,9329
5/18/20,GU,C,5,,0,,,,,0,,,4569,119,,,,,,154,149,0,0,,,,,,126,,0,4723,119,,,,,,0,,0
5/18/20,HI,B,17,,0,,82,82,,0,,,41405,370,,,,,,640,,1,0,,,,,604,573,43622,717,43622,717,,,,,42524,746,,0
5/18/20,IA,A+,355,,4,,,,382,0,,121,88193,2603,,,,,85,14955,14955,304,0,,,,,,7324,,0,103148,2907,,,,,103148,2907,,-100241
5/18/20,ID,B,73,,0,,213,213,30,0,89,,34253,0,,,,,,2419,2203,0,0,,,,,,1612,,0,36456,0,,,,,36456,0,,0
5/18/20,IL,A,4234,4234,57,,,,4120,0,,1096,506756,19003,,,,,636,96485,96485,2294,0,,,,,,,,0,603241,21297,,,,,603241,603241,,-581944
5/18/20,IN,A+,1765,1621,14,144,4389,4389,1244,0,990,426,155657,6192,,,,,212,28255,,477,0,,,,,28874,,,0,243140,2308,,,,,183912,6669,243140,2308
5/18/20,KS,A,173,,1,,740,740,,16,250,,58650,4944,,,,115,,8340,,454,0,,,,,,465,,0,66990,5398,,,,,66882,5394,,0
5/18/20,KY,A+,334,334,0,,1896,1896,381,0,797,218,121997,0,,,,,,7688,7408,0,0,,,,,,2768,,0,129405,0,,,,,,0,129405,0
5/18/20,LA,B,2563,2440,72,123,,,1031,0,,,235039,4301,,,,,118,34709,34709,277,0,,,,,,26249,,0,269748,4578,,,,,,0,269748,4578
5/18/20,MA,A+,5862,5862,65,,8621,8621,2533,82,,674,382147,7331,,,,,,87052,87052,1042,0,,,,,110751,,,0,599958,17590,,,,,469199,8373,599958,17590
5/18/20,MD,B,2122,2020,32,102,7086,7086,1447,93,,555,161744,5622,,,,,,39762,39762,958,0,,,,,45932,2817,,0,222501,6706,,,,,201506,6580,222501,6706
5/18/20,ME,B,71,71,1,,223,223,42,7,,16,22092,0,587,,,,10,1713,1533,26,0,,,,,,1053,,0,23805,26,,,,,28357,0,33035,0
5/18/20,MI,A+,5427,5237,31,233,,,1075,0,,473,376115,12567,,,376115,,418,58812,54872,534,0,,,,,68190,28234,,0,434927,13101,,,,,,0,444305,13503
5/18/20,MN,A+,740,731,9,9,2128,2128,488,38,731,229,158487,5418,,,,,,18987,18987,971,0,,,,,,10764,177474,6397,177474,6397,,,,,,0,,0
5/18/20,MO,B,605,,11,,,,570,0,,,140393,4927,,12553,138777,,91,10945,10945,156,0,,,519,,13283,,,0,152320,6065,,,13090,,151338,2421,152320,6065
5/18/20,MP,D,2,,0,,,,,0,,,3399,81,,,,,,21,21,0,0,,,,,,12,,0,3420,81,,,,,,0,3420,3420
5/18/20,MS,A,528,,7,,1805,1805,559,32,,141,104335,2505,,,,,75,11432,,136,0,,,,,,7681,,0,115767,2641,,,,,,0,115767,2641
5/18/20,MT,B,16,,0,,64,64,4,1,,,27697,1280,,,,,,470,470,2,0,,,,,,434,,0,28167,1282,,,,,,0,28167,1282
5/18/20,NC,A,661,661,2,,,,511,0,,,236732,6300,,,,,,19023,19023,511,0,,,,,,11637,,0,255755,6811,,,,,,0,255755,255755
5/18/20,ND,C,44,,1,,133,133,32,3,,,54630,1309,,,,,,1927,1927,31,0,,,,,,1219,65675,2022,65675,2022,,,,,54491,1303,66861,2047
5/18/20,NE,C,123,,0,,,,,0,,,57153,1733,,,64529,,,10348,10348,128,0,,,,,11881,,,0,76698,1425,,,,,67649,1875,76698,1425
5/18/20,NH,B,172,,1,,359,359,114,12,109,,41282,86,,,,,,3596,3596,40,0,,,,,,1268,,0,50987,2601,7663,,5839,,44878,126,50987,2601
5/18/20,NJ,A+,12096,10435,83,1661,,,3509,0,,1053,357530,16299,,,,,819,148039,148039,1705,0,,,,,,23496,,0,505569,18004,,,,,,0,505569,18004
5/18/20,NM,C,270,,5,,886,886,213,0,,,131524,4209,,,,,,6096,6096,158,0,,,,,,1796,,0,137620,4367,,,,,,0,137620,4367
5/18/20,NV,B,383,,8,,,,423,0,,105,74926,1146,,,,,65,6906,6906,49,0,,,,,,,112789,2625,112789,2625,,,,,81832,1195,97094,1140
5/18/20,NY,A,22729,,110,,86901,86901,5840,326,,1908,1088186,24911,,,,,1538,351371,351371,1250,0,,,,,,61681,1439557,26161,1439557,26161,,,,,,0,,0
5/18/20,OH,B,1657,1504,32,153,4998,4998,912,77,1328,367,243395,6856,,,,,247,28454,26646,531,0,,,,,,,,0,271849,7387,,,,,,0,270041,7282
5/18/20,OK,A+,288,,0,,885,885,76,5,,45,118162,0,,,118162,,,5398,5398,88,0,459,,,,5792,4008,,0,123560,88,13642,,,,,0,123954,0
5/18/20,OR,A+,138,,1,,708,708,137,5,,43,93628,2895,,,124438,,13,3687,3604,64,0,,,,,9905,1406,,0,134343,2713,,,,,97232,2957,134343,2713
5/18/20,PA,C,4505,,87,,,,1885,0,,,277553,6883,,,,,397,63056,,822,0,,,,,,,,0,340609,7705,,,,,340609,7705,,0
5/18/20,PR,C,124,60,1,,,,147,0,,17,,0,,,,,4,1195,1195,48,0,1515,,,,,,,0,1195,48,,,,,,0,,0
5/18/20,RI,A+,506,,7,,1438,1438,236,20,,62,81057,1289,,,108303,,46,13177,13177,137,0,,,,,16319,1012,123631,2999,123631,2999,,,,,94234,1426,124622,2130
5/18/20,SC,A,391,391,11,,1421,1421,,0,,,122617,10947,,,,,,8942,8942,126,0,,,,,,5076,,0,131559,11073,,,,,131559,131559,,-120331
5/18/20,SD,B,44,,0,,316,316,77,4,,,25018,446,,,,,,4027,,40,0,,,,,,2784,,0,29045,486,,,,,29045,486,,0
5/18/20,TN,A,301,301,3,,1489,1489,638,7,,,319417,11525,,,,,,18011,18011,623,0,,,,,,9886,,0,337428,12148,,,,,337428,337428,,-325280
5/18/20,TX,A,1347,,11,,,,1551,0,,,685518,10871,,,,,,48693,48693,909,0,,,,,61814,28371,,0,734211,11780,43168,,,,,0,734211,11780
5/18/20,UT,B,80,,0,,595,595,179,9,197,,168193,2552,,,183311,84,,7384,7384,146,0,,,,,8323,4183,,0,191634,3300,,,,,175664,2674,191634,3300
5/18/20,VA,A+,1014,980,5,34,3822,3822,1502,47,,361,165086,5113,,,,,194,31140,29591,752,0,,,,,39211,4107,232634,8508,232634,8508,,,,,,0,,0
5/18/20,VI,C,6,6,0,,,,,0,,,1278,0,,,,,,69,,0,0,,,,,,61,,0,1347,0,,,,,,0,1347,0
5/18/20,VT,B,54,54,0,,,,22,0,,,21014,562,,,,,,940,940,0,0,,,,,,815,,0,26706,672,,,,,21954,562,26706,672
5/18/20,WA,A,1001,1001,1,,,,558,0,,52,290724,8143,,,,,,19352,19352,118,0,,,,,,,310386,8462,310386,8462,,,,,279478,6982,,0
5/18/20,WI,A+,459,459,6,,2068,2068,379,30,496,127,144502,4828,,,,,,14442,12687,185,0,,,,,,6786,190832,6371,190832,6371,,,,,157189,4972,,-152217
5/18/20,WV,B,67,,0,,,,48,0,,11,74544,544,,,,,7,1491,1491,1,0,,,,,,919,,0,76035,545,,,,,,0,76035,545
5/18/20,WY,B,8,,0,,73,73,8,3,,,16331,0,,,18522,,,766,577,12,0,,,,,703,498,,0,19225,656,,,,,,0,19225,656
5/17/20,AK,B,10,10,0,,46,46,13,1,,,34253,1366,,,,,,398,,4,0,,,,,,344,,0,34651,1370,,,,,,0,34651,1370
5/17/20,AL,B,488,488,3,,1392,1392,460,5,504,,144579,2608,,,,296,,11771,11771,248,0,,,,,,,,0,156350,2856,,,,,156350,2856,,0
5/17/20,AR,A,98,,0,,520,520,65,0,,,80426,3360,,,,101,9,4759,4759,181,0,,,,,,3590,,0,85185,3656,,,,,,0,85185,3656
5/17/20,AS,C,0,,0,,,,,0,,,105,0,,,,,,0,0,0,0,,,,,,,,0,105,0,,,,,,0,105,0
5/17/20,AZ,A+,680,,1,,2703,2703,796,30,,337,137824,4667,,,,,201,13937,,306,0,,,,,,3450,,0,208265,12342,51245,,,,151761,4973,208265,12342
5/17/20,CA,B,3261,,57,,,,4291,0,,1293,1156404,54071,,,,,,78839,78839,2046,0,,,,,,,,0,1235243,56117,,,,,,0,1235243,56117
5/17/20,CO,A,1215,966,23,249,3872,3872,650,6,,,106557,2642,31788,,,,,21938,19773,305,0,2886,,,,,3346,143149,3414,143149,3414,34674,,,,126330,2908,,0
5/17/20,CT,B,3408,,69,,10946,10946,937,0,,,133188,5136,,,,,,37419,,716,0,,,,,,6264,,0,170607,5852,,,,,,0,170607,5852
5/17/20,DC,A,383,,8,,,,369,0,,,29403,913,,,,,74,7123,,81,0,,,,,,1023,36526,994,36526,994,,,,,,0,,0
5/17/20,DE,B,392,345,9,47,,,229,0,,,33195,984,,,,,,7670,,123,0,,,,,9619,3478,54098,3034,54098,3034,,,,,40865,1107,,0
5/17/20,FL,A+,2049,2049,9,,8478,8478,,85,,,606204,20968,,,683219,,,44161,,1136,0,,,,,60938,,650908,21549,650908,21549,,,,,653081,22286,746124,746124
5/17/20,GA,A+,1606,,14,,6790,6790,1010,55,1557,,313474,29552,,,,,,37701,37701,554,0,,,,,33760,,,0,308931,8234,,,,,,0,308931,8234
5/17/20,GU,C,5,,0,,,,,0,,,4450,85,,,,,,154,149,0,0,,,,,,126,,0,4604,85,,,,,,0,,0
5/17/20,HI,B,17,,0,,82,82,,1,,,41035,790,,,,,,639,,1,0,,,,,601,572,42905,745,42905,745,,,,,41778,788,,0
5/17/20,IA,A+,351,,5,,,,376,0,,124,85590,3618,,,,,85,14651,14651,323,0,,,,,,7154,,0,100241,3941,,,,,100241,3941,100241,100241
5/17/20,ID,B,73,,0,,213,213,26,0,89,,34253,954,,,,,,2419,2203,30,0,,,,,,1612,,0,36456,971,,,,,36456,971,,0
5/17/20,IL,A,4177,4177,48,,,,4190,0,,1144,487753,18561,,,,,735,94191,94191,1734,0,,,,,,,,0,581944,20295,,,,,,-561649,581944,581944
5/17/20,IN,A+,1751,1607,10,144,4389,4389,1246,0,990,441,149465,5387,,,,,205,27778,,498,0,,,,,28677,,,0,240832,3677,,,,,177243,5885,240832,3677
5/17/20,KS,A,172,,0,,724,724,,0,246,,53706,0,,,,112,,7886,,0,0,,,,,,443,,0,61592,0,,,,,61488,0,,0
5/17/20,KY,A+,334,334,2,,1896,1896,381,0,797,218,121997,1707,,,,,,7688,7408,244,0,,,,,,2768,,0,129405,1707,,,,,,0,129405,1707
5/17/20,LA,B,2491,2425,12,66,,,1019,0,,,230738,5113,,,,,111,34432,34432,315,0,,,,,,22608,,0,265170,5428,,,,,,0,265170,5428
5/17/20,MA,A+,5797,5797,92,,8539,8539,2597,83,,702,374816,11660,,,,,,86010,86010,1077,0,,,,,108607,,,0,582368,5855,,,,,460826,12737,582368,5855
5/17/20,MD,B,2090,1989,50,101,6993,6993,1460,238,,562,156122,3915,,,,,,38804,38804,836,0,,,,,45056,2816,,0,215795,6335,,,,,194926,4751,215795,6335
5/17/20,ME,B,70,70,0,,216,216,37,2,,16,22092,0,587,,,,11,1687,1511,39,0,,,,,,1028,,0,23779,39,,,,,28357,0,33035,0
5/17/20,MI,A+,5396,5194,39,233,,,1114,0,,488,363548,10392,,,363548,,434,58278,54457,255,0,,,,,67254,28234,,0,421826,10647,,,,,,0,430802,11436
5/17/20,MN,A+,731,722,22,9,2090,2090,487,51,716,221,153069,5670,,,,,,18016,18016,311,0,,,,,,10175,171077,5973,171077,5973,,,,,,0,,0
5/17/20,MO,B,594,,5,,,,775,0,,,135466,6801,,11214,135466,,116,10789,10789,114,0,,,473,,13191,,,0,146255,2289,,,11703,,148917,9577,146255,2289
5/17/20,MP,D,2,,0,,,,,0,,,3318,0,,,,,,21,21,0,0,,,,,,12,,0,3339,0,,,,,,0,,-3339
5/17/20,MS,A,521,,11,,1773,1773,608,25,,158,101830,4477,,,,,81,11296,,173,0,,,,,,6268,,0,113126,4650,,,,,,0,113126,4650
5/17/20,MT,B,16,,0,,63,63,3,0,,,26417,794,,,,,,468,468,0,0,,,,,,431,,0,26885,794,,,,,,0,26885,794
5/17/20,NC,A,659,659,7,,,,493,0,,,230432,9828,,,,,,18512,18512,530,0,,,,,,9115,,0,248944,10358,,,,,,0,,-238586
5/17/20,ND,C,43,,1,,130,130,30,0,,,53321,1682,,,,,,1896,1896,51,0,,,,,,1178,63653,2473,63653,2473,,,,,53188,1690,64814,2528
5/17/20,NE,C,123,,4,,,,,0,,,55420,5214,,,63245,,,10220,10220,448,0,,,,,11741,,,0,75273,5410,,,,,65774,5682,75273,5410
5/17/20,NH,B,171,,12,,347,347,115,12,109,,41196,1984,,,,,,3556,3556,92,0,,,,,,1258,,0,48386,1833,7349,,4435,,44752,2076,48386,1833
5/17/20,NJ,A+,12013,10356,110,1657,,,3411,0,,1030,341231,11096,,,,,819,146334,146334,1245,0,,,,,,23299,,0,487565,12341,,,,,,0,487565,12341
5/17/20,NM,C,265,,6,,886,886,211,0,,,127315,4588,,,,,,5938,5938,91,0,,,,,,1755,,0,133253,4679,,,,,,0,133253,4679
5/17/20,NV,B,375,,6,,,,423,0,,105,73780,6778,,,,,65,6857,6857,148,0,,,,,,,110164,3901,110164,3901,,,,,80637,6973,95954,6500
5/17/20,NY,A,22619,,141,,86575,86575,5897,368,,1981,1063275,32790,,,,,1601,350121,350121,1889,0,,,,,,61381,1413396,34679,1413396,34679,,,,,,0,,0
5/17/20,OH,B,1625,1472,15,153,4921,4921,914,51,1305,343,236539,17311,,,,,230,27923,26220,449,0,,,,,,,,0,264462,17760,,,,,,0,262759,18182
5/17/20,OK,A+,288,,0,,880,880,180,2,,73,118162,0,,,118162,,,5310,5310,73,0,459,,,,5792,3983,,0,123472,73,13642,,,,,0,123954,0
5/17/20,OR,A+,137,,0,,703,703,156,4,,37,90733,2146,,,121801,,16,3623,3542,11,0,,,,,9829,1406,,0,131630,3977,,,,,94275,2154,131630,3977
5/17/20,PA,C,4418,,15,,,,1821,0,,,270670,4445,,,,,422,62234,,623,0,,,,,,,,0,332904,5068,,,,,332904,5068,,0
5/17/20,PR,C,123,60,1,,,,150,0,,24,,0,,,,,5,1147,1147,33,0,1499,,,,,,,0,1147,33,,,,,,0,,0
5/17/20,RI,A+,499,,10,,1418,1418,260,15,,64,79768,1537,,,106397,,45,13040,13040,125,0,,,,,16095,972,120632,4590,120632,4590,,,,,92808,1662,122492,2928
5/17/20,SC,A,380,380,0,,1421,1421,,0,,,111670,10461,,,,,,8816,8816,409,0,,,,,,5076,,0,120486,10870,,,,,,-109616,120331,120331
5/17/20,SD,B,44,,0,,312,312,77,8,,,24572,355,,,,,,3987,,28,0,,,,,,2724,,0,28559,383,,,,,28559,383,,0
5/17/20,TN,A,298,298,3,,1482,1482,513,8,,,307892,4979,,,,,,17388,17388,100,0,,,,,,9652,,0,325280,5079,,,,,,-320201,325280,325280
5/17/20,TX,A,1336,,31,,,,1512,0,,,674647,13277,,,,,,47784,47784,785,0,,,,,60946,27570,,0,722431,14062,42921,,,,,0,722431,14062
5/17/20,UT,B,80,,2,,586,586,181,8,196,,165641,3256,,,180168,84,,7238,7238,170,0,,,,,8166,4075,,0,188334,4066,,,,,172990,3418,188334,4066
5/17/20,VA,A+,1009,975,7,34,3775,3775,1524,51,,379,159973,4088,,,,,195,30388,28901,705,0,,,,,38003,3993,224126,7805,224126,7805,,,,,,0,,0
5/17/20,VI,C,6,6,0,,,,,0,,,1278,84,,,,,,69,,0,0,,,,,,61,,0,1347,84,,,,,,0,1347,47
5/17/20,VT,B,54,54,1,,,,14,0,,,20452,681,,,,,,940,940,8,0,,,,,,810,,0,26034,648,,,,,21392,689,26034,648
5/17/20,WA,A,1000,1000,8,,,,581,0,,52,282581,2404,,,,,,19234,19234,282,0,,,,,,,301924,2468,301924,2468,,,,,272496,1970,,0
5/17/20,WI,A+,453,453,0,,2038,2038,364,20,494,131,139674,5468,,,,,,14257,12543,379,0,,,,,,6542,184461,7819,184461,7819,,,,,152217,5824,152217,152217
5/17/20,WV,B,67,,3,,,,48,0,,11,74000,2064,,,,,7,1490,1490,33,0,,,,,,919,,0,75490,2097,,,,,,0,75490,2097
5/17/20,WY,B,8,,1,,70,70,8,1,,,16331,653,,,17892,,,754,566,13,0,,,,,677,498,,0,18569,107,,,,,,0,18569,107
5/16/20,AK,B,10,10,0,,45,45,10,2,,,32887,859,,,,,,394,,4,0,,,,,,344,,0,33281,863,,,,,,0,33281,863
5/16/20,AL,B,485,485,9,,1387,1387,455,10,501,,141971,7124,,,,295,,11523,11523,307,0,,,,,,,,0,153494,7431,,,,,153494,7431,,0
5/16/20,AR,A,98,,0,,520,520,65,0,,,77066,0,,,,101,10,4578,4578,115,0,,,,,,3472,,0,81529,0,,,,,,0,81529,0
5/16/20,AS,C,0,,0,,,,,0,,,105,0,,,,,,0,0,0,0,,,,,,,,0,105,0,,,,,,0,105,0
5/16/20,AZ,A+,679,,28,,2673,2673,791,37,,344,133157,4325,,,,,210,13631,,462,0,,,,,,3357,,0,195923,9674,47716,,,,146788,4787,195923,9674
5/16/20,CA,B,3204,,96,,,,4424,0,,1313,1102333,43363,,,,,,76793,76793,1857,0,,,,,,,,0,1179126,45220,,,,,,0,1179126,45220
5/16/20,CO,A,1192,963,42,229,3866,3866,650,24,,,103915,3307,29935,,,,,21633,19507,401,0,2747,,,,,3346,139735,4422,139735,4422,32682,,,,123422,3663,,0
5/16/20,CT,B,3339,,54,,10946,10946,994,0,,,128052,8229,,,,,,36703,,618,0,,,,,,6264,,0,164755,8847,,,,,,0,164755,8847
5/16/20,DC,A,375,,7,,,,382,0,,,28490,1022,,,,,79,7042,,171,0,,,,,,998,35532,1193,35532,1193,,,,,,0,,0
5/16/20,DE,B,383,336,10,47,,,250,0,,,32211,1306,,,,,,7547,,174,0,,,,,9344,3367,51064,1392,51064,1392,,,,,39758,1480,,0
5/16/20,FL,A+,2040,2040,49,,8393,8393,,400,,,585236,19609,,,,,,43025,,480,0,,,,,,,629359,6606,629359,6606,,,,,630795,21221,,0
5/16/20,GA,A+,1592,,35,,6735,6735,1005,297,1554,,283922,18729,,,,,,37147,37147,466,0,,,,,33279,,,0,300697,24933,,,,,,0,300697,24933
5/16/20,GU,C,5,,0,,,,,0,,,4365,4,,,,,,154,149,0,0,,,,,,126,,0,4519,4,,,,,,0,,0
5/16/20,HI,B,17,,0,,81,81,,0,,,40245,2106,,,,,,638,,1,0,,,,,600,565,42160,739,42160,739,,,,,40990,1223,,0
5/16/20,IA,A+,346,,10,,,,387,0,,128,81972,2455,,,,,83,14328,14328,279,0,,,,,,6927,,0,96300,2734,,,,,96300,2734,,0
5/16/20,ID,B,73,,1,,213,213,19,1,89,,33299,905,,,,,,2389,2186,38,0,,,,,,1588,,0,35485,939,,,,,35485,939,,0
5/16/20,IL,A,4129,4129,71,,,,4306,0,,1135,469192,20959,,,,,653,92457,92457,2088,0,,,,,,,,0,561649,23047,,,,,561649,23047,,0
5/16/20,IN,A+,1741,1596,50,145,4389,4389,1274,0,990,426,144078,5285,,,,,199,27280,,625,0,,,,,28421,,,0,237155,11307,,,,,171358,5910,237155,11307
5/16/20,KS,A,172,,0,,724,724,,0,246,,53706,0,,,,112,,7886,,0,0,,,,,,443,,0,61592,0,,,,,61488,0,,0
5/16/20,KY,A+,332,332,4,,1896,1896,381,9,797,218,120290,6237,,,,,,7444,7408,219,0,,,,,,2739,,0,127698,6452,,,,,,0,127698,6452
5/16/20,LA,B,2479,2413,31,66,,,1028,0,,,225625,6273,,,,,123,34117,34117,280,0,,,,,,22608,,0,259742,6553,,,,,,0,259742,6553
5/16/20,MA,A+,5705,5705,113,,8456,8456,2692,142,,747,363156,10898,,,,,,84933,84933,1512,0,,,,,108011,,,0,576513,9340,,,,,448089,12410,576513,9340
5/16/20,MD,B,2040,1943,49,97,6755,6755,1500,76,,598,152207,6367,,,,,,37968,37968,982,0,,,,,44114,2806,,0,209460,7598,,,,,190175,7349,209460,7598
5/16/20,ME,B,70,70,1,,214,214,37,3,,19,22092,0,587,,,,10,1648,1477,45,0,,,,,,1012,,0,23740,45,,,,,28357,0,33035,0
5/16/20,MI,A+,5357,5163,32,233,,,1256,0,,532,353156,11329,,,353156,,440,58023,54246,336,0,,,,,66210,28234,,0,411179,11665,,,,,,0,419366,12186
5/16/20,MN,A+,709,700,17,9,2039,2039,493,54,700,225,147399,7626,,,,,,17705,17705,342,0,,,,,,9571,165104,7968,165104,7968,,,,,,0,,0
5/16/20,MO,B,589,,13,,,,775,0,,,128665,4663,,9802,130771,,116,10675,10675,219,0,,,422,,12943,,,0,143966,4226,,,10238,,139340,4882,143966,4226
5/16/20,MP,D,2,,0,,,,,0,,,3318,12,,,,,,21,21,2,0,,,,,,12,,0,3339,14,,,,,,0,3339,14
5/16/20,MS,A,510,,17,,1748,1748,641,36,,170,97353,1331,,,,,81,11123,,322,0,,,,,,6268,,0,108476,1653,,,,,,0,108476,1653
5/16/20,MT,B,16,,0,,63,63,3,0,,,25623,671,,,,,,468,468,2,0,,,,,,431,,0,26091,673,,,,,,0,26091,673
5/16/20,NC,A,652,652,11,,,,481,0,,,220604,6186,,,,,,17982,17982,853,0,,,,,,9115,,0,238586,7039,,,,,,0,238586,7039
5/16/20,ND,C,42,,0,,130,130,33,0,,,51639,1685,,,,,,1845,1845,87,0,,,,,,1111,61180,2684,61180,2684,,,,,51498,1681,62286,2729
5/16/20,NE,C,119,,6,,,,,0,,,50206,2407,,,58346,,,9772,9772,356,0,,,,,11239,,,0,69863,4173,,,,,60092,2777,69863,4173
5/16/20,NH,B,159,,0,,335,335,110,0,109,,39212,64,,,,,,3464,3464,0,0,,,,,,1254,,0,46553,2347,6593,,3913,,42676,370,46553,2347
5/16/20,NJ,A+,11903,10249,114,1654,,,3564,0,,1061,330135,11068,,,,,846,145089,145089,1184,0,,,,,,22939,,0,475224,12252,,,,,,0,475224,12252
5/16/20,NM,C,259,,6,,886,886,208,0,,,122727,3931,,,,,,5847,5847,185,0,,,,,,1739,,0,128574,4116,,,,,,0,128574,4116
5/16/20,NV,B,369,,1,,,,423,0,,105,67002,1470,,,,,65,6709,6709,95,0,,,,,,,106263,7361,106263,7361,,,,,73664,1518,89454,3663
5/16/20,NY,A,22478,,174,,86207,86207,6220,425,,2077,1030485,38250,,,,,1674,348232,348232,2419,0,,,,,,60796,1378717,40669,1378717,40669,,,,,,0,,0
5/16/20,OH,B,1610,1457,29,153,4870,4870,866,79,1277,366,219228,0,,,,,251,27474,25836,520,0,,,,,,,,0,246702,520,,,,,,0,244577,0
5/16/20,OK,A+,288,,3,,878,878,180,15,,73,118162,5056,,,118162,,,5237,5237,151,0,459,,,,5792,3945,,0,123399,5207,13642,,,,,0,123954,5203
5/16/20,OR,A+,137,,0,,699,699,153,8,,48,88587,2622,,,117909,,16,3612,3534,71,0,,,,,9744,1406,,0,127653,5476,,,,,92121,2677,127653,5476
5/16/20,PA,C,4403,,61,,,,1873,0,,,266225,7015,,,,,429,61611,,989,0,,,,,,,,0,327836,8004,,,,,327836,8004,,0
5/16/20,PR,B,122,59,0,,,,144,0,,15,,0,,,,,5,1114,1114,26,0,1475,,,,,,,0,1114,26,,,,,,0,,0
5/16/20,RI,A+,489,,10,,1403,1403,273,31,,66,78231,1764,,,103692,,44,12915,12915,252,0,,,,,15872,947,116042,3839,116042,3839,,,,,91146,2016,119564,4294
5/16/20,SC,A,380,380,0,,1421,1421,,0,,,101209,0,,,,,,8407,8407,0,0,,,,,,5076,,0,109616,0,,,,,109616,0,,0
5/16/20,SD,B,44,,0,,304,304,75,8,,,24217,690,,,,,,3959,,72,0,,,,,,2673,,0,28176,762,,,,,28176,762,,0
5/16/20,TN,A,295,295,5,,1474,1474,515,20,,,302913,10127,,,,,,17288,17288,318,0,,,,,,9529,,0,320201,10445,,,,,320201,10445,,0
5/16/20,TX,A,1305,,33,,,,1791,0,,,661370,24921,,,,,,46999,46999,1801,0,,,,,60063,26601,,0,708369,26722,39732,,,,,0,708369,26722
5/16/20,UT,B,78,,1,,578,578,168,12,194,,162385,3161,,,176296,84,,7068,7068,155,0,,,,,7972,3896,,0,184268,4098,,,,,169572,3320,184268,4098
5/16/20,VA,A+,1002,968,25,34,3724,3724,1505,67,,381,155885,6543,,,,,189,29683,28233,1011,0,,,,,36922,3909,216321,7210,216321,7210,,,,,,0,,0
5/16/20,VI,C,6,6,0,,,,,0,,,1194,0,,,,,,69,,0,0,,,,,,61,,0,1263,0,,,,,,0,1300,22
5/16/20,VT,B,53,53,0,,,,20,0,,,19771,787,,,,,,932,932,1,0,,,,,,804,,0,25386,601,,,,,20703,788,25386,601
5/16/20,WA,A,992,992,9,,,,663,0,,90,280177,3380,,,,,,18952,18952,271,0,,,,,,,299456,3498,299456,3498,,,,,270526,2829,,0
5/16/20,WI,A+,453,453,8,,2018,2018,361,41,488,128,134206,5549,,,,,,13878,12187,534,0,,,,,,6542,176642,9936,176642,9936,,,,,146393,6051,,0
5/16/20,WV,B,64,,2,,,,55,0,,13,71936,2441,,,,,6,1457,1457,16,0,,,,,,889,,0,73393,2457,,,,,,0,73393,2457
5/16/20,WY,B,7,,0,,69,69,8,1,,,15678,371,,,17791,,,741,559,25,0,,,,,671,496,,0,18462,222,,,,,,0,18462,222
5/15/20,AK,B,10,10,0,,43,43,8,1,,,32028,655,,,,,,390,,1,0,,,,,,343,,0,32418,656,,,,,,0,32418,656
5/15/20,AL,B,476,476,9,,1377,1377,519,27,497,,134847,3830,,,,293,,11216,11216,248,0,,,,,,,,0,146063,9691,,,,,146063,9691,,0
5/15/20,AR,A,98,,1,,520,520,65,11,,,77066,5484,,,,101,9,4463,4463,227,0,,,,,,3390,,0,81529,5711,,,,,,0,81529,5711
5/15/20,AS,C,0,,0,,,,,0,,,105,0,,,,,,0,0,0,0,,,,,,,,0,105,0,,,,,,0,105,0
5/15/20,AZ,A+,651,,27,,2636,2636,808,41,,313,128832,7168,,,,,222,13169,,495,0,,,,,,3145,,0,186249,7269,44903,,,,142001,7663,186249,7269
5/15/20,CA,B,3108,,76,,,,4519,0,,1324,1058970,27483,,,,,,74936,74936,1772,0,,,,,,,,0,1133906,29255,,,,,,0,1133906,29255
5/15/20,CO,A,1150,944,59,206,3842,3842,671,53,,,100608,3416,27491,,,,,21232,19151,394,0,2538,,,,,3312,135313,4262,135313,4262,30029,,,,119759,3763,,0
5/15/20,CT,B,3285,,66,,10946,10946,1033,0,,,119823,5725,,,,,,36085,,621,0,,,,,,6264,,0,155908,6346,,,,,,0,155908,6346
5/15/20,DC,A,368,,10,,,,393,0,,,27468,1205,,,,,90,6871,,135,0,,,,,,975,34339,2681,34339,2681,,,,,,0,,0
5/15/20,DE,B,373,327,11,46,,,269,0,,,30905,1271,,,,,,7373,,150,0,,,,,9210,3210,49672,1342,49672,1342,,,,,38278,3525,,0
5/15/20,FL,A+,1991,1991,43,,7993,7993,,0,,,565627,0,,,,,,42545,,786,0,,,,,,,622753,15534,622753,15534,,,,,609574,14096,,0
5/15/20,GA,A+,1557,,30,,6438,6438,1029,93,1534,,265193,15170,,,,,,36681,36681,823,0,,,,,31721,,,0,275764,13904,,,,,,0,275764,13904
5/15/20,GU,C,5,,0,,,,,0,,,4361,135,,,,,,154,150,1,0,,,,,,124,,0,4515,136,,,,,,0,,0
5/15/20,HI,B,17,,0,,81,81,,0,,,38139,-104,,,,,,637,,-1,0,,,,,600,564,41421,832,41421,832,,,,,39767,1300,,0
5/15/20,IA,A+,336,,18,,,,387,0,,130,79517,3898,,,,,87,14049,14049,374,0,,,,,,6561,,0,93566,4272,,,,,93566,7847,,0
5/15/20,ID,B,72,,3,,212,212,26,0,89,,32394,964,,,,,,2351,2152,27,0,,,,,,1573,,0,34546,990,,,,,34546,990,,0
5/15/20,IL,A,4058,4058,130,,,,4367,0,,1129,448233,24133,,,,,675,90369,90369,2432,0,,,,,,,,0,538602,26565,,,,,538602,49243,,0
5/15/20,IN,A+,1691,1550,45,138,4389,4389,1294,0,990,492,138793,4607,,,,,213,26655,,602,0,,,,,27480,,,0,225848,9561,,,,,165448,11365,225848,9561
5/15/20,KS,A,172,,8,,724,724,,20,246,,53706,3546,,,,112,,7886,,418,0,,,,,,443,,0,61592,3964,,,,,61488,3944,,0
5/15/20,KY,A+,328,328,2,,1887,1887,385,52,794,220,114053,3738,,,,,,7225,7193,145,0,,,,,,2712,,0,121246,10637,,,,,,0,121246,10637
5/15/20,LA,B,2448,2382,31,66,,,1091,0,,,219352,5253,,,,,132,33837,33837,348,0,,,,,,22608,,0,253189,5601,,,,,,0,253189,15285
5/15/20,MA,A+,5592,5592,110,,8314,8314,2767,107,,749,352258,10079,,,,,,83421,83421,1239,0,,,,,106978,,,0,567173,17768,,,,,435679,25647,567173,17768
5/15/20,MD,B,1991,1896,56,95,6679,6679,1496,126,,598,145840,3289,,,,,,36986,36986,1083,0,,,,,42939,2685,,0,201862,7267,,,,,182826,9252,201862,7267
5/15/20,ME,B,69,69,0,,211,211,35,4,,16,22092,0,587,,,,8,1603,1437,38,0,,,,,,993,,0,23695,38,,,,,28357,0,33035,0
5/15/20,MI,A+,5325,5124,47,233,,,1256,0,,532,341827,15170,,,341827,,440,57687,53956,651,0,,,,,65353,22686,,0,399514,15821,,,,,,0,407180,16004
5/15/20,MN,A+,692,683,29,9,1985,1985,498,70,679,200,139773,8330,,,,,,17363,17363,798,0,,,,,,8820,157136,9128,157136,9128,,,,,,0,,0
5/15/20,MO,B,576,,14,,,,812,0,,,124002,7209,,8387,126806,,120,10456,10456,139,0,,,374,,12685,,,0,139740,4765,,,8770,,134458,10452,139740,4765
5/15/20,MP,D,2,,0,,,,,0,,,3306,0,,,,,,19,19,0,0,,,,,,12,,0,3325,0,,,,,,0,3325,0
5/15/20,MS,A,493,,13,,1712,1712,573,45,,172,96022,1179,,,,,81,10801,,318,0,,,,,,6268,,0,106823,1497,,,,,,0,106823,1497
5/15/20,MT,B,16,,0,,63,63,3,0,,,24952,865,,,,,,466,466,4,0,,,,,,431,,0,25418,869,,,,,,0,25418,869
5/15/20,NC,A,641,641,26,,,,492,0,,,214418,11657,,,,,,17129,17129,622,0,,,,,,9115,,0,231547,12279,,,,,,0,231547,21090
5/15/20,ND,C,42,,2,,130,130,35,1,,,49954,1355,,,,,,1758,1758,51,0,,,,,,1071,58496,2086,58496,2086,,,,,49817,1284,59557,2136
5/15/20,NE,C,113,,6,,,,,0,,,47799,3533,,,54565,,,9416,9416,341,0,,,,,10849,,,0,65690,4921,,,,,57315,3888,65690,4921
5/15/20,NH,B,159,,9,,335,335,115,9,109,,39148,3272,,,,,,3464,3464,165,0,,,,,,1247,,0,44206,1919,5870,,,,42306,6466,44206,1919
5/15/20,NJ,A+,11789,10138,197,1651,,,3823,0,,1127,319067,10075,,,,,865,143905,143905,1201,0,,,,,,15642,,0,462972,11276,,,,,,0,462972,11276
5/15/20,NM,C,253,,11,,886,886,223,0,,,118796,4698,,,,,,5662,5662,159,0,,,,,,1671,,0,124458,4857,,,,,,0,124458,4857
5/15/20,NV,B,368,,10,,,,425,0,,115,65532,2547,,,,,73,6614,6614,115,0,,,,,,,98902,6721,98902,6721,,,,,72146,5474,85791,2798
5/15/20,NY,A,22304,,134,,85782,85782,6394,328,,2156,992235,36529,,,,,1774,345813,345813,2762,0,,,,,,60302,1338048,39291,1338048,39291,,,,,,0,,0
5/15/20,OH,B,1581,1431,47,150,4791,4791,944,73,1277,370,219228,12233,,,,,260,26954,25349,597,0,,,,,,,,0,246182,12830,,,,,,0,244577,20199
5/15/20,OK,A+,285,,1,,863,863,215,5,,98,113106,5885,,,113106,,,5086,5086,124,0,459,,,,5645,3801,,0,118192,6009,13642,,,,,0,118751,6104
5/15/20,OR,A+,137,,0,,691,691,161,6,,46,85965,5394,,,112704,,19,3541,3470,62,0,,,,,9473,1406,,0,122177,3930,,,,,89444,5535,122177,3930
5/15/20,PA,C,4342,,124,,,,1934,0,,,259210,7651,,,,,431,60622,,986,0,,,,,,,,0,319832,8637,,,,,319832,8637,,0
5/15/20,PR,B,122,63,5,,,,147,0,,18,,0,,,,,3,1088,1088,15,0,1454,,,,,,,0,1088,15,,,,,,0,,0
5/15/20,RI,A+,479,,11,,1372,1372,272,21,,63,76467,1700,,,99817,,41,12663,12663,232,0,,,,,15453,919,112203,3737,112203,3737,,,,,89130,1932,115270,3677
5/15/20,SC,A,380,380,9,,1421,1421,,83,,,101209,6863,,,,,,8407,8407,218,0,,,,,,5076,,0,109616,7081,,,,,109616,16476,,0
5/15/20,SD,B,44,,1,,296,296,80,6,,,23527,846,,,,,,3887,,95,0,,,,,,2574,,0,27414,941,,,,,27414,941,,0
5/15/20,TN,A,290,290,3,,1454,1454,535,19,,,292786,7168,,,,,,16970,16970,271,0,,,,,,9280,,0,309756,7439,,,,,309756,16839,,0
5/15/20,TX,A,1272,,56,,,,1716,0,,,636449,23825,,,,,,45198,45198,1347,0,,,,,58262,25454,,0,681647,25172,36362,,,,,0,681647,25172
5/15/20,UT,B,77,,2,,566,566,161,8,190,,159224,3267,,,172386,83,,6913,6913,164,0,,,,,7784,3719,,0,180170,4213,,,,,166252,3435,180170,4213
5/15/20,VA,A+,977,944,22,33,3657,3657,1511,65,,362,149342,10325,,,,,195,28672,27293,859,0,,,,,35912,3805,209111,7952,209111,7952,,,,,,0,,0
5/15/20,VI,C,6,6,0,,,,,0,,,1194,30,,,,,,69,,0,0,,,,,,61,,0,1263,30,,,,,,0,1278,81
5/15/20,VT,B,53,53,0,,,,17,0,,,18984,621,,,,,,931,931,1,0,,,,,,796,,0,24785,617,,,,,19915,622,24785,617
5/15/20,WA,A,983,983,8,,,,626,0,,114,276797,6278,,,,,,18681,18681,312,0,,,,,,,295958,6541,295958,6541,,,,,267697,5404,,0
5/15/20,WI,A+,445,445,11,,1977,1977,356,38,485,125,128657,6059,,,,,,13344,11685,475,0,,,,,,6250,166706,8746,166706,8746,,,,,140342,12329,,0
5/15/20,WV,B,62,,2,,,,57,0,,15,69495,2209,,,,,8,1441,1441,14,0,,,,,,870,,0,70936,2223,,,,,,0,70936,4256
5/15/20,WY,B,7,,0,,68,68,8,1,,,15307,578,,,17575,,,716,541,15,0,,,,,665,487,,0,18240,654,,,,,,0,18240,654
5/14/20,AK,B,10,10,0,,42,42,12,1,,,31373,1108,,,,,,389,,5,0,,,,,,339,,0,31762,1113,,,,,,0,31762,1113
5/14/20,AL,B,467,467,18,,1350,1350,509,33,489,,131017,5262,,,,291,,10968,10968,351,0,,,,,,,,0,136372,3154,,,,,136372,3154,,0
5/14/20,AR,A,97,,2,,509,509,64,12,,,71582,2531,,,,100,13,4236,4236,72,0,,,,,,3277,,0,75818,2603,,,,,,0,75818,2603
5/14/20,AS,C,0,,0,,,,,0,,,105,0,,,,,,0,0,0,0,,,,,,,,0,105,0,,,,,,0,105,0
5/14/20,AZ,A+,624,,30,,2595,2595,781,52,,323,121664,6090,,,,,201,12674,,498,0,,,,,,3074,,0,178980,7445,41117,,,,134338,6588,178980,7445
5/14/20,CA,B,3032,,98,,,,4655,0,,1324,1031487,37036,,,,,,73164,73164,2023,0,,,,,,,,0,1104651,39059,,,,,,0,1104651,39059
5/14/20,CO,A,1091,,29,,3789,3789,685,54,,,97192,3148,24876,,,,,20838,18804,363,0,2336,,,,,3217,131051,4017,131051,4017,27212,,,,115996,3491,,0
5/14/20,CT,B,3219,,94,,10946,10946,1103,1557,,,114098,6010,,,,,,35464,,609,0,,,,,,6264,,0,149562,6619,,,,,,0,149562,6619
5/14/20,DC,A,358,,8,,,,397,0,,,26263,1189,,,,,90,6736,,152,0,,,,,,966,31658,608,31658,608,,,,,,0,,0
5/14/20,DE,B,362,318,11,44,,,273,0,,,29634,1833,,,,,,7223,,271,0,,,,,9044,3080,48330,1104,48330,1104,,,,,34753,1462,,0
5/14/20,FL,A+,1948,1948,50,,7993,7993,,158,,,565627,13266,,,,,,41759,,792,0,,,,,,,607219,15700,607219,15700,,,,,595478,15874,,0
5/14/20,GA,A+,1527,,22,,6345,6345,1060,86,1513,,250023,11451,,,,,,35858,35858,526,0,,,,,30981,,,0,261860,10998,,,,,,0,261860,10998
5/14/20,GU,C,5,,0,,,,,0,,,4226,116,,,,,,153,149,1,0,,,,,,124,,0,4379,117,,,,,,0,,0
5/14/20,HI,B,17,,0,,81,81,,0,,,38243,513,,,,,,638,,3,0,,,,,599,563,40589,756,40589,756,,,,,38467,425,,0
5/14/20,IA,A+,318,,12,,,,405,0,,134,75619,3189,,,,,93,13675,13675,386,0,,,,,,6231,,0,89294,3575,,,,,85719,4431,,0
5/14/20,ID,B,69,,0,,212,212,19,-2,88,,31430,595,,,,,,2324,2126,31,0,,,,,,1557,,0,33556,622,,,,,33556,622,,0
5/14/20,IL,A,3928,3928,136,,,,4473,0,,1132,424100,19439,,,,,689,87937,87937,3239,0,,,,,,,,0,512037,22678,,,,,489359,17668,,0
5/14/20,IN,A+,1646,1508,27,138,4389,4389,1381,0,990,488,134186,5576,,,,,217,26053,,580,0,,,,,26854,,,0,216287,8593,,,,,154083,3573,216287,8593
5/14/20,KS,A,164,,0,,704,704,,0,238,,50160,0,,,,108,,7468,,0,0,,,,,,422,,0,57628,0,,,,,57544,3519,,0
5/14/20,KY,A+,326,326,5,,1835,1835,377,10,784,215,110315,6534,,,,,,7080,7049,227,0,,,,,,2649,,0,110609,6608,,,,,,0,110609,6608
5/14/20,LA,B,2417,2351,36,66,,,1193,0,,,214099,8857,,,,,140,33489,33489,827,0,,,,,,22608,,0,247588,9684,,,,,,0,237904,9892
5/14/20,MA,A+,5482,5382,167,,8207,8207,2859,175,,781,342179,12644,,,,,,82182,82182,1685,0,,,,,105126,,,0,549405,17377,,,,,410032,8536,549405,17377
5/14/20,MD,B,1935,1840,54,95,6553,6553,1538,149,,569,142551,3789,,,,,,35903,35903,1091,0,,,,,41635,2569,,0,194595,6028,,,,,173574,4071,194595,6028
5/14/20,ME,B,69,69,3,,207,207,37,3,,18,22092,0,587,,,,7,1565,1405,50,0,,,,,,958,,0,23657,50,,,,,28357,4927,33035,0
5/14/20,MI,A+,5278,5092,46,232,,,1330,0,,653,326657,16415,,,326657,,515,57036,53451,578,0,,,,,64519,22686,,0,383693,16993,,,,,,0,391176,17692
5/14/20,MN,A+,663,663,25,9,1915,1915,498,64,663,203,131443,5941,,,,,,16565,16565,793,0,,,,,,8473,148008,6734,148008,6734,,,,,,0,,0
5/14/20,MO,B,562,,20,,,,796,0,,,116793,2793,,7307,122388,,115,10317,10317,175,0,,,328,,12346,,,0,134975,4874,,,7644,,124006,2710,134975,4874
5/14/20,MP,D,2,,0,,,,,0,,,3306,285,,,,,,19,19,0,0,,,,,,12,,0,3325,285,,,,,,0,3325,285
5/14/20,MS,A,480,,15,,1667,1667,589,51,,131,94843,4885,,,,,72,10483,,393,0,,,,,,6268,,0,105326,5278,,,,,,0,105326,5278
5/14/20,MT,B,16,,0,,63,63,3,0,,,24087,697,,,,,,462,462,0,0,,,,,,431,,0,24549,697,,,,,,0,24549,697
5/14/20,NC,A,615,615,18,,,,507,0,,,202761,8120,,,,,,16507,16507,691,0,,,,,,9115,,0,219268,8811,,,,,,0,210457,8213
5/14/20,ND,C,40,,0,,129,129,38,2,,,48599,1301,,,,,,1707,1707,67,0,,,,,,1007,56410,2317,56410,2317,,,,,48533,1389,57421,2384
5/14/20,NE,C,107,,4,,,,,0,,,44266,3233,,,50178,,,9075,9075,383,0,,,,,10319,,,0,60769,2781,,,,,53427,3628,60769,2781
5/14/20,NH,B,150,,8,,326,326,126,7,97,,35876,1899,,,,,,3299,3299,60,0,,,,,,1236,,0,42287,2669,5168,,,,35840,35840,42287,2669
5/14/20,NJ,A+,11592,9946,252,1646,,,3958,0,,1157,308992,9102,,,,,898,142704,142704,1144,0,,,,,,15642,,0,451696,10246,,,,,,0,451696,10246
5/14/20,NM,C,242,,11,,886,886,209,0,,,114098,4451,,,,,,5503,5503,139,0,,,,,,1576,,0,119601,4590,,,,,,0,119601,4590
5/14/20,NV,B,358,,3,,,,515,0,,126,62985,2707,,,,,75,6499,6499,105,0,,,,,,,92181,6230,92181,6230,,,,,66672,2597,82993,3258
5/14/20,NY,A,22170,,157,,85454,85454,6706,446,,2223,955706,37460,,,,,1846,343051,343051,2390,0,,,,,,59758,1298757,39850,1298757,39850,,,,,,0,,0
5/14/20,OH,B,1534,1388,51,146,4718,4718,953,100,1268,360,206995,6862,,,,,253,26357,24800,636,0,,,,,,,,0,233352,7498,,,,,,0,224378,8088
5/14/20,OK,A+,284,,6,,858,858,217,10,,102,107221,2946,,,107221,,,4962,4962,110,0,,,,,5426,3660,,0,112183,3056,,,,,,0,112647,2788
5/14/20,OR,A+,137,,3,,685,685,163,7,,38,80571,0,,,108960,,17,3479,3407,63,0,,,,,9287,1406,,0,118247,3673,,,,,83909,6367,118247,3673
5/14/20,PA,C,4218,,275,,,,1983,0,,,251559,7388,,,,,446,59636,,938,0,,,,,,,,0,311195,8326,,,,,311195,8326,,0
5/14/20,PR,B,117,58,2,,,,159,0,,18,,0,,,,,5,1073,1073,9,0,1354,,,,,,,0,1073,9,,,,,,0,,0
5/14/20,RI,A+,468,,6,,1351,1351,271,23,,65,74767,1927,,,96504,,42,12431,12431,228,0,,,,,15089,903,108466,3981,108466,3981,,,,,87198,2155,111593,3599
5/14/20,SC,A,371,371,16,,1338,1338,,0,,,94346,9133,,,,,,8189,8189,262,0,,,,,,4914,,0,102535,9395,,,,,93140,0,,0
5/14/20,SD,B,43,,4,,290,290,85,9,,,22681,569,,,,,,3792,,60,0,,,,,,2437,,0,26473,629,,,,,26473,629,,0
5/14/20,TN,A,287,287,14,,1435,1435,599,47,,,285618,9071,,,,,,16699,16699,329,0,,,,,,8881,,0,302317,9400,,,,,292917,8993,,0
5/14/20,TX,A,1216,,58,,,,1648,0,,,612624,25779,,,,,,43851,43851,1448,0,,,,,56494,24487,,0,656475,27227,35971,,,,,0,656475,27227
5/14/20,UT,B,75,,0,,558,558,142,5,187,,155957,2931,,,168364,83,,6749,6749,129,0,,,,,7593,3566,,0,175957,3761,,,,,162817,3080,175957,3761
5/14/20,VA,A+,955,927,28,28,3592,3592,1533,72,,355,139017,4371,,,,,201,27813,26469,1067,0,,,,,34740,3678,201159,8735,201159,8735,,,,,,0,,0
5/14/20,VI,C,6,6,0,,,,,0,,,1164,36,,,,,,69,,0,0,,,,,,61,,0,1233,36,,,,,,0,1197,13
5/14/20,VT,B,53,53,0,,,,18,0,,,18363,703,,,,,,930,930,1,0,,,,,,792,,0,24168,729,,,,,19293,704,24168,729
5/14/20,WA,A,975,975,13,,,,645,0,,111,270519,6102,,,,,,18369,18369,251,0,,,,,,,289417,6373,289417,6373,,,,,262293,5005,,0
5/14/20,WI,A+,434,434,13,,1939,1939,352,31,478,120,122598,5487,,,,,,12869,11275,420,0,,,,,,5994,157960,8312,157960,8312,,,,,128013,4654,,0
5/14/20,WV,B,60,,2,,,,52,0,,9,67286,2004,,,,,5,1427,1427,29,0,,,,,,870,,0,68713,2033,,,,,,0,66680,1611
5/14/20,WY,B,7,,0,,67,67,8,0,,,14729,345,,,16944,,,701,529,13,0,,,,,642,480,,0,17586,573,,,,,,0,17586,573
5/13/20,AK,B,10,10,0,,41,41,12,0,,,30265,687,,,,,,384,,1,0,,,,,,338,,0,30649,688,,,,,,0,30649,688
5/13/20,AL,B,449,449,20,,1317,1317,524,30,477,,125755,2847,,,,284,,10617,10617,307,0,,,,,,,,0,133218,0,,,,,133218,0,,0
5/13/20,AR,A,95,,0,,497,497,59,12,,,69051,2771,,,,99,12,4164,4164,0,0,,,,,,3220,,0,73215,2771,,,,,,0,73215,2771
5/13/20,AS,C,0,,0,,,,,0,,,105,0,,,,,,0,0,0,0,,,,,,,,0,105,0,,,,,,0,105,0
5/13/20,AZ,A+,594,,32,,2543,2543,755,39,,292,115574,4468,,,,,191,12176,,440,0,,,,,,2979,,0,171535,8094,38060,,,,127750,4908,171535,8094
5/13/20,CA,B,2934,,87,,,,4545,0,,1314,994451,30463,,,,,,71141,71141,1759,0,,,,,,,,0,1065592,32222,,,,,,0,1065592,32222
5/13/20,CO,A,1062,,53,,3735,3735,685,40,,,94044,2951,20517,,,,,20475,18461,318,0,2032,,,,,3217,127034,3821,127034,3821,22549,,,,112505,3201,,0
5/13/20,CT,B,3125,,84,,9389,9389,1158,0,,,108088,3997,,,,,,34855,,522,0,,,,,,5413,,0,142943,4519,,,,,,0,142943,4519
5/13/20,DC,A,350,,14,,,,423,0,,,25074,509,,,,,82,6584,,99,0,,,,,,934,31050,0,31050,0,,,,,,0,,0
5/13/20,DE,B,351,308,17,43,,,282,0,,,27801,1251,,,,,,6952,,211,0,,,,,8876,2942,47226,746,47226,746,,,,,33291,33291,,0
5/13/20,FL,A+,1898,1898,49,,7835,7835,,181,,,552361,14680,,,,,,40967,,799,0,,,,,,,591519,14557,591519,14557,,,,,579604,579604,,0
5/13/20,GA,A+,1505,,44,,6259,6259,1091,129,1494,,238572,11028,,,,,,35332,35332,697,0,,,,,30214,,,0,250862,5697,,,,,,0,250862,5697
5/13/20,GU,C,5,,0,,,,,0,,,4110,171,,,,,,152,148,0,0,,,,,,124,,0,4262,171,,,,,,0,,0
5/13/20,HI,B,17,,0,,81,81,,0,,,37730,425,,,,,,635,,1,0,,,,,596,563,39833,641,39833,641,,,,,38042,38042,,0
5/13/20,IA,A+,306,,17,,,,388,0,,133,72430,4054,,,,,101,13289,13289,377,0,,,,,,5954,,0,85719,4431,,,,,81288,81288,,0
5/13/20,ID,B,69,,-1,,214,214,20,4,88,,30835,390,,,,,,2293,2099,33,0,,,,,,1536,,0,32934,416,,,,,32934,416,,0
5/13/20,IL,A,3792,3792,191,,,,4563,0,,1208,404661,15991,,,,,714,84698,84698,1677,0,,,,,,,,0,489359,17668,,,,,471691,471691,,0
5/13/20,IN,A+,1619,1482,41,137,4389,4389,1336,0,990,481,128610,3227,,,,,217,25473,,346,0,,,,,26199,,,0,207694,8390,,,,,150510,150510,207694,8390
5/13/20,KS,A,164,,6,,704,704,,44,238,,50160,3167,,,,108,,7468,,352,0,,,,,,422,,0,57628,3519,,,,,54025,54025,,0
5/13/20,KY,A+,321,321,10,,1825,1825,379,58,783,215,103781,6434,,,,,,6853,6828,176,0,,,,,,2546,,0,104001,0,,,,,,0,104001,0
5/13/20,LA,B,2381,2315,34,66,,,1194,0,,,205242,9280,,,,,147,32662,32662,612,0,,,,,,22608,,0,237904,9892,,,,,,0,228012,228012
5/13/20,MA,A+,5315,5315,174,,8032,8032,3101,190,,794,329535,7371,,,,,,80497,80497,1165,0,,,,,103043,,,0,532028,17922,,,,,401496,401496,532028,17922
5/13/20,MD,B,1881,1787,47,94,6404,6404,1550,117,,572,138762,3320,,,,,,34812,34812,751,0,,,,,40581,2456,,0,188567,5425,,,,,169503,169503,188567,5425
5/13/20,ME,B,66,66,1,,204,204,41,2,,20,22092,0,587,,,,7,1515,1372,38,0,,,,,,943,,0,23607,38,,,,,23430,23430,33035,33035
5/13/20,MI,A+,5232,5046,44,231,,,1384,0,,693,310242,18541,,,310242,,525,56458,53030,817,0,,,,,63242,22686,,0,366700,19358,,,,,,0,373484,19575
5/13/20,MN,A+,638,638,24,9,1851,1851,494,52,647,199,125502,6568,,,,,,15772,15772,729,0,,,,,,8149,141274,7297,141274,7297,,,,,,0,,0
5/13/20,MO,B,542,,18,,,,771,0,,,114000,2710,,6330,117748,,129,10142,10142,136,0,,,293,,12117,,,0,130101,5059,,,6632,,121296,121296,130101,5059
5/13/20,MP,D,2,,0,,,,,0,,,3021,167,,,,,,19,19,0,0,,,,,,12,,0,3040,167,,,,,,0,3040,167
5/13/20,MS,A,465,,8,,1616,1616,604,34,,150,89958,2174,,,,,79,10090,,182,0,,,,,,6268,,0,100048,2356,,,,,,0,100048,2356
5/13/20,MT,B,16,,0,,63,63,3,0,,,23390,816,,,,,,462,462,1,0,,,,,,430,,0,23852,817,,,,,,0,23852,817
5/13/20,NC,A,597,597,20,,,,521,0,,,194641,7743,,,,,,15816,15816,470,0,,,,,,9115,,0,210457,8213,,,,,,0,202244,202244
5/13/20,ND,C,40,,2,,127,127,37,5,,,47298,1037,,,,,,1640,1640,74,0,,,,,,969,54093,1703,54093,1703,,,,,47144,1026,55037,1760
5/13/20,NE,B,103,,3,,,,192,0,,81,41033,1662,,,47798,,56,8692,8692,120,0,,,,,9925,,,0,57988,3547,,,,,49799,1780,57988,3547
5/13/20,NH,B,142,,9,,319,319,121,1,97,,33977,1576,,,,,,3239,3239,79,0,,,,,,1234,,0,39618,1592,4459,,,,,0,39618,1592
5/13/20,NJ,A+,11340,9702,202,1638,,,4226,0,,1226,299890,7573,,,,,928,141560,141560,817,0,,,,,,15642,,0,441450,8390,,,,,,0,441450,8390
5/13/20,NM,C,231,,12,,886,886,200,0,,,109647,4570,,,,,,5364,5364,152,0,,,,,,1515,,0,115011,4722,,,,,,0,115011,4722
5/13/20,NV,B,355,,5,,,,522,0,,121,60278,2514,,,,,64,6394,6394,83,0,,,,,,,85951,6908,85951,6908,,,,,64075,64075,79735,2821
5/13/20,NY,A,22013,,168,,85008,85008,6946,519,,2308,918246,31618,,,,,1908,340661,340661,2176,0,,,,,,59193,1258907,33794,1258907,33794,,,,,,0,,0
5/13/20,OH,B,1483,1347,47,136,4618,4618,924,79,1248,353,200133,7652,,,,,244,25721,24245,471,0,,,,,,,,0,225854,8123,,,,,,0,216290,7137
5/13/20,OK,A+,278,,0,,848,848,218,20,,93,104275,12896,,,104275,,,4852,4852,120,0,,,,,5317,3559,,0,109127,13016,,,,,,0,109859,3300
5/13/20,OR,A+,134,,4,,678,678,162,5,,38,80571,6251,,,105414,,17,3416,3338,130,0,,,,,9160,1406,,0,114574,4321,,,,,77542,77542,114574,4321
5/13/20,PA,C,3943,,137,,,,2012,0,,,244171,6182,,,,,473,58698,,707,0,,,,,,,,0,302869,6889,,,,,302869,6889,,0
5/13/20,PR,C,115,58,1,,,,142,0,,10,,0,,,,,6,1064,1064,2,0,1265,,,,,,,0,1064,2,,,,,,0,,0
5/13/20,RI,A+,462,,18,,1328,1328,269,21,,68,72840,1924,,,93212,,48,12203,12203,196,0,,,,,14782,886,104485,2998,104485,2998,,,,,85043,2120,107994,3860
5/13/20,SC,A,355,355,0,,1338,1338,,0,,,85213,0,,,,,,7927,7927,0,0,,,,,,6817,,0,93140,0,,,,,93140,93140,,0
5/13/20,SD,B,39,,0,,281,281,79,10,,,22112,578,,,,,,3732,,69,0,,,,,,2367,,0,25844,647,,,,,25844,647,,0
5/13/20,TN,A,273,273,8,,1388,1388,635,25,,,276547,8834,,,,,,16370,16370,259,0,,,,,,8624,,0,292917,9093,,,,,283924,283924,,0
5/13/20,TX,A,1158,,25,,,,1676,0,,,586845,24397,,,,,,42403,42403,1355,0,,,,,54739,23519,,0,629248,25752,30655,,,,,0,629248,25752
5/13/20,UT,B,75,,2,,553,553,158,18,182,,153026,3895,,,164810,81,,6620,6620,188,0,,,,,7386,3406,,0,172196,4958,,,,,159737,4080,172196,4958
5/13/20,VA,A+,927,899,36,28,3520,3520,1526,125,,374,134646,5117,,,,,202,26746,25431,946,0,,,,,33434,3554,192424,6009,192424,6009,,,,,,0,,0
5/13/20,VI,C,6,6,0,,,,,0,,,1128,13,,,,,,69,,0,0,,,,,,61,,0,1197,13,,,,,,0,1184,1184
5/13/20,VT,B,53,53,0,,,,17,0,,,17660,490,,,,,,929,929,2,0,,,,,,789,,0,23439,416,,,,,18589,492,23439,416
5/13/20,WA,A,962,962,17,,,,562,0,,114,264417,5836,,,,,,18118,18118,294,0,,,,,,,283044,6144,283044,6144,,,,,257288,4747,,0
5/13/20,WI,A+,421,421,3,,1908,1908,343,31,469,122,117111,4363,,,,,,12449,10902,318,0,,,,,,5673,149648,6807,149648,6807,,,,,123359,123359,,0
5/13/20,WV,B,58,,1,,,,58,0,,11,65282,1584,,,,,6,1398,1398,27,0,,,,,,813,,0,66680,1611,,,,,,0,65069,0
5/13/20,WY,B,7,,0,,67,67,10,0,,,14384,0,,,16383,,,688,523,13,0,,,,,630,477,,0,17013,499,,,,,,0,17013,499
5/12/20,AK,B,10,10,0,,41,41,10,0,,,29578,1279,,,,,,383,,2,0,,,,,,334,,0,29961,1281,,,,,,0,29961,1281
5/12/20,AL,B,429,429,28,,1287,1287,529,31,468,,122908,3473,,,,280,,10310,10310,301,0,,,,,,,,0,133218,3774,,,,,133218,3774,,0
5/12/20,AR,A,95,,1,,485,485,59,5,,,66280,1284,,,,98,12,4164,4164,130,0,,,,,,3220,,0,70444,1414,,,,,,0,70444,1414
5/12/20,AS,C,0,,0,,,,,0,,,105,0,,,,,,0,0,0,0,,,,,,,,0,105,0,,,,,,0,105,0
5/12/20,AZ,A+,562,,20,,2504,2504,765,42,,318,111106,6022,,,,,204,11736,,356,0,,,,,,2909,,0,163441,8195,36209,,,,122842,6378,163441,8195
5/12/20,CA,B,2847,,77,,,,4544,0,,1349,963988,40030,,,,,,69382,69382,1443,0,,,,,,,,0,1033370,41473,,,,,,0,1033370,41473
5/12/20,CO,A,1009,,22,,3695,3695,688,32,,,91093,2315,19549,,,,,20157,18211,278,0,1979,,,,,3171,123213,2929,123213,2929,21528,,,,109304,2543,,0
5/12/20,CT,B,3041,,33,,9389,9389,1189,0,,,104091,5348,,,,,,34333,,568,0,,,,,,5413,,0,138424,5916,,,,,,0,138424,5916
5/12/20,DC,A,336,,8,,,,416,0,,,24565,693,,,,,82,6485,,96,0,,,,,,886,31050,789,31050,789,,,,,,0,,0
5/12/20,DE,B,334,296,10,38,,,276,0,,,26550,1187,,,,,,6741,,176,0,,,,,8782,2802,46480,953,46480,953,,,,,,0,,0
5/12/20,FL,A+,1849,1849,44,,7654,7654,,196,,,537681,17606,,,,,,40168,,606,0,,,,,,,576962,21155,576962,21155,,,,,,0,,0
5/12/20,GA,A+,1461,,20,,6130,6130,1125,115,1443,,227544,10183,,,,,,34635,34635,708,0,,,,,29861,,,0,245165,10273,,,,,,0,245165,10273
5/12/20,GU,C,5,,0,,,,,0,,,3939,101,,,,,,152,148,1,0,,,,,,124,,0,4091,102,,,,,,0,,0
5/12/20,HI,B,17,,0,,81,81,,0,,,37305,254,,,,,,634,,2,0,,,,,595,561,39192,270,39192,270,,,,,,0,,0
5/12/20,IA,A+,289,,18,,,,385,0,,143,68376,2957,,,,,101,12912,12912,539,0,,,,,,5618,,0,81288,3496,,,,,,0,,0
5/12/20,ID,B,70,,3,,210,210,25,3,87,,30445,533,,,,,,2260,2073,30,0,,,,,,1508,,0,32518,557,,,,,32518,557,,0
5/12/20,IL,A,3601,3601,142,,,,4626,0,,1215,388670,25252,,,,,730,83021,83021,4014,0,,,,,,,,0,471691,29266,,,,,,0,,0
5/12/20,IN,A+,1578,1444,38,134,4389,4389,1283,0,990,472,125383,3322,,,,,212,25127,,500,0,,,,,25457,,,0,199304,8630,,,,,,0,199304,8630
5/12/20,KS,A,158,,0,,660,660,,0,233,,46993,0,,,,101,,7116,,0,0,,,,,,376,,0,54109,0,,,,,,0,,0
5/12/20,KY,A+,311,311,7,,1767,1767,383,10,768,220,97347,16864,,,,,,6677,6654,237,0,,,,,,2335,,0,104001,17101,,,,,,0,104001,17101
5/12/20,LA,B,2347,2281,39,66,,,1320,0,,,195962,6947,,,,,146,32050,32050,235,0,,,,,,22608,,0,228012,7182,,,,,,0,,0
5/12/20,MA,A+,5141,5141,33,,7842,7842,3127,110,,818,322164,5898,,,,,,79332,79332,870,0,,,,,100934,,,0,514106,17359,,,,,,0,514106,17359
5/12/20,MD,B,1834,1742,46,92,6287,6287,1563,104,,590,135442,4035,,,,,,34061,34061,688,0,,,,,39787,2394,,0,183142,3754,,,,,,0,183142,3754
5/12/20,ME,B,65,65,0,,202,202,34,2,,17,22092,0,587,,,,8,1477,1338,15,0,,,,,,913,,0,23569,15,,,,,,0,,0
5/12/20,MI,A+,5188,5001,49,230,,,1384,0,,693,291701,13408,,,291701,,525,55641,52399,1637,0,,,,,62208,22686,,0,347342,15045,,,,,,0,353909,14066
5/12/20,MN,A,614,614,23,,1799,1799,496,83,625,199,118934,3349,,,,,,15043,15043,664,0,,,,,,7609,133977,4013,133977,4013,,,,,,0,,0
5/12/20,MO,B,524,,36,,,,787,0,,,111290,5588,,6216,112948,,140,10006,10006,88,0,,,289,,11865,,,0,125042,1296,,,6514,,,0,125042,1296
5/12/20,MP,D,2,,0,,,,,0,,,2854,178,,,,,,19,19,0,0,,,,,,12,,0,2873,178,,,,,,0,2873,178
5/12/20,MS,A,457,,22,,1582,1582,604,36,,146,87784,1573,,,,,75,9908,,234,0,,,,,,6268,,0,97692,1807,,,,,,0,97692,1807
5/12/20,MT,B,16,,0,,63,63,4,1,,,22574,461,,,,,,461,461,2,0,,,,,,425,,0,23035,463,,,,,,0,23035,463
5/12/20,NC,A,577,577,27,,,,475,0,,,186898,6078,,,,,,15346,15346,301,0,,,,,,9115,,0,202244,6379,,,,,,0,,0
5/12/20,ND,C,38,,2,,122,122,38,7,,,46261,765,,,,,,1566,1566,52,0,,,,,,877,52390,1283,52390,1283,,,,,46118,880,53277,1323
5/12/20,NE,B,100,,2,,,,192,0,,81,39371,1447,,,44530,,56,8572,8572,257,0,,,,,9647,,,0,54441,1847,,,,,48019,1705,54441,1847
5/12/20,NH,B,133,,0,,318,318,117,0,97,,32401,678,,,,,,3160,3160,0,0,,,,,,1231,,0,38026,910,3788,,,,,0,38026,910
5/12/20,NJ,A+,11138,9508,212,1630,,,4328,0,,1306,292317,6329,,,,,982,140743,140743,798,0,,,,,,15642,,0,433060,7127,,,,,,0,433060,7127
5/12/20,NM,C,219,,11,,886,886,199,0,,,105077,3425,,,,,,5212,5212,143,0,,,,,,1434,,0,110289,3568,,,,,,0,110289,110289
5/12/20,NV,C,350,,6,,,,522,0,,121,57764,3832,,,,,64,6311,6311,159,0,,,,,,,79043,6319,79043,6319,,,,,,0,76914,3944
5/12/20,NY,A,21845,,205,,84489,84489,7063,295,,2375,886628,19033,,,,,1964,338485,338485,1430,0,,,,,,58679,1225113,20463,1225113,20463,,,,,,0,,0
5/12/20,OH,B,1436,1303,79,133,4539,4539,1032,126,1232,401,192481,6728,,,,,270,25250,23809,473,0,,,,,,,,0,217731,7201,,,,,,0,209153,5481
5/12/20,OK,A+,278,,4,,828,828,190,0,,83,91379,0,,,101082,,,4732,4732,119,0,,,,,5229,3423,,0,96111,119,,,,,,0,106559,10690
5/12/20,OR,A+,130,,0,,673,673,165,0,,39,74320,0,,,101234,,25,3286,3222,0,0,,,,,9019,1125,,0,110253,3051,,,,,,0,110253,3051
5/12/20,PA,C,3806,,75,,,,2187,0,,,237989,6285,,,,,497,57991,,837,0,,,,,,,,0,295980,7122,,,,,295980,7122,,0
5/12/20,PR,C,114,58,1,,,,127,0,,,,0,,,,,,1062,1062,8,0,1237,,,,,,,0,1062,8,,,,,,0,,0
5/12/20,RI,A+,444,,14,,1307,1307,277,27,,72,70916,1551,,,89697,,53,12007,12007,219,0,,,,,14437,863,101487,2114,101487,2114,,,,,82923,1770,104134,2803
5/12/20,SC,A,355,355,24,,1338,1338,,86,,,85213,8409,,,,,,7927,7927,274,0,,,,,,6817,,0,93140,8683,,,,,,0,,0
5/12/20,SD,B,39,,5,,271,271,74,8,,,21534,570,,,,,,3663,,49,0,,,,,,2309,,0,25197,619,,,,,25197,619,,0
5/12/20,TN,A,265,265,14,,1363,1363,591,19,,,267713,9980,,,,,,16111,16111,567,0,,,,,,8336,,0,283824,10547,,,,,,0,,0
5/12/20,TX,A,1133,,33,,,,1725,0,,,562448,23534,,,,,,41048,41048,1179,0,,,,,53175,22674,,0,603496,24713,,,,,,0,603496,24713
5/12/20,UT,B,73,,5,,535,535,166,18,178,,149131,2749,,,160090,80,,6432,6432,70,0,,,,,7148,3267,,0,167238,3409,,,,,155657,2843,167238,3409
5/12/20,VA,A+,891,864,41,27,3395,3395,1529,95,,364,129529,3982,,,,,201,25800,24601,730,0,,,,,32577,3400,186415,4204,186415,4204,,,,,,0,,0
5/12/20,VI,C,6,6,1,,,,,0,,,1115,5,,,,,,69,,0,0,,,,,,61,,0,1184,5,,,,,,0,,0
5/12/20,VT,B,53,53,0,,,,18,0,,,17170,294,,,,,,927,927,1,0,,,,,,787,,0,23023,343,,,,,18097,295,23023,343
5/12/20,WA,A,945,945,14,,,,321,0,,94,258581,5856,,,,,,17824,17824,61,0,,,,,,,276900,6106,276900,6106,,,,,252541,4976,,0
5/12/20,WI,A+,418,418,9,,1877,1877,326,31,464,115,112748,4715,,,,,,12131,10611,211,0,,,,,,5371,142841,5004,142841,5004,,,,,,0,,0
5/12/20,WV,C,57,,3,,,,50,0,,9,63698,1595,,,,,5,1371,1371,5,0,,,,,,803,,0,65069,1600,,,,,,0,65069,1600
5/12/20,WY,B,7,,0,,67,67,10,1,,,14384,2981,,,15894,,,675,513,6,0,,,,,620,477,,0,16514,508,,,,,,0,16514,508
5/11/20,AK,C,10,10,0,,41,41,7,0,,,28299,1314,,,,,,381,,2,0,,,,,,328,,0,28680,1316,,,,,,0,28680,1316
5/11/20,AL,B,401,401,8,,1256,1256,458,16,463,,119435,1791,,,,276,,10009,10009,232,0,,,,,,,,0,129444,2023,,,,,129444,2023,,0
5/11/20,AR,A,94,,6,,480,480,61,9,,,64996,3215,,,,98,11,4034,4034,287,0,,,,,,3149,,0,69030,3502,,,,,,0,69030,3502
5/11/20,AS,D,0,,0,,,,,0,,,105,22,,,,,,0,0,0,0,,,,,,,,0,105,22,,,,,,0,105,22
5/11/20,AZ,A+,542,,6,,2462,2462,717,41,,297,105084,5826,,,,,201,11380,,261,0,,,,,,2852,,0,155246,2156,33777,,,,116464,6087,155246,2156
5/11/20,CA,B,2770,,25,,,,4549,0,,1329,923958,34974,,,,,,67939,67939,1259,0,,,,,,,,0,991897,36233,,,,,,0,991897,36233
5/11/20,CO,A,987,,16,,3663,3663,738,32,,,88778,-113,19218,,,,,19879,17983,176,0,1956,,,,,3114,120284,3071,120284,3071,21174,,,,106761,2684,,0
5/11/20,CT,B,3008,2718,41,,9389,9389,1212,0,,,98743,2105,,,,,,33765,,211,0,,,,,,5413,,0,132508,2316,,,,,,0,132508,2316
5/11/20,DC,A,328,,5,,,,416,0,,,23872,574,,,,,82,6389,,117,0,,,,,,881,30261,691,30261,691,,,,,,0,,0
5/11/20,DE,B,324,288,12,36,,,275,0,,,25363,771,,,,,,6565,,118,0,,,,,8671,2619,45527,1630,45527,1630,,,,,,0,,0
5/11/20,FL,B,1805,1805,14,,7458,7458,,54,,,520075,21723,,,,,,39562,,383,0,,,,,,,555807,17780,555807,17780,,,,,,0,,0
5/11/20,GA,A,1441,,36,,6015,6015,1133,18,1414,,217361,7255,,,,,,33927,33927,486,0,,,,,29188,,,0,234892,10418,,,,,,0,234892,10418
5/11/20,GU,C,5,,0,,,,,0,,,3838,195,,,,,,151,147,0,0,,,,,,124,,0,3989,195,,,,,,0,,0
5/11/20,HI,B,17,,0,,81,81,,0,,,37051,412,,,,,,632,,1,0,,,,,593,561,38922,685,38922,685,,,,,,0,,0
5/11/20,IA,A+,271,,6,,,,394,0,,152,65419,3204,,,,,107,12373,12373,414,0,,,,,,5249,,0,77792,3618,,,,,,0,,0
5/11/20,ID,B,67,,0,,207,207,30,0,87,,29912,0,,,,,,2230,2049,0,0,,,,,,1473,,0,31961,0,,,,,31961,0,,0
5/11/20,IL,A,3459,,53,,,,4319,0,,1248,363418,11175,,,,,730,79007,79007,1266,0,,,,,,,,0,442425,12441,,,,,,0,,0
5/11/20,IN,A+,1540,1411,32,,4389,4389,1346,0,990,452,122061,6158,,,,,213,24627,,501,0,,,,,24752,,,0,190674,1650,,,,,,0,190674,1650
5/11/20,KS,A,158,,1,,660,660,,3,233,,46993,1436,,,,101,,7116,,168,0,,,,,,376,,0,54109,1604,,,,,,0,,0
5/11/20,KY,A,304,304,0,,1757,1757,394,0,758,226,80483,0,,,,,,6440,6417,0,0,,,,,,2308,,0,86900,0,,,,,,0,86900,0
5/11/20,LA,B,2308,2242,22,,,,1310,0,,,189015,4743,,,,,157,31815,31815,215,0,,,,,,22608,,0,220830,4958,,,,,,0,,0
5/11/20,MA,A,5108,5108,129,,7732,7732,3102,115,,813,316266,5670,,,,,,78462,78462,669,0,,,,,98664,,,0,496747,15642,,,,,,0,496747,15642
5/11/20,MD,A,1788,1698,49,90,6183,6183,1544,228,,585,131407,4063,,,,,,33373,33373,786,0,,,,,38979,2298,,0,179388,7930,,,,,,0,179388,7930
5/11/20,ME,B,65,65,1,,200,200,37,1,,17,22092,0,587,,,,9,1462,1328,26,0,,,,,,872,,0,23554,26,,,,,,0,,0
5/11/20,MI,A+,5139,4958,58,228,,,1424,0,,685,278293,10876,,,278293,,557,54004,50925,971,0,,,,,61550,22686,,0,332297,11847,,,,,,0,339843,11509
5/11/20,MN,A,591,591,13,,1716,1716,452,59,600,194,115585,4476,,,,,,14379,14379,827,0,,,,,,6945,129964,5303,129964,5303,,,,,,0,,0
5/11/20,MO,B,488,,6,,,,824,0,,,105702,0,,5953,111728,,137,9918,9918,74,0,,,272,,11789,,,0,123746,2187,,,6234,,,0,123746,2187
5/11/20,MP,D,2,,0,,,,,0,,,2676,355,,,,,,19,19,3,0,,,,,,12,,0,2695,358,,,,,,0,2695,359
5/11/20,MS,A,435,,5,,1546,1546,507,15,,132,86211,14110,,,,,68,9674,,173,0,,,,,,6268,,0,95885,14283,,,,,,0,95885,3886
5/11/20,MT,C,16,,0,,62,62,4,0,,,22113,867,,,,,,459,459,1,0,,,,,,423,,0,22572,868,,,,,,0,22572,868
5/11/20,NC,B,550,550,3,,,,464,0,,,180820,3449,,,,,,15045,15045,281,0,,,,,,9115,,0,195865,3730,,,,,,0,,0
5/11/20,ND,C,36,,1,,115,115,34,5,,,45496,2118,,,,,,1514,1514,26,0,,,,,,846,51107,2446,51107,2446,,,,,45238,1971,51954,2495
5/11/20,NE,D,98,,2,,,,,0,,,37924,589,,,42946,,,8315,8315,81,0,,,,,9385,,,0,52594,682,,,,,46314,670,52594,682
5/11/20,NH,B,133,,2,,318,318,113,5,97,,31723,1281,,,,,,3160,3160,149,0,,,,,,1229,,0,37116,1270,3059,,,,,0,37116,1270
5/11/20,NJ,A+,10926,9310,60,1616,,,4195,0,,1255,285988,112073,,,,,970,139945,139945,1413,0,,,,,,15642,,0,425933,113486,,,,,,-312447,425933,425933
5/11/20,NM,C,208,,8,,886,886,207,97,,,101652,4017,,,,,,5069,5069,206,0,,,,,,1300,,0,106721,4223,,,,,,0,,0
5/11/20,NV,C,344,,5,,,,482,0,,117,53932,1221,,,,,60,6152,6152,54,0,,,,,,,72724,1228,72724,1228,,,,,,0,72970,1367
5/11/20,NY,A,21640,,162,,84194,84194,7226,433,,2450,867595,19992,,,,,2020,337055,337055,1660,0,,,,,,58363,1204650,21652,1204650,21652,,,,,,0,,0
5/11/20,OH,B,1357,1236,16,121,4413,4413,1011,62,1217,391,185753,4972,,,,,256,24777,23400,696,0,,,,,,,,0,210530,5668,,,,,,0,203672,8139
5/11/20,OK,A+,274,,2,,828,828,177,2,,93,91379,0,,,90721,,,4613,4613,24,0,,,,,4923,3241,,0,95992,24,,,,,,0,95869,0
5/11/20,OR,A+,130,,3,,673,673,164,3,,40,74320,2041,,,98271,,23,3286,3222,58,0,,,,,8931,1125,,0,107202,3427,,,,,,0,107202,3427
5/11/20,PA,C,3731,,24,,,,2176,0,,,231704,3932,,,,,497,57154,,543,0,,,,,,,,0,288858,4475,,,,,288858,4475,,0
5/11/20,PR,D,113,57,2,,,,159,0,,,,0,,,,,,1054,1054,14,0,1202,,,,,,,0,1054,14,,,,,,0,,0
5/11/20,RI,A+,430,,8,,1280,1280,276,29,,73,69365,1259,,,87264,,52,11788,11788,175,0,,,,,14067,841,99373,2397,99373,2397,,,,,81153,1434,101331,2038
5/11/20,SC,B,331,331,0,,1252,1252,,0,,,76804,0,,,,,,7653,7653,0,0,,,,,,4120,,0,84457,0,,,,,,0,,0
5/11/20,SD,C,34,,0,,263,263,78,2,,,20964,587,,,,,,3614,,97,0,,,,,,2187,,0,24578,684,,,,,24578,684,,0
5/11/20,TN,B,251,251,8,,1344,1344,581,19,,,257733,10849,,,,,,15544,15544,559,0,,,,,,8038,,0,273277,11408,,,,,,0,,0
5/11/20,TX,B,1100,483,12,,,,1525,0,,,538914,5107,,,,,,39869,39869,1000,0,,,,,51389,21713,,0,578783,6107,,,,,,0,578783,6107
5/11/20,UT,B,68,,1,,517,517,160,5,169,,146382,1711,,,156793,76,,6362,6362,111,0,,,,,7036,3181,,0,163829,2182,,,,,152814,1788,163829,2182
5/11/20,VA,A+,850,823,11,27,3300,3300,1504,89,,362,125547,6573,,,,,194,25070,23889,989,0,,,,,31982,3273,182211,5553,182211,5553,,,,,,0,,0
5/11/20,VI,C,5,5,1,,,,,0,,,1110,8,,,,,,69,,0,0,,,,,,60,,0,1179,8,,,,,,0,,0
5/11/20,VT,B,53,53,0,,,,14,0,,,16876,620,,,,,,926,926,0,0,,,,,,785,,0,22680,718,,,,,17802,620,22680,718
5/11/20,WA,B,931,931,10,,,,350,0,,110,252725,5902,,,,,,17763,17763,126,0,,,,,,,270794,6198,270794,6198,,,,,247565,4843,,0
5/11/20,WI,A+,409,409,9,,1846,1846,340,26,460,117,108033,2870,,,,,,11920,10418,226,0,,,,,,5176,137837,4693,137837,4693,,,,,,0,,0
5/11/20,WV,C,54,,0,,,,49,0,,10,62103,819,,,,,6,1366,1366,6,0,,,,,,775,,0,63469,825,,,,,,0,63469,825
5/11/20,WY,C,7,,0,,66,66,12,1,,,11403,0,,,15403,,,669,510,7,0,,,,,603,443,,0,16006,616,,,,,,0,16006,616
5/10/20,AK,C,10,10,0,,41,41,8,0,,,26985,914,,,,,,379,,1,0,,,,,,324,,0,27364,915,,,,,,0,27364,915
5/10/20,AL,B,393,393,5,,1240,1240,424,12,460,,117644,1717,,,,274,,9777,9777,210,0,,,,,,,,0,127421,1927,,,,,127421,1927,,0
5/10/20,AR,B,88,,0,,471,471,64,0,,,61781,0,,,,96,14,3747,3747,0,0,,,,,,2968,,0,65528,0,,,,,,0,65528,0
5/10/20,AS,D,0,,0,,,,,0,,,83,0,,,,,,0,0,0,0,,,,,,,,0,83,0,,,,,,0,83,0
5/10/20,AZ,A+,536,,4,,2421,2421,713,35,,300,99258,4408,,,,,195,11119,,159,0,,,,,,2775,,0,153090,10983,27362,,,,110377,4567,153090,10983
5/10/20,CA,B,2745,,67,,,,4555,0,,1328,888984,40975,,,,,,66680,66680,2119,0,,,,,,,,0,955664,43094,,,,,,0,955664,43094
5/10/20,CO,B,971,,4,,3631,3631,573,8,,,88891,4517,17708,,,,,19703,17809,328,0,1821,,,,,3076,117213,4024,117213,4024,19529,,,,104077,3467,,0
5/10/20,CT,B,2967,2633,35,,9389,9389,1242,0,,,96638,6053,,,,,,33554,,570,0,,,,,,5413,,0,130192,6623,,,,,,0,130192,6623
5/10/20,DC,A+,323,,12,,,,447,0,,130,23298,1217,,,,,91,6272,,170,0,,,,,,880,29570,1387,29570,1387,,,,,,0,,0
5/10/20,DE,B,312,277,11,35,,,285,0,,,24592,1573,,,,,,6447,,170,0,,,,,8445,2537,43897,1947,43897,1947,,,,,,0,,0
5/10/20,FL,B,1791,1791,6,,7404,7404,,79,,,498352,10622,,,,,,39179,,681,0,,,,,,,538027,13684,538027,13684,,,,,,0,,0
5/10/20,GA,A,1405,,5,,5997,5997,1144,10,1412,,210106,7314,,,,,,33441,33441,909,0,,,,,28281,,,0,224474,5327,,,,,,0,224474,5327
5/10/20,GU,C,5,,0,,,,,0,,,3643,0,,,,,,151,147,0,0,,,,,,124,,0,3794,0,,,,,,0,,0
5/10/20,HI,B,17,,0,,81,81,,0,,,36639,1006,,,,,,631,,2,0,,,,,592,551,38237,569,38237,569,,,,,,0,,0
5/10/20,IA,A+,265,,13,,,,413,0,,157,62215,2410,,,,,105,11959,11959,288,0,,,,,,5154,,0,74174,2698,,,,,,0,,0
5/10/20,ID,B,67,,0,,207,207,25,1,87,,29912,311,,,,,,2230,2049,25,0,,,,,,1473,,0,31961,333,,,,,31961,333,,0
5/10/20,IL,A,3406,,57,,,,4293,0,,1232,352243,11997,,,,,709,77741,77741,1656,0,,,,,,,,0,429984,13653,,,,,,0,,0
5/10/20,IN,A+,1508,1379,18,,4389,4389,1328,0,990,462,115903,3949,,,,,205,24126,,394,0,,,,,24618,,,0,189024,3839,,,,,,0,189024,3839
5/10/20,KS,A,157,,0,,657,657,,22,231,,45557,2375,,,,101,,6948,,197,0,,,,,,371,,0,52505,2572,,,,,,0,,0
5/10/20,KY,A,304,304,6,,1757,1757,394,61,758,226,80483,324,,,,,,6440,6417,152,0,,,,,,2308,,0,86900,472,,,,,,0,86900,472
5/10/20,LA,B,2286,2213,19,,,,1324,0,,,184272,3532,,,,,161,31600,31600,183,0,,,,,,20316,,0,215872,3715,,,,,,0,,0
5/10/20,MA,A,4979,4979,139,,7617,7617,3128,66,,810,310596,10802,,,,,,77793,77793,1050,0,,,,,96540,,,0,481105,4559,,,,,,0,481105,4559
5/10/20,MD,A,1739,1652,47,87,5955,5955,1640,23,,611,127344,2850,,,,,,32587,32587,1053,0,,,,,37984,2293,,0,171458,7340,,,,,,0,171458,7340
5/10/20,ME,B,64,64,0,,199,199,36,1,,17,22092,0,587,,,,10,1436,1312,28,0,,,,,,861,,0,23528,28,,,,,,0,,0
5/10/20,MI,A+,5081,4911,45,228,,,1437,0,,674,267417,8152,,,267417,,536,53033,50129,301,0,,,,,60917,22686,,0,320450,8453,,,,,,0,328334,8654
5/10/20,MN,A,578,578,20,,1657,1657,434,45,581,199,111109,5069,,,,,,13552,13552,231,0,,,,,,6304,124661,5300,124661,5300,,,,,,0,,0
5/10/20,MO,B,482,,10,,,,824,0,,,105702,6470,,5273,109674,,137,9844,9844,178,0,,,251,,11659,,,0,121559,4258,,,5533,,,0,121559,4258
5/10/20,MP,D,2,,0,,,,,0,,,2321,0,,,,,,16,16,0,0,,,,,,12,,0,2337,0,,,,,,0,2336,0
5/10/20,MS,A,430,,9,,1531,1531,645,19,,141,72101,0,,,,,78,9501,,123,0,,,,,,4421,,0,81602,123,,,,,,0,91999,1527
5/10/20,MT,C,16,,0,,62,62,4,0,,,21246,375,,,,,,458,458,0,0,,,,,,422,,0,21704,375,,,,,,0,21704,375
5/10/20,NC,B,547,547,3,,,,442,0,,,177371,5369,,,,,,14764,14764,404,0,,,,,,,,0,192135,5773,,,,,,0,,0
5/10/20,ND,C,35,,0,,110,110,29,0,,,43378,909,,,,,,1488,1488,26,0,,,,,,792,48661,1346,48661,1346,,,,,43267,939,49459,1375
5/10/20,NE,D,96,,4,,,,,0,,,37335,2190,,,42348,,,8234,8234,403,0,,,,,9303,,,0,51912,2156,,,,,45644,2598,51912,2156
5/10/20,NH,B,131,,10,,313,313,107,4,97,,30442,1091,,,,,,3011,3011,64,0,,,,,,1228,,0,35846,1672,2930,,,,,0,35846,1672
5/10/20,NJ,A+,10866,9255,151,1611,,,4308,0,,1338,173915,5794,,,,,994,138532,138532,1447,0,,,,,,15642,,0,312447,7241,,,,,312447,7241,,0
5/10/20,NM,C,200,,9,,789,789,194,0,,,97635,5360,,,,,,4863,4863,85,0,,,,,,1285,,0,102498,5445,,,,,,0,,0
5/10/20,NV,C,339,,5,,,,444,0,,116,52711,2628,,,,,65,6098,6098,70,0,,,,,,,71496,2256,71496,2256,,,,,,0,71603,3237
5/10/20,NY,A,21478,,207,,83761,83761,7262,476,,2488,847603,26957,,,,,2073,335395,335395,2273,0,,,,,,58006,1182998,29230,1182998,29230,,,,,,0,,0
5/10/20,OH,B,1341,1220,10,121,4351,4351,962,51,1205,381,180781,7808,,,,,254,24081,22891,384,0,,,,,,,,0,204862,8192,,,,,,0,195533,12264
5/10/20,OK,A+,272,,2,,826,826,177,4,,93,91379,0,,,90721,,,4589,4589,99,0,,,,,4923,3204,,0,95968,99,,,,,,0,95869,0
5/10/20,OR,A+,127,,0,,670,670,164,8,,45,72279,819,,,95112,,22,3228,3171,68,0,,,,,8663,1125,,0,103775,3187,,,,,,0,103775,3187
5/10/20,PA,C,3707,,19,,,,2230,0,,,227772,5981,,,,,501,56611,,1295,0,,,,,,,,0,284383,7276,,,,,284383,7276,,0
5/10/20,PR,D,111,57,3,,,,143,0,,,,0,,,,,,1040,1040,6,0,1158,,,,,,,0,1040,6,,,,,,0,,0
5/10/20,RI,A+,422,,4,,1251,1251,283,33,,70,68106,1502,,,85467,,52,11613,11613,186,0,,,,,13826,809,96976,3800,96976,3800,,,,,79719,1688,99293,2367
5/10/20,SC,B,331,331,1,,1252,1252,,0,,,76804,3372,,,,,,7653,7653,122,0,,,,,,4120,,0,84457,3494,,,,,,0,,0
5/10/20,SD,C,34,,0,,261,261,77,8,,,20377,818,,,,,,3517,,124,0,,,,,,2147,,0,23894,942,,,,,23894,942,,0
5/10/20,TN,B,243,243,1,,1325,1325,484,6,,,246884,8904,,,,,,14985,14985,217,0,,,,,,7528,,0,261869,9121,,,,,,0,,0
5/10/20,TX,B,1088,481,39,,,,1626,0,,,533807,11658,,,,,,38869,38869,1009,0,,,,,50981,21022,,0,572676,12667,,,,,,0,572676,12667
5/10/20,UT,B,67,,1,,512,512,144,14,168,,144671,2471,,,154691,76,,6251,6251,148,0,,,,,6956,3033,,0,161647,3139,,,,,151026,2610,161647,3139
5/10/20,VA,A+,839,813,12,26,3211,3211,1555,47,,351,118974,5021,,,,,187,24081,22962,885,0,,,,,31136,3201,176658,7117,176658,7117,,,,,,0,,0
5/10/20,VI,C,4,4,0,,,,,0,,,1102,78,,,,,,69,,1,0,,,,,,59,,0,1171,79,,,,,,0,,0
5/10/20,VT,B,53,53,0,,,,21,0,,,16256,454,,,,,,926,926,8,0,,,,,,777,,0,21962,548,,,,,17182,462,21962,548
5/10/20,WA,B,921,921,16,,,,335,0,,101,246823,1714,,,,,,17637,17637,254,0,,,,,,,264596,1776,264596,1776,,,,,242722,1361,,0
5/10/20,WI,A+,400,400,2,,1820,1820,332,14,456,113,105163,3228,,,,,,11694,10219,292,0,,,,,,5014,133144,5609,133144,5609,,,,,,0,,0
5/10/20,WV,C,54,,1,,,,49,0,,10,61284,1622,,,,,6,1360,1360,25,0,,,,,,775,,0,62644,1647,,,,,,0,62644,1647
5/10/20,WY,C,7,,0,,65,65,12,1,,,11403,0,,,14810,,,662,504,9,0,,,,,580,443,,0,15390,103,,,,,,0,15390,103
5/9/20,AK,C,10,10,0,,41,41,8,0,,,26071,975,,,,,,378,,1,0,,,,,,318,,0,26449,976,,,,,,0,26449,976
5/9/20,AL,B,388,388,13,,1228,1228,437,21,459,,115927,5034,,,,272,,9567,9567,346,0,,,,,,,,0,125494,5380,,,,,125494,5380,,0
5/9/20,AR,B,88,,0,,471,471,64,5,,,61781,1481,,,,96,14,3747,3747,53,0,,,,,,2968,,0,65528,1534,,,,,,0,65528,1534
5/9/20,AS,D,0,,0,,,,,0,,,83,0,,,,,,0,0,0,0,,,,,,,,0,83,0,,,,,,0,83,0
5/9/20,AZ,A+,532,,15,,2386,2386,739,36,,296,94850,4251,,,,,186,10960,,434,0,,,,,,2684,,0,142107,7030,23130,,,,105810,4685,142107,7030
5/9/20,CA,B,2678,,93,,,,4538,0,,1349,848009,35249,,,,,,64561,64561,2049,0,,,,,,,,0,912570,37298,,,,,,0,912570,37298
5/9/20,CO,B,967,,7,,3623,3623,790,23,,,84374,6429,16062,,,,,19375,17491,548,0,1680,,,,,3023,113189,4680,113189,4680,17742,,,,100610,3838,,0
5/9/20,CT,B,2932,2495,58,,9389,9389,1301,0,,,90585,2455,,,,,,32984,,573,0,,,,,,5413,,0,123569,3028,,,,,,0,123569,3028
5/9/20,DC,A+,311,,7,,,,447,0,,130,22081,865,,,,,91,6102,,203,0,,,,,,879,28183,1068,28183,1068,,,,,,0,,0
5/9/20,DE,B,301,268,4,33,,,288,0,,,23019,866,,,,,,6277,,166,0,,,,,8292,2450,41950,2059,41950,2059,,,,,,0,,0
5/9/20,FL,B,1785,1785,47,,7325,7325,,168,,,487730,13588,,,,,,38498,,765,0,,,,,,,524343,16745,524343,16745,,,,,,0,,0
5/9/20,GA,A,1400,,23,,5987,5987,1179,52,1409,,202792,7331,,,,,,32532,32532,426,0,,,,,27085,,,0,219147,4803,,,,,,0,219147,4803
5/9/20,GU,C,5,,0,,,,,0,,,3643,17,,,,,,151,147,0,0,,,,,,124,,0,3794,17,,,,,,0,,0
5/9/20,HI,C,17,,0,,81,81,,7,,,35633,-356,,,,,,629,,0,0,,,,,589,566,37668,670,37668,670,,,,,,0,,0
5/9/20,IA,A+,252,,9,,,,402,0,,161,59805,1001,,,,,106,11671,11671,214,0,,,,,,5011,,0,71476,1215,,,,,,0,,0
5/9/20,ID,B,67,,0,,206,206,19,0,86,,29601,509,,,,,,2205,2027,27,0,,,,,,1442,,0,31628,529,,,,,31628,529,,0
5/9/20,IL,A,3349,,108,,,,4739,0,,1215,340246,14292,,,,,739,76085,76085,2325,0,,,,,,,,0,416331,16617,,,,,,0,,0
5/9/20,IN,A+,1490,1362,43,,4389,4389,1361,0,990,458,111954,4972,,,,,213,23732,,586,0,,,,,24293,,,0,185185,7819,,,,,,0,185185,7819
5/9/20,KS,A,157,,5,,635,635,,27,229,,43182,1975,,,,100,,6751,,250,0,,,,,,350,,0,49933,2225,,,,,,0,,0
5/9/20,KY,A,298,298,4,,1696,1696,369,12,723,210,80159,4887,,,,,,6288,6269,159,0,,,,,,2266,,0,86428,5037,,,,,,0,86428,5037
5/9/20,LA,B,2267,2042,40,,,,1333,0,,,180740,9179,,,,,165,31417,31417,562,0,,,,,,20316,,0,212157,9741,,,,,,0,,0
5/9/20,MA,A,4840,4840,138,,7551,7551,3229,117,,814,299794,9104,,,,,,76743,76743,1410,0,,,,,95866,,,0,476546,7688,,,,,,0,476546,7688
5/9/20,MD,A,1692,1609,49,83,5932,5932,1665,121,,575,124494,2792,,,,,,31534,31534,1049,0,,,,,36612,2159,,0,164118,6049,,,,,,0,164118,6049
5/9/20,ME,B,64,64,1,,198,198,43,4,,22,22092,0,587,,,,10,1408,1287,34,0,,,,,,857,,0,23500,34,,,,,,0,,0
5/9/20,MI,A+,5036,4853,49,227,,,1531,0,,683,259265,11123,,,259265,,539,52732,49871,383,0,,,,,60415,22686,,0,311997,11506,,,,,,0,319680,11879
5/9/20,MN,A,558,558,24,,1612,1612,476,63,556,180,106040,4632,,,,,,13321,13321,281,0,,,,,,5764,119361,4913,119361,4913,,,,,,0,,0
5/9/20,MO,B,472,,23,,,,855,0,,,99232,0,,4628,105590,,144,9666,9666,177,0,,,227,,11486,,,0,117301,3811,,,4861,,,0,117301,3811
5/9/20,MP,D,2,,0,,,,,0,,,2321,0,,,,,,16,16,1,0,,,,,,12,,0,2337,1,,,,,,0,2336,0
5/9/20,MS,A,421,,12,,1512,1512,607,34,,133,72101,0,,,,,76,9378,,288,0,,,,,,4421,,0,81479,288,,,,,,0,90472,90472
5/9/20,MT,C,16,,0,,62,62,4,0,,,20871,384,,,,,,458,458,0,0,,,,,,422,,0,21329,384,,,,,,0,21329,384
5/9/20,NC,B,544,544,17,,,,513,0,,,172002,7257,,,,,,14360,14360,492,0,,,,,,,,0,186362,7749,,,,,,0,,0
5/9/20,ND,C,35,,2,,110,110,34,6,,,42469,1393,,,,,,1462,1462,40,0,,,,,,762,47315,1891,47315,1891,,,,,42328,1315,48084,1947
5/9/20,NE,D,92,,2,,,,,0,,,35145,1923,,,40586,,,7831,7831,641,0,,,,,8914,,,0,49756,4479,,,,,43046,2564,49756,4479
5/9/20,NH,B,121,,7,,309,309,112,1,97,,29351,1522,,,,,,2947,2947,104,0,,,,,,1210,,0,34174,1514,2619,,,,,0,34174,1514
5/9/20,NJ,A+,10715,9116,177,1599,,,4628,0,,1416,168121,4816,,,,,1054,137085,137085,1631,0,,,,,,15642,,0,305206,6447,,,,,305206,6447,,0
5/9/20,NM,C,191,,10,,789,789,198,0,,,92275,3686,,,,,,4778,4778,105,0,,,,,,1268,,0,97053,3791,,,,,,0,,0
5/9/20,NV,D,334,,6,,,,,0,,,50083,2623,,,,,,6028,6028,144,0,,,,,,,69240,3799,69240,3799,,,,,,0,68366,2822
5/9/20,NY,B,21271,,226,,83285,83285,7776,555,,2664,820646,29510,,,,,2203,333122,333122,2715,0,,,,,,57180,1153768,32225,1153768,32225,,,,,,0,,0
5/9/20,OH,B,1331,1214,25,117,4300,4300,929,82,1200,368,172973,11673,,,,,222,23697,22560,681,0,,,,,,,,0,196670,12354,,,,,,0,183269,8209
5/9/20,OK,A+,270,,4,,822,822,177,17,,93,91379,5946,,,90721,,,4490,4490,66,0,,,,,4923,3154,,0,95869,6012,,,,,,0,95869,6012
5/9/20,OR,A+,127,,3,,662,662,139,3,,34,71460,1835,,,92032,,19,3160,3111,92,0,,,,,8556,1125,,0,100588,3990,,,,,,0,100588,3990
5/9/20,PA,C,3688,,72,,,,2285,0,,,221791,5470,,,,,502,55316,,1078,0,,,,,,,,0,277107,6548,,,,,277107,6548,,0
5/9/20,PR,C,108,57,1,,,,148,0,,,,0,,,,,7,1034,1034,5,0,1139,,,,,,,0,1034,5,,,,,,0,,0
5/9/20,RI,A+,418,,19,,1218,1218,292,31,,77,66604,2266,,,83377,,56,11427,11427,286,0,,,,,13549,772,93176,2957,93176,2957,,,,,78031,2552,96926,3736
5/9/20,SC,B,330,330,14,,1252,1252,,100,,,73432,7132,,,,,,7531,7531,389,0,,,,,,4120,,0,80963,7521,,,,,,0,,0
5/9/20,SD,C,34,,3,,253,253,79,6,,,19559,1410,,,,,,3393,,249,0,,,,,,2125,,0,22952,1659,,,,,22952,1659,,0
5/9/20,TN,B,242,242,1,,1319,1319,509,20,,,237980,8843,,,,,,14768,14768,327,0,,,,,,7369,,0,252748,9170,,,,,,0,,0
5/9/20,TX,B,1049,470,45,,,,1735,0,,,522149,21768,,,,,,37860,37860,1251,0,,,,,49966,20141,,0,560009,23019,,,,,,0,560009,23019
5/9/20,UT,B,66,,5,,498,498,172,10,166,,142200,3981,,,151706,75,,6103,6103,184,0,,,,,6802,2901,,0,158508,4869,,,,,148416,4150,158508,4869
5/9/20,VA,A+,827,801,15,26,3164,3164,1593,105,,367,113953,6350,,,,,198,23196,22086,854,0,,,,,30016,3124,169541,8426,169541,8426,,,,,,0,,0
5/9/20,VI,C,4,4,0,,,,,0,,,1024,0,,,,,,68,,0,0,,,,,,57,,0,1092,0,,,,,,0,,0
5/9/20,VT,B,53,53,0,,,,21,0,,,15802,460,,,,,,918,918,2,0,,,,,,744,,0,21414,515,,,,,16720,462,21414,515
5/9/20,WA,B,905,905,14,,,,393,0,,128,245109,2380,,,,,,17383,17383,266,0,,,,,,,262820,2508,262820,2508,,,,,241361,2094,,0
5/9/20,WI,A+,398,398,14,,1806,1806,339,39,452,110,101935,4670,,,,,,11402,9939,372,0,,,,,,4875,127535,5781,127535,5781,,,,,,0,,0
5/9/20,WV,C,53,,2,,,,53,0,,13,59662,1536,,,,,7,1335,1335,25,0,,,,,,761,,0,60997,1561,,,,,,0,60997,1561
5/9/20,WY,C,7,,0,,64,64,12,4,,,11403,0,,,14707,,,653,495,9,0,,,,,580,438,,0,15287,128,,,,,,0,15287,128
5/8/20,AK,C,10,10,0,,41,41,16,0,,,25096,1129,,,,,,377,,3,0,,,,,,305,,0,25473,1132,,,,,,0,25473,1132
5/8/20,AL,B,375,375,26,,1207,1207,481,29,454,,110893,4618,,,,266,,9221,9221,323,0,,,,,,,,0,120114,4941,,,,,120114,4941,,0
5/8/20,AR,B,88,,1,,466,466,70,4,,,60300,3916,,,,93,14,3694,3694,83,0,,,,,,2159,,0,63994,3999,,,,,,0,63994,3999
5/8/20,AS,F,0,,0,,,,,0,,,83,0,,,,,,0,0,0,0,,,,,,,,0,83,0,,,,,,0,83,0
5/8/20,AZ,A+,517,,67,,2350,2350,730,58,,295,90599,4110,,,,,197,10526,,581,0,,,,,,1747,,0,135077,7106,18782,,,,101125,4691,135077,7106
5/8/20,CA,B,2585,,81,,,,4514,0,,1342,812760,30500,,,,,,62512,62512,1898,0,,,,,,,,0,875272,32398,,,,,,0,875272,32398
5/8/20,CO,B,960,,16,,3600,3600,790,43,,,77945,2210,,,,,,18827,16969,456,0,,,,,,2974,108509,5376,108509,5376,,,,,96772,4505,,0
5/8/20,CT,B,2874,2436,77,,9389,9389,1327,0,,,88130,3740,,,,,,32411,,627,0,,,,,,5413,,0,120541,4367,,,,,,0,120541,4367
5/8/20,DC,A+,304,,19,,,,447,0,,130,21216,1014,,,,,91,5899,,245,0,,,,,,825,27115,1259,27115,1259,,,,,,0,,0
5/8/20,DE,B,297,264,12,33,,,289,0,,,22153,766,,,,,,6111,,172,0,,,,,8095,2288,39891,1710,39891,1710,,,,,,0,,0
5/8/20,FL,C,1738,1738,71,,7157,7157,,167,,,474142,20020,,,,,,37733,,344,0,,,,,,,507598,17302,507598,17302,,,,,,0,,0
5/8/20,GA,A,1377,,41,,5935,5935,1227,100,1399,,195461,9597,,,,,,32106,32106,667,0,,,,,26759,,,0,214344,4834,,,,,,0,214344,4834
5/8/20,GU,D,5,,0,,,,,0,,,3626,62,,,,,,151,147,0,0,,,,,,122,,0,3777,62,,,,,,0,,0
5/8/20,HI,B,17,,0,,74,74,,0,,,35989,1074,,,,,,629,,3,0,,,,,588,565,36998,686,36998,686,,,,,,0,,0
5/8/20,IA,A+,243,,12,,,,407,0,,164,58804,3436,,,,,109,11457,11457,398,0,,,,,,4685,,0,70261,3834,,,,,,0,,0
5/8/20,ID,B,67,,1,,206,206,16,1,86,,29092,360,,,,,,2178,2007,20,0,,,,,,1420,,0,31099,381,,,,,31099,381,,0
5/8/20,IL,A,3241,,130,,,,4750,0,,1222,325954,17784,,,,,727,73760,73760,2887,0,,,,,,,,0,399714,20671,,,,,,0,,0
5/8/20,IN,A+,1447,1328,33,,4389,4389,1379,4389,990,481,106982,4703,,,,,219,23146,,643,0,,,,,23719,,,0,177366,7659,,,,,,0,177366,7659
5/8/20,KS,A,152,,5,,608,608,,21,223,,41207,2529,,,,99,,6501,,357,0,,,,,,332,,0,47708,2886,,,,,,0,,0
5/8/20,KY,A,294,294,11,,1684,1684,356,68,714,199,75272,2600,,,,,,6129,6119,195,0,,,,,,2177,,0,81391,2788,,,,,,0,81391,2788
5/8/20,LA,B,2227,1991,19,,,,1359,0,,,171561,1446,,,,,185,30855,30855,203,0,,,,,,20316,,0,202416,1649,,,,,,0,,0
5/8/20,MA,A,4702,4702,150,,7434,7434,3349,197,,826,290690,12779,,,,,,75333,75333,1612,0,,,,,94841,,,0,468858,16945,,,,,,0,468858,16945
5/8/20,MD,A,1643,1561,63,82,5811,5811,1674,148,,571,121702,2476,,,,,,30485,30485,1111,0,,,,,35288,2041,,0,158069,5048,,,,,,0,158069,5048
5/8/20,ME,B,63,63,1,,194,194,44,2,,23,22092,0,587,,,,10,1374,1264,44,0,,,,,,836,,0,23466,44,,,,,,0,,0
5/8/20,MI,A+,4987,4809,62,215,,,1637,0,,725,248142,11958,,,248142,,570,52349,49565,618,0,,,,,59659,15659,,0,300491,12576,,,,,,0,307801,12785
5/8/20,MN,A,534,534,26,,1549,1549,473,90,540,198,101408,4164,,,,,,13040,13040,712,0,,,,,,5163,114448,4876,114448,4876,,,,,,0,,0
5/8/20,MO,B,449,,31,,,,832,0,,,99232,4951,,4053,101966,,143,9489,9489,148,0,,,202,,11307,,,0,113490,4208,,,4258,,,0,113490,4208
5/8/20,MP,D,2,,0,,,,,0,,,2321,538,,,,,,15,15,0,0,,,,,,12,,0,2336,538,,,,,,0,2336,539
5/8/20,MS,A,409,,13,,1478,1478,632,36,,123,72101,0,,,,,58,9090,,404,0,,,,,,4421,,0,81191,404,,,,,,0,,0
5/8/20,MT,C,16,,0,,62,62,6,0,,,20487,696,,,,,,458,458,2,0,,,,,,420,,0,20945,698,,,,,,0,20945,698
5/8/20,NC,B,527,527,20,,,,515,0,,,164745,6814,,,,,,13868,13868,471,0,,,,,,,,0,178613,7285,,,,,,0,,0
5/8/20,ND,C,33,,2,,104,104,33,2,,,41076,1580,,,,,,1422,1422,53,0,,,,,,714,45424,1918,45424,1918,,,,,41013,1639,46137,1970
5/8/20,NE,D,90,,4,,,,,0,,,33222,2235,,,36930,,,7190,7190,419,0,,,,,8092,,,0,45277,3054,,,,,40482,2653,45277,3054
5/8/20,NH,B,114,,3,,308,308,113,1,97,,27829,1763,,,,,,2843,2843,103,0,,,,,,1165,,0,32660,1120,2326,,,,,0,32660,1120
5/8/20,NJ,A+,10538,8952,170,1586,,,4605,0,,1439,163305,4282,,,,,1089,135454,135454,1819,0,,,,,,15642,,0,298759,6101,,,,,298759,6101,,0
5/8/20,NM,C,181,,9,,789,789,201,29,,,88589,4050,,,,,,4673,4673,180,0,,,,,,1189,,0,93262,4230,,,,,,0,,0
5/8/20,NV,D,328,,8,,,,,0,,,47460,1869,,,,,,5884,5884,118,0,,,,,,,65441,3780,65441,3780,,,,,,0,65544,1836
5/8/20,NY,B,21045,,217,,82730,82730,8196,533,,2811,791136,28689,,,,,2295,330407,330407,2938,0,,,,,,56378,1121543,31627,1121543,31627,,,,,,0,,0
5/8/20,OH,B,1306,1185,35,121,4218,4218,1060,78,1188,393,161300,7372,,,,,274,23016,21969,885,0,,,,,,,,0,184316,8257,,,,,,0,175060,7082
5/8/20,OK,A+,266,,6,,805,805,228,0,,96,85433,2876,,,85078,,,4424,4424,94,0,,,,,4779,3064,,0,89857,2970,,,,,,0,89857,2398
5/8/20,OR,A+,124,,3,,659,659,159,14,,42,69625,2156,,,88226,,18,3068,3032,79,0,,,,,8372,1125,,0,96598,3080,,,,,,0,96598,3080
5/8/20,PA,C,3616,,200,,,,2342,0,,,216321,6448,,,,,517,54238,,1323,0,,,,,,,,0,270559,7771,,,,,270559,7771,,0
5/8/20,PR,C,107,56,5,,,,161,0,,,,0,,,,,10,1029,1029,16,0,1127,,,,,,,0,1029,16,,,,,,0,,0
5/8/20,RI,A+,399,,11,,1187,1187,312,34,,71,64338,1691,,,80087,,52,11141,11141,231,0,,,,,13103,730,90219,3394,90219,3394,,,,,75479,1922,93190,2833
5/8/20,SC,B,316,316,11,,1152,1152,,0,,,66300,-4246,,,,,,7142,7142,206,0,,,,,,3816,,0,73442,-4040,,,,,,0,,0
5/8/20,SD,C,31,,0,,247,247,76,11,,,18149,940,,,,,,3144,,239,0,,,,,,2069,,0,21293,1179,,,,,21293,1179,,0
5/8/20,TN,B,241,,4,,1299,1299,550,33,,,229137,6905,,,,,,14441,14441,345,0,,,,,,7011,,0,243578,7250,,,,,,0,,0
5/8/20,TX,B,1004,453,31,,,,1734,0,,,500381,22135,,,,,,36609,36609,1219,0,,,,,48434,19197,,0,536990,23354,,,,,,0,536990,23354
5/8/20,UT,B,61,,0,,488,488,216,12,162,,138219,4169,,,147041,73,,5919,5919,195,0,,,,,6598,2769,,0,153639,5010,,,,,144266,4355,153639,5010
5/8/20,VA,A+,812,787,43,25,3059,3059,1625,104,,378,107603,6021,,,,,199,22342,21274,772,0,,,,,28671,2997,161115,7282,161115,7282,,,,,,0,,0
5/8/20,VI,C,4,4,0,,,,,0,,,1024,34,,,,,,68,,2,0,,,,,,57,,0,1092,36,,,,,,0,,0
5/8/20,VT,B,53,53,0,,,,15,0,,,15342,525,,,,,,916,916,2,0,,,,,,737,,0,20899,614,,,,,16258,527,20899,614
5/8/20,WA,B,891,891,21,,,,393,0,,122,242729,5843,,,,,,17117,17117,289,0,,,,,,,260312,6096,260312,6096,,,,,239267,5175,,0
5/8/20,WI,A+,384,384,10,,1767,1767,345,35,441,110,97265,4230,,,,,,11030,9590,409,0,,,,,,4694,121754,5633,121754,5633,,,,,,0,,0
5/8/20,WV,C,51,,0,,,,65,0,,19,58126,1892,,,,,11,1310,1310,23,0,,,,,,761,,0,59436,1915,,,,,,0,59436,1915
5/8/20,WY,C,7,,0,,60,60,9,1,,,11403,0,,,14580,,,644,490,9,0,,,,,579,428,,0,15159,482,,,,,,0,15159,482
5/7/20,AK,C,10,10,0,,41,41,12,0,,,23967,684,,,,,,374,,2,0,,,,,,291,,0,24341,686,,,,,,0,24341,686
5/7/20,AL,B,349,349,9,,1178,1178,502,20,448,,106275,5340,,,,266,,8898,8898,317,0,,,,,,,,0,115173,5657,,,,,115173,5657,,0
5/7/20,AR,B,87,,2,,462,462,69,9,,,56384,949,,,,93,14,3611,3611,43,0,,,,,,2123,,0,59995,992,,,,,,0,59995,992
5/7/20,AS,F,0,,0,,,,,0,,,83,0,,,,,,0,0,0,0,,,,,,,,0,83,0,,,,,,0,83,0
5/7/20,AZ,A+,450,,24,,2292,2292,766,48,,288,86489,4459,,,,,196,9945,,238,0,,,,,,1722,,0,127971,5702,14652,,,,96434,4697,127971,5702
5/7/20,CA,B,2504,,92,,,,4560,0,,1374,782260,32039,,,,,,60614,60614,1799,0,,,,,,,,0,842874,33838,,,,,,0,842874,33838
5/7/20,CO,B,944,,23,,3557,3557,821,571,,,75735,2218,,,,,,18371,16532,541,0,,,,,,2869,103133,3306,103133,3306,,,,,92267,2738,,0
5/7/20,CT,B,2797,2339,79,,9389,9389,1385,1631,,,84390,3938,,,,,,31784,,789,0,,,,,,5413,,0,116174,4727,,,,,,0,116174,4727
5/7/20,DC,A+,285,,8,,,,447,0,,130,20202,679,,,,,91,5654,,193,0,,,,,,825,25856,872,25856,872,,,,,,0,,0
5/7/20,DE,B,285,253,16,32,,,285,0,,,21387,697,,,,,,5939,,161,0,,,,,7904,2110,38181,1377,38181,1377,,,,,,0,,0
5/7/20,FL,C,1667,1667,62,,6990,6990,,214,,,454122,12073,,,,,,37389,,625,0,,,,,,,490296,13811,490296,13811,,,,,,0,,0
5/7/20,GA,A,1336,,25,,5835,5835,1309,70,1374,,185864,12423,,,,,,31439,31439,743,0,,,,,26433,,,0,209510,10285,,,,,,0,209510,10285
5/7/20,GU,F,5,,0,,,,,0,,,3564,88,,,,,,151,147,0,0,,,,,,123,,0,3715,88,,,,,,0,,0
5/7/20,HI,B,17,,0,,74,74,,1,,,34915,341,,,,,,626,,1,0,,,,,586,558,36312,587,36312,587,,,,,,0,,0
5/7/20,IA,A+,231,,12,,,,417,0,,151,55368,2601,,,,,107,11059,11059,655,0,,,,,,4266,,0,66427,3256,,,,,,0,,0
5/7/20,ID,B,66,,1,,205,205,20,2,86,,28732,314,,,,,,2158,1986,31,0,,,,,,1399,,0,30718,343,,,,,30718,343,,0
5/7/20,IL,A,3111,,137,,,,4862,0,,1253,308170,15142,,,,,766,70873,70873,2641,0,,,,,,,,0,379043,17783,,,,,,0,,0
5/7/20,IN,A+,1414,1295,37,,,,1457,0,,487,102279,3653,,,,,228,22503,,633,0,,,,,23103,,,0,169707,7043,,,,,,0,169707,7043
5/7/20,KS,A,147,,3,,587,587,,16,218,,38678,2298,,,,97,,6144,,410,0,,,,,,323,,0,44822,2708,,,,,,0,,0
5/7/20,KY,A,283,282,8,,1616,1616,351,13,693,190,72672,17480,,,,,,5934,5931,112,0,,,,,,2125,,0,78603,17590,,,,,,0,78603,17590
5/7/20,LA,B,2208,1926,93,,,,1432,0,,,170115,5842,,,,,189,30652,30652,253,0,,,,,,20316,,0,200767,6095,,,,,,0,,0
5/7/20,MA,A,4552,4552,132,,7237,7237,3436,157,,852,277911,10297,,,,,,73721,73721,1696,0,,,,,92617,,,0,451913,17091,,,,,,0,451913,17091
5/7/20,MD,A,1580,1500,60,80,5663,5663,1683,166,,584,119226,3377,,,,,,29374,29374,1211,0,,,,,34106,2029,,0,153021,6357,,,,,,0,153021,6357
5/7/20,ME,B,62,62,0,,192,192,39,1,,16,22092,0,587,,,,11,1330,1231,76,0,,,,,,787,,0,23422,76,,,,,,0,,0
5/7/20,MI,A+,4925,4772,86,211,,,1697,0,,753,236184,11621,,,236184,,612,51731,49064,600,0,,,,,58832,15659,,0,287915,12221,,,,,,0,295016,12565
5/7/20,MN,A,508,508,23,,1459,1459,435,54,512,182,97244,4197,,,,,,12328,12328,818,0,,,,,,4800,109572,5015,109572,5015,,,,,,0,,0
5/7/20,MO,B,418,,22,,,,917,0,,,94281,2636,,3471,98025,,141,9341,9341,239,0,,,171,,11048,,,0,109282,4794,,,3644,,,0,109282,4794
5/7/20,MP,D,2,,0,,,,,0,,,1783,0,,,,,,15,15,0,0,,,,,,12,,0,1798,0,,,,,,0,1797,0
5/7/20,MS,A,396,,22,,1442,1442,650,50,,139,72101,0,,,,,71,8686,,262,0,,,,,,4421,,0,80787,262,,,,,,0,,0
5/7/20,MT,C,16,,0,,62,62,6,0,,,19791,543,,,,,,456,456,0,0,,,,,,417,,0,20247,543,,,,,,0,20247,543
5/7/20,NC,B,507,507,30,,,,525,0,,,157931,6207,,,,,,13397,13397,639,0,,,,,,,,0,171328,6846,,,,,,0,,0
5/7/20,ND,C,31,,0,,102,102,35,5,,,39496,2187,,,,,,1369,1369,49,0,,,,,,601,43506,2518,43506,2518,,,,,39374,2201,44167,2566
5/7/20,NE,D,86,,4,,,,,0,,,30987,1297,,,34617,,,6771,6771,333,0,,,,,7354,,,0,42223,1987,,,,,37829,1635,42223,1987
5/7/20,NH,B,111,,19,,307,307,113,12,82,,26066,969,,,,,,2740,2740,104,0,,,,,,1110,,0,31540,1420,2048,,,,,0,31540,1420
5/7/20,NJ,A+,10368,8801,264,1567,,,4996,0,,1470,159023,1993,,,,,1107,133635,133635,1745,0,,,,,,15642,,0,292658,3738,,,,,292658,3738,,0
5/7/20,NM,C,172,,3,,760,760,197,73,,,84539,3146,,,,,,4493,4493,202,0,,,,,,1125,,0,89032,3348,,,,,,0,,0
5/7/20,NV,D,320,,9,,,,,0,,,45591,1979,,,,,,5766,5766,103,0,,,,,,,61661,2568,61661,2568,,,,,,0,63708,2618
5/7/20,NY,B,20828,,951,,82197,82197,8665,627,,2976,762447,30504,,,,,2425,327469,327469,3491,0,,,,,,55547,1089916,33995,1089916,33995,,,,,,0,,0
5/7/20,OH,B,1271,1153,46,118,4140,4140,1057,88,1167,418,153928,6575,,,,,279,22131,21132,555,0,,,,,,,,0,176059,7130,,,,,,0,167978,8140
5/7/20,OK,A+,260,,7,,805,805,223,32,,97,82557,3868,,,82557,,,4330,4330,129,0,,,,,4698,2985,,0,86887,3997,,,,,,0,87459,4058
5/7/20,OR,A+,121,,6,,645,645,171,4,,48,67469,2409,,,85304,,23,2989,2957,73,0,,,,,8214,1125,,0,93518,3816,,,,,,0,93518,3816
5/7/20,PA,C,3416,,310,,,,2420,0,,,209873,5378,,,,,539,52915,,1070,0,,,,,,,,0,262788,6448,,,,,262788,6448,,0
5/7/20,PR,D,102,56,3,,,,164,0,,,,0,,,,,,1013,1013,7,0,1018,,,,,,,0,1013,7,,,,,,0,,0
5/7/20,RI,A+,388,,18,,1153,1153,318,30,,82,62647,1929,,,77593,,56,10910,10910,271,0,,,,,12764,696,86825,3317,86825,3317,,,,,73557,2200,90357,3320
5/7/20,SC,B,305,305,0,,1152,1152,,0,,,70546,0,,,,,,6936,6936,0,0,,,,,,3816,,0,77482,0,,,,,,0,,0
5/7/20,SD,C,31,,2,,236,236,70,6,,,17209,572,,,,,,2905,,126,0,,,,,,2028,,0,20114,698,,,,,20114,698,,0
5/7/20,TN,B,237,,-2,,1266,1266,558,45,,,222232,9069,,,,,,14096,14096,158,0,,,,,,6783,,0,236328,9227,,,,,,0,,0
5/7/20,TX,B,973,449,25,,,,1750,0,,,478246,21460,,,,,,35390,35390,968,0,,,,,46699,18440,,0,513636,22428,,,,,,0,513636,22428
5/7/20,UT,B,61,,3,,476,476,194,12,159,,134050,4315,,,142231,73,,5724,5724,129,0,,,,,6398,2640,,0,148629,4932,,,,,139911,4475,148629,4932
5/7/20,VA,A+,769,745,56,24,2955,2955,1613,182,,371,101582,8130,,,,,203,21570,20537,1314,0,,,,,27518,2825,153833,8712,153833,8712,,,,,,0,,0
5/7/20,VI,C,4,4,0,,,,,0,,,990,0,,,,,,66,,0,0,,,,,,54,,0,1056,0,,,,,,0,,0
5/7/20,VT,B,53,53,1,,,,14,0,,2,14817,392,,,,,0,914,914,5,0,,,,,,718,,0,20285,222,,,,,15731,397,20285,222
5/7/20,WA,B,870,870,8,,,,358,0,,144,236886,5249,,,,,,16828,16828,259,0,,,,,,,254216,5514,254216,5514,,,,,234092,4584,,0
5/7/20,WI,A+,374,374,12,,1732,1732,339,38,435,107,93035,5209,,,,,,10621,9215,359,0,,,,,,4520,116121,6367,116121,6367,,,,,,0,,0
5/7/20,WV,C,51,,1,,,,76,0,,22,56234,1698,,,,,12,1287,1287,39,0,,,,,,716,,0,57521,1737,,,,,,0,57521,1737
5/7/20,WY,C,7,,0,,59,59,11,-1,,,11403,0,,,14114,,,635,483,4,0,,,,,563,416,,0,14677,528,,,,,,0,14677,528
5/6/20,AK,C,10,10,1,,41,41,8,1,,,23283,962,,,,,,372,,1,0,,,,,,284,,0,23655,963,,,,,,0,23655,963
5/6/20,AL,B,340,340,27,,1158,1158,485,51,442,,100935,2454,,,,264,,8581,8581,296,0,,,,,,,,0,109516,2750,,,,,109516,2750,,0
5/6/20,AR,B,85,,2,,453,453,69,0,,,55435,4296,,,,89,14,3568,3568,72,0,,,,,,2109,,0,59003,4368,,,,,,0,59003,4368
5/6/20,AS,F,0,,0,,,,,0,,,83,0,,,,,,0,0,0,0,,,,,,,,0,83,0,,,,,,0,83,0
5/6/20,AZ,A+,426,,31,,2244,2244,754,52,,286,82030,3075,,,,,193,9707,,402,0,,,,,,1693,,0,122269,5785,,,,,91737,3477,122269,5785
5/6/20,CA,B,2412,,95,,,,4681,0,,1415,750221,26531,,,,,,58815,58815,2603,0,,,,,,,,0,809036,29134,,,,,,0,809036,29134
5/6/20,CO,B,921,,18,,2986,2986,798,67,,,73517,4905,,,,,,17830,16012,466,0,,,,,,2869,99827,3161,99827,3161,,,,,89529,3553,,0
5/6/20,CT,B,2718,2339,85,,7758,7758,1445,0,,,80452,2430,,,,,,30995,,374,0,,,,,,4346,,0,111447,2804,,,,,,0,111447,2804
5/6/20,DC,A+,277,,13,,,,447,0,,130,19523,516,,,,,91,5461,,139,0,,,,,,808,24984,655,24984,655,,,,,,0,,0
5/6/20,DE,B,269,237,3,32,,,299,0,,,20690,1381,,,,,,5778,,407,0,,,,,7635,2008,36804,1125,36804,1125,,,,,,0,,0
5/6/20,FL,C,1605,1605,69,,6776,6776,,230,,,442049,13797,,,,,,36764,,581,0,,,,,,,476485,14803,476485,14803,,,,,,0,,0
5/6/20,GA,A,1311,,23,,5765,5765,1339,131,1343,,173441,2269,,,,,,30696,30696,985,0,,,,,25851,,,0,199225,8903,,,,,,0,199225,8903
5/6/20,GU,F,5,,0,,,,,0,,,3476,135,,,,,,151,147,2,0,,,,,,123,,0,3627,137,,,,,,0,,0
5/6/20,HI,B,17,,0,,73,73,,0,,,34574,1196,,,,,,625,,4,0,,,,,584,551,35725,863,35725,863,,,,,,0,,0
5/6/20,IA,B,219,,12,,,,414,0,,151,52767,2309,,,,,103,10404,10404,293,0,,,,,,3803,,0,63171,2602,,,,,,0,,0
5/6/20,ID,C,65,,1,,203,203,21,2,84,,28418,216,,,,,,2127,1957,21,0,,,,,,1379,,0,30375,229,,,,,30375,229,,0
5/6/20,IL,A,2974,,136,,,,4832,0,,1231,293028,12704,,,,,780,68232,68232,2270,0,,,,,,,,0,361260,14974,,,,,,0,,0
5/6/20,IN,A+,1377,1264,51,,,,1558,0,,526,98626,3825,,,,,281,21870,,837,0,,,,,22504,,,0,162664,7804,,,,,,0,162664,7804
5/6/20,KS,A,144,,7,,571,571,,5,213,,36380,1746,,,,96,,5734,,276,0,,,,,,318,,0,42114,2022,,,,,,0,,0
5/6/20,KY,A,275,274,14,,1603,1603,347,74,685,189,55192,390,,,,,,5822,5821,577,0,,,,,,2058,,0,61013,967,,,,,,0,61013,967
5/6/20,LA,B,2115,1907,0,,,,1465,0,,,164273,6038,,,,,187,30399,30399,403,0,,,,,,20316,,0,194672,6441,,,,,,0,,0
5/6/20,MA,A,4420,4420,208,,7080,7080,3564,249,,922,267614,4536,,,,,,72025,72025,1754,0,,,,,90148,,,0,434822,16685,,,,,,0,434822,16685
5/6/20,MD,A,1520,1444,44,76,5497,5497,1707,160,,584,115849,2863,,,,,,28163,28163,1046,0,,,,,32710,1903,,0,146664,4537,,,,,,0,146664,4537
5/6/20,ME,B,62,62,1,,191,191,37,4,,18,22092,2546,587,,,,12,1254,1174,28,0,,,,,,766,,0,23346,2574,,,,,,0,,0
5/6/20,MI,A+,4839,4714,58,209,,,1818,0,,794,224563,11472,,,224563,,617,51131,48572,634,0,,,,,57888,15659,,0,275694,12106,,,,,,0,282451,12496
5/6/20,MN,A,485,485,30,,1405,1405,443,55,488,180,93047,3845,,,,,,11510,11510,634,0,,,,,,4520,104557,4479,104557,4479,,,,,,0,,0
5/6/20,MO,B,396,,19,,,,953,0,,,91645,5495,,2911,93577,,134,9102,9102,186,0,,,144,,10719,,,0,104488,4105,,,3057,,,0,104488,4105
5/6/20,MP,D,2,,0,,,,,0,,,1783,0,,,,,,15,15,1,0,,,,,,12,,0,1798,1,,,,,,0,1797,1797
5/6/20,MS,B,374,,32,,1392,1392,618,40,,144,72101,0,,,,,79,8424,,217,0,,,,,,4421,,0,80525,217,,,,,,0,,0
5/6/20,MT,C,16,,0,,62,62,6,0,,,19248,4432,,,,,,456,456,0,0,,,,,,417,,0,19704,4432,,,,,,0,19704,4432
5/6/20,NC,B,477,477,25,,,,516,0,,,151724,12180,,,,,,12758,12758,502,0,,,,,,,,0,164482,12682,,,,,,0,,0
5/6/20,ND,C,31,,6,,97,97,32,2,,,37309,2154,,,,,,1320,1320,56,0,,,,,,582,40988,2554,40988,2554,,,,,37173,2122,41601,2582
5/6/20,NE,D,82,,4,,,,,0,,,29690,1164,,,33047,,,6438,6438,355,0,,,,,6943,,,0,40236,1737,,,,,36194,1519,40236,1737
5/6/20,NH,B,92,,6,,295,295,115,9,82,,25097,815,,,,,,2636,2636,48,0,,,,,,1105,,0,30120,1332,1775,,,,,0,30120,1332
5/6/20,NJ,A+,10104,8549,321,1555,,,5221,0,,1549,157030,0,,,,,1146,131890,131890,1297,0,,,,,,15642,,0,288920,1297,,,,,288920,1297,,0
5/6/20,NM,C,169,,7,,687,687,193,0,,,81393,2280,,,,,,4291,4291,153,0,,,,,,1073,,0,85684,2433,,,,,,0,,0
5/6/20,NV,D,311,,14,,,,,0,,,43612,1322,,,,,,5663,5663,69,0,,,,,,,59093,2693,59093,2693,,,,,,0,61090,1653
5/6/20,NY,B,19877,,232,,81570,81570,9179,652,,3098,731943,24236,,,,,,323978,323978,2786,0,,,,,,54597,1055921,27022,1055921,27022,,,,,,0,,0
5/6/20,OH,B,1225,1114,90,111,4052,4052,1045,96,1151,407,147353,7587,,,,,275,21576,20625,607,0,,,,,,,,0,168929,8194,,,,,,0,159838,5548
5/6/20,OK,A,253,,6,,773,773,230,0,,102,78689,3399,,,78689,,,4201,4201,74,0,,,,,4538,2909,,0,82890,3473,,,,,,0,83401,3509
5/6/20,OR,A+,115,,2,,641,641,191,19,,47,65060,2475,,,81645,,20,2916,2887,77,0,,,,,8057,1125,,0,89702,3092,,,,,,0,89702,3092
5/6/20,PA,C,3106,,94,,,,2545,0,,,204495,4570,,,,,560,51845,,888,0,,,,,,,,0,256340,5458,,,,,256340,5458,,0
5/6/20,PR,D,99,56,0,,,,144,0,,,,-9313,,,,,,1006,1006,1,0,962,,,,,,,0,1006,-9312,,,,,,0,,0
5/6/20,RI,A+,370,,15,,1123,1123,324,31,,86,60718,1937,,,74689,,60,10639,10639,342,0,,,,,12348,665,83508,3306,83508,3306,,,,,71357,2279,87037,3326
5/6/20,SC,B,305,305,22,,1152,1152,,42,,,70546,9532,,,,,,6936,6936,179,0,,,,,,3816,,0,77482,9711,,,,,,0,,0
5/6/20,SD,C,29,,5,,230,230,72,10,,,16637,336,,,,,,2779,,58,0,,,,,,1977,,0,19416,394,,,,,19416,394,,0
5/6/20,TN,B,239,,13,,1221,1221,557,65,,,213163,7991,,,,,,13938,13938,248,0,,,,,,6564,,0,227101,8239,,,,,,0,,0
5/6/20,TX,B,948,443,42,,,,1812,0,,,456786,21421,,,,,,34422,34422,1053,0,,,,,45165,17622,,0,491208,22474,,,,,,0,491208,22474
5/6/20,UT,C,58,,2,,464,464,,8,,,129735,3993,,,137482,,,5595,5595,146,0,,,,,6215,2509,,0,143697,4578,,,,,135436,4136,143697,4578
5/6/20,VA,A+,713,690,0,23,2773,2773,1496,73,,361,93452,0,,,,,189,20256,19357,0,0,,,,,26185,2617,145121,6185,145121,6185,,,,,,0,,0
5/6/20,VI,C,4,4,0,,,,,0,,,990,17,,,,,,66,,0,0,,,,,,54,,0,1056,17,,,,,,0,,0
5/6/20,VT,B,52,52,0,,,,26,0,,2,14425,208,,,,,0,909,909,3,0,,,,,,706,,0,20063,458,,,,,15334,211,20063,458
5/6/20,WA,B,862,862,21,,,,390,0,,127,231637,6123,,,,,,16569,16569,388,0,,,,,,,248702,6412,248702,6412,,,,,229508,5299,,0
5/6/20,WI,A+,362,362,9,,1694,1694,298,31,423,107,87826,3859,,,,,,10262,8901,366,0,,,,,,4348,109754,5261,109754,5261,,,,,,0,,0
5/6/20,WV,C,50,,0,,,,76,0,,22,54536,951,,,,,12,1248,1248,10,0,,,,,,716,,0,55784,961,,,,,,0,55784,961
5/6/20,WY,C,7,,0,,60,60,11,0,,,11403,1084,,,13594,,,631,479,27,0,,,,,555,409,,0,14149,600,,,,,,0,14149,600
5/5/20,AK,C,9,9,0,,40,40,13,1,,,22321,968,,,,,,371,,1,0,,,,,,277,,0,22692,969,,,,,,0,22692,969
5/5/20,AL,B,313,313,17,,1107,1107,522,43,428,,98481,3389,,,,255,,8285,8285,260,0,,,,,,,,0,106766,3649,,,,,106766,3649,,0
5/5/20,AR,B,83,,2,,453,453,89,15,,,51139,155,,,,89,16,3496,3496,38,0,,,,,,2041,,0,54635,193,,,,,,0,54635,193
5/5/20,AS,F,0,,0,,,,,0,,,83,0,,,,,,0,0,0,0,,,,,,,,0,83,0,,,,,,0,83,0
5/5/20,AZ,A+,395,,33,,2192,2192,728,57,,303,78955,2621,,,,,185,9305,,386,0,,,,,,1671,,0,116484,5685,,,,,88260,3007,116484,5685
5/5/20,CA,B,2317,,63,,,,4622,0,,1388,723690,30753,,,,,,56212,56212,1275,0,,,,,,,,0,779902,32028,,,,,,0,779902,32028
5/5/20,CO,B,903,,52,,2919,2919,792,81,,,68612,515,,,,,,17364,15600,457,0,,,,,,2801,96666,3010,96666,3010,,,,,85976,2710,,0
5/5/20,CT,B,2633,2257,138,,7758,7758,1500,0,,,78022,4816,,,,,,30621,,1334,0,,,,,,4346,,0,108643,6150,,,,,,0,108643,3313
5/5/20,DC,A+,264,,6,,,,447,0,,130,19007,382,,,,,91,5322,,152,0,,,,,,667,24329,534,24329,534,,,,,,0,,0
5/5/20,DE,B,266,235,11,31,,,284,0,,,19309,487,,,,,,5371,,83,0,,,,,7400,1847,35679,850,35679,850,,,,,,0,,0
5/5/20,FL,C,1536,1536,113,,6546,6546,,217,,,428252,20879,,,,,,36183,,574,0,,,,,,,461682,21067,461682,21067,,,,,,0,,0
5/5/20,GA,A,1288,,66,,5634,5634,1343,108,1318,,171172,17215,,,,,,29711,29711,343,0,,,,,25197,,,0,190322,4781,,,,,,0,190322,4781
5/5/20,GU,F,5,,0,,,,,0,,,3341,99,,,,,,149,145,0,0,,,,,,124,,0,3490,99,,,,,,0,,0
5/5/20,HI,B,17,,0,,73,73,,0,,,33378,132,,,,,,621,,1,0,,,,,580,548,34862,498,34862,498,,,,,,0,,0
5/5/20,IA,B,207,,19,,,,407,0,,152,50458,3000,,,,,94,10111,10111,408,0,,,,,,3572,,0,60569,3408,,,,,,0,,0
5/5/20,ID,C,64,,0,,201,201,27,1,83,,28202,456,,,,,,2106,1944,45,0,,,,,,1358,,0,30146,495,,,,,30146,495,,0
5/5/20,IL,A,2838,,176,,,,4780,0,,1266,280324,11017,,,,,780,65962,65962,2122,0,,,,,,,,0,346286,13139,,,,,,0,,0
5/5/20,IN,A+,1326,1213,62,,,,1537,0,,480,94801,2011,,,,,272,21033,,526,0,,,,,21666,,,0,154860,6917,,,,,,0,154860,6917
5/5/20,KS,A,137,,1,,566,566,,13,212,,34634,1276,,,,95,,5458,,213,0,,,,,,296,,0,40092,1489,,,,,,0,,0
5/5/20,KY,A,261,260,8,,1529,1529,333,10,659,174,54802,1523,,,,,,5245,5244,115,0,,,,,,1892,,0,60046,1638,,,,,,0,60046,1638
5/5/20,LA,B,2115,1884,51,,,,1512,0,,,158235,6977,,,,,194,29996,29996,323,0,,,,,,20316,,0,188231,7300,,,,,,0,,0
5/5/20,MA,A,4212,4212,122,,6831,6831,3542,209,,914,263078,7897,,,,,,70271,70271,1184,0,,,,,87665,,,0,418137,16013,,,,,,0,418137,16013
5/5/20,MD,A,1476,1402,52,74,5337,5337,1693,138,,573,112986,2399,,,,,,27117,27117,709,0,,,,,31544,1810,,0,142127,3143,,,,,,0,142127,3143
5/5/20,ME,B,61,61,4,,187,187,36,1,,18,19546,0,,,,,12,1226,1150,21,0,,,,,,741,,0,20772,21,,,,,,0,,0
5/5/20,MI,A+,4781,4630,59,208,,,1948,0,,839,213091,10420,,,213091,,670,50497,48034,688,0,,,,,56864,15659,,0,263588,11108,,,,,,0,269955,11419
5/5/20,MN,A,455,455,27,,1350,1350,434,79,475,182,89202,2525,,,,,,10876,10876,641,0,,,,,,4159,100078,3166,100078,3166,,,,,,0,,0
5/5/20,MO,A,377,,19,,,,893,0,,,86150,3453,,2906,89800,,139,8916,8916,162,0,,,142,,10407,,,0,100383,1182,,,3050,,,0,100383,1182
5/5/20,MP,D,2,,0,,,,,0,,,1783,462,,,,,,14,14,0,0,,,,,,12,,0,1797,462,,,,,,0,,0
5/5/20,MS,B,342,,32,,1352,1352,645,36,,162,72101,301,,,,,77,8207,,330,0,,,,,,4421,,0,80308,631,,,,,,0,,0
5/5/20,MT,C,16,,0,,62,62,6,0,,,14816,185,,,,,,456,456,-1,0,,,,,,410,,0,15272,184,,,,,,0,15272,184
5/5/20,NC,B,452,452,22,,,,534,0,,,139544,4953,,,,,,12256,12256,408,0,,,,,,,,0,151800,5361,,,,,,0,,0
5/5/20,ND,C,25,,0,,95,95,31,1,,,35155,1626,,,,,,1264,1264,39,0,,,,,,559,38434,1878,38434,1878,,,,,35051,1610,39019,1897
5/5/20,NE,D,78,,0,,,,,0,,,28526,682,,,31719,,,6083,6083,173,0,,,,,6535,,,0,38499,2153,,,,,34675,856,38499,2153
5/5/20,NH,C,86,,0,,286,286,111,0,82,,24282,0,,,,,,2588,2588,0,0,,,,,,1019,,0,28788,878,1509,,,,,0,28788,878
5/5/20,NJ,A+,9783,8244,341,1539,,,5328,0,,1534,157030,8079,,,,,1169,130593,130593,2324,0,,,,,,15642,,0,287623,10403,,,,,287623,10403,,0
5/5/20,NM,C,162,,6,,687,687,178,20,,,79113,1424,,,,,,4138,4138,107,0,,,,,,964,,0,83251,1531,,,,,,0,,0
5/5/20,NV,D,297,,5,,,,,0,,,42290,1615,,,,,,5594,5594,103,0,,,,,,,56400,2041,56400,2041,,,,,,0,59437,2163
5/5/20,NY,B,19645,,230,,80918,80918,9600,542,,3281,707707,19350,,,,,,321192,321192,2239,0,,,,,,58950,1028899,21589,1028899,21589,,,,,,0,,0
5/5/20,OH,B,1135,1038,79,97,3956,3956,1069,147,1123,402,139766,5085,,,,,281,20969,20072,495,0,,,,,,,,0,160735,5580,,,,,,0,154290,4944
5/5/20,OK,A,247,,9,,773,773,236,20,,113,75290,15486,,,75290,,,4127,4127,83,0,,,,,4430,2830,,0,79417,15569,,,,,,0,79892,9524
5/5/20,OR,A+,113,,4,,622,622,219,14,,49,62585,1887,,,78670,,25,2839,2817,80,0,,,,,7940,860,,0,86610,2904,,,,,,0,86610,2904
5/5/20,PA,B,3012,,554,,,,2580,0,,,199925,4427,,,,,550,50957,,865,0,,,,,,,,0,250882,5292,,,,,250882,5292,,0
5/5/20,PR,D,99,56,2,,,,140,0,,,9313,0,,,,,,1005,1005,4,0,919,,,,,,,0,10318,4,,,,,,0,,0
5/5/20,RI,A+,355,,14,,1092,1092,327,31,,89,58781,1979,,,71853,,62,10297,10297,303,0,,,,,11858,639,80202,2485,80202,2485,,,,,69078,2282,83711,3313
5/5/20,SC,B,283,283,8,,1110,1110,,0,,,61014,3452,,,,,,6757,6757,131,0,,,,,,3622,,0,67771,3583,,,,,,0,,0
5/5/20,SD,C,24,,3,,220,220,75,9,,,16301,256,,,,,,2721,,53,0,,,,,,1895,,0,19022,309,,,,,19022,309,,0
5/5/20,TN,B,226,,7,,1156,1156,520,13,,,205172,7300,,,,,,13690,13624,119,0,,,,,,6356,,0,218862,7419,,,,,,0,,0
5/5/20,TX,B,906,433,22,,,,1888,0,,,435365,22902,,,,,,33369,33369,1037,0,,,,,43683,16791,,0,468734,23939,,,,,,0,468734,23939
5/5/20,UT,C,56,,6,,456,456,,15,,,125742,2792,,,133065,,,5449,5449,132,0,,,,,6054,2387,,0,139119,3294,,,,,131300,2937,139119,3294
5/5/20,VA,A+,713,690,29,23,2700,2700,1496,73,,361,93452,651,,,,,189,20256,19357,764,0,,,,,25079,2617,138936,3295,138936,3295,,,,,,0,,0
5/5/20,VI,C,4,4,0,,,,,0,,,973,8,,,,,,66,,0,0,,,,,,51,,0,1039,8,,,,,,0,,0
5/5/20,VT,B,52,52,0,,,,33,0,,2,14217,168,,,,,0,906,906,5,0,,,,,,,,0,19605,191,,,,,15123,173,19605,191
5/5/20,WA,B,841,841,7,,,,292,0,,102,225514,5867,,,,,,16181,16181,85,0,,,,,,,242290,6125,242290,6125,,,,,224209,5069,,0
5/5/20,WI,A,353,353,13,,1663,1663,309,42,414,91,83967,3500,,,,,,9896,8566,358,0,,,,,,4131,104493,3914,104493,3914,,,,,,0,,0
5/5/20,WV,C,50,,0,,,,64,0,,23,53585,1552,,,,,12,1238,1238,32,0,,,,,,630,,0,54823,1584,,,,,,0,54823,1584
5/5/20,WY,C,7,,0,,60,60,13,0,,,10319,451,,,13006,,,604,452,8,0,,,,,543,405,,0,13549,441,,,,,,0,13549,441
5/4/20,AK,C,9,9,0,,39,39,12,0,,,21353,143,,,,,,370,,2,0,,,,,,263,,0,21723,145,,,,,,0,21723,145
5/4/20,AL,B,296,296,6,,1064,1064,517,29,411,,95092,10317,,,,247,,8025,8025,300,0,,,,,,,,0,103117,10617,,,,,103117,10617,,0
5/4/20,AR,B,81,,5,,438,438,91,11,,,50984,1525,,,,88,16,3458,3458,27,0,,,,,,2016,,0,54442,1552,,,,,,0,54442,1552
5/4/20,AS,F,0,,0,,,,,0,,,83,26,,,,,,0,0,0,0,,,,,,,,0,83,26,,,,,,0,83,26
5/4/20,AZ,A+,362,,0,,2135,2135,703,46,,288,76334,3855,,,,,200,8919,,279,0,,,,,,1632,,0,110799,1632,,,,,85253,4134,110799,1632
5/4/20,CA,B,2254,,39,,,,4616,0,,1464,692937,30802,,,,,,54937,54937,1321,0,,,,,,,,0,747874,32123,,,,,,0,747874,32123
5/4/20,CO,B,851,,9,,2838,2838,834,39,,,68097,1642,,,,,,16907,15169,272,0,,,,,,2743,93656,2232,93656,2232,,,,,83266,1914,,0
5/4/20,CT,B,2495,2168,59,,7758,7758,1488,0,,,73206,0,,,,,,29287,,0,0,,,,,,4346,,0,102493,0,,,,,,0,105330,2837
5/4/20,DC,A+,258,,7,,,,447,0,,130,18625,539,,,,,91,5170,,154,0,,,,,,666,23795,693,23795,693,,,,,,0,,0
5/4/20,DE,B,255,226,9,29,,,281,0,,,18822,293,,,,,,5288,,80,0,,,,,7226,1716,34829,1169,34829,1169,,,,,,0,,0
5/4/20,FL,C,1423,1423,20,,6329,6329,,85,,,407373,15262,,,,,,35609,,768,0,,,,,,,440615,15372,440615,15372,,,,,,0,,0
5/4/20,GA,A,1222,,45,,5526,5526,1377,133,1284,,153957,7463,,,,,,29368,29368,766,0,,,,,24899,,,0,185541,12573,,,,,,0,185541,12573
5/4/20,GU,F,5,,0,,,,,0,,,3242,90,,,,,,149,145,-1,0,,,,,,125,,0,3391,89,,,,,,0,,0
5/4/20,HI,B,17,,1,,73,73,,1,,,33246,916,,,,,,620,,0,0,,,,,579,544,34364,510,34364,510,,,,,,0,,0
5/4/20,IA,B,188,,4,,,,389,0,,143,47458,3441,,,,,93,9703,9703,534,0,,,,,,3486,,0,57161,3975,,,,,,0,,0
5/4/20,ID,C,64,,1,,200,200,27,0,83,,27746,0,,,,,,2061,1905,0,0,,,,,,1267,,0,29651,0,,,,,29651,0,,0
5/4/20,IL,A,2662,,44,,,,4493,0,,1232,269307,11493,,,,,763,63840,63840,2341,0,,,,,,,,0,333147,13834,,,,,,0,,0
5/4/20,IN,A+,1264,1151,18,,,,1449,0,,483,92790,3864,,,,,249,20507,,574,0,,,,,20933,,,0,147943,2221,,,,,,0,147943,2221
5/4/20,KS,A,136,,2,,553,553,,6,209,,33358,1610,,,,95,,5245,,215,0,,,,,,291,,0,38603,1825,,,,,,0,,0
5/4/20,KY,A,253,252,5,,1519,1519,329,108,654,170,53279,509,,,,,,5130,5129,251,0,,,,,,1892,,0,58408,760,,,,,,0,58408,760
5/4/20,LA,B,2064,1905,95,,,,1502,0,,,151258,4438,,,,,220,29673,29673,333,0,,,,,,20316,,0,180931,4771,,,,,,0,,0
5/4/20,MA,A,4090,4090,86,,6622,6622,3539,115,,908,255181,8622,,,,,,69087,69087,1000,0,,,,,85160,,,0,402124,15444,,,,,,0,402124,15444
5/4/20,MD,A,1424,1353,52,71,5199,5199,1649,148,,563,110587,3255,,,,,,26408,26408,946,0,,,,,30845,1695,,0,138984,5617,,,,,,0,138984,5617
5/4/20,ME,B,57,57,0,,186,186,37,3,,18,19546,0,,,,,11,1205,1136,20,0,,,,,,720,,0,20751,20,,,,,,0,,0
5/4/20,MI,A+,4722,4573,81,206,,,1948,0,,839,202671,7310,,,202671,,670,49809,47451,780,0,,,,,55865,15659,,0,252480,8090,,,,,,0,258536,7947
5/4/20,MN,A,428,428,9,,1271,1271,396,72,444,166,86677,3244,,,,,,10235,10235,824,0,,,,,,3784,96912,4068,96912,4068,,,,,,0,,0
5/4/20,MO,A,358,,6,,,,858,0,,,82697,8107,,2835,88708,,135,8754,8754,368,0,,,135,,10319,,,0,99201,1587,,,2972,,,0,99201,1587
5/4/20,MP,D,2,,0,,,,,0,,,1321,0,,,,,,14,14,0,0,,,,,,12,,0,1335,0,,,,,,0,,0
5/4/20,MS,B,310,,7,,1316,1316,646,18,,145,71800,1757,,,,,78,7877,,327,0,,,,,,4421,,0,79677,2084,,,,,,0,,0
5/4/20,MT,C,16,,0,,62,62,6,1,,,14631,79,,,,,,457,457,2,0,,,,,,404,,0,15088,81,,,,,,0,15088,81
5/4/20,NC,B,430,430,8,,,,498,0,,,134591,2420,,,,,,11848,11848,184,0,,,,,,,,0,146439,2604,,,,,,0,,0
5/4/20,ND,C,25,,0,,94,94,31,4,,,33529,1367,,,,,,1225,1225,34,0,,,,,,540,36556,1461,36556,1461,,,,,33441,1358,37122,1486
5/4/20,NE,D,78,,2,,,,,0,,,27844,1908,,,30055,,,5910,5910,584,0,,,,,6055,,,0,36346,1651,,,,,33819,2487,36346,1651
5/4/20,NH,C,86,,2,,286,286,103,9,,,24282,-1682,,,,,,2588,2588,159,0,,,,,,1017,,0,27910,426,1351,,,,,0,27910,426
5/4/20,NJ,A+,9442,7910,62,1532,,,5287,0,,1610,148951,629,,,,,1189,128269,128269,1525,0,,,,,,15642,,0,277220,2154,,,,,277220,2154,,0
5/4/20,NM,C,156,,5,,667,667,181,80,,,77689,3562,,,,,,4031,4031,181,0,,,,,,842,,0,81720,3743,,,,,,0,,0
5/4/20,NV,D,292,,5,,,,,0,,,40675,832,,,,,,5491,5491,68,0,,,,,,,54359,921,54359,921,,,,,,0,57274,1167
5/4/20,NY,B,19415,,226,,80376,80376,9647,608,,3330,688357,18861,,,,,,318953,318953,2538,0,,,,,,58950,1007310,21399,1007310,21399,,,,,,0,,0
5/4/20,OH,B,1056,975,18,81,3809,3809,1078,40,1090,412,134681,4429,,,,,275,20474,19609,560,0,,,,,,,,0,155155,4989,,,,,,0,149346,4325
5/4/20,OK,A,238,,0,,753,753,236,10,,92,59804,0,,,66084,,,4044,4044,72,0,,,,,4150,2682,,0,63848,72,,,,,,0,70368,0
5/4/20,OR,A+,109,,0,,608,608,207,10,,41,60698,1324,,,75851,,17,2759,2745,79,0,,,,,7855,860,,0,83706,2697,,,,,,0,83706,2697
5/4/20,PA,B,2458,,14,,,,2708,0,,,195498,4124,,,,,573,50092,,825,0,,,,,,,,0,245590,4949,,,,,245590,4949,,0
5/4/20,PR,D,97,54,0,,,,152,0,,,9313,0,,,,,,1001,1001,13,0,842,,,,,,,0,10314,13,,,,,,0,,0
5/4/20,RI,A+,341,,21,,1061,1061,339,48,,84,56802,1569,,,68975,,61,9994,9994,291,0,,,,,11423,601,77717,2443,77717,2443,,,,,66796,1860,80398,2488
5/4/20,SC,B,275,275,0,,1110,1110,,0,,,57562,0,,,,,,6626,6626,0,0,,,,,,3622,,0,64188,0,,,,,,0,,0
5/4/20,SD,C,21,,0,,211,211,69,14,,,16045,259,,,,,,2668,,37,0,,,,,,1830,,0,18713,296,,,,,18713,296,,0
5/4/20,TN,B,219,,9,,1143,1143,499,8,,,197872,6442,,,,,,13571,13502,394,0,,,,,,6081,,0,211443,6836,,,,,,0,,0
5/4/20,TX,B,884,414,17,,,,1533,0,,,412463,5972,,,,,,32332,32332,784,0,,,,,41855,16090,,0,444795,6756,,,,,,0,444795,6756
5/4/20,UT,C,50,,0,,441,441,,5,,,122950,3075,,,129929,,,5317,5317,142,0,,,,,5896,2342,,0,135825,3675,,,,,128363,3252,135825,3675
5/4/20,VA,A+,684,662,24,22,2627,2627,1463,108,,348,92801,3470,,,,,192,19492,18640,821,0,,,,,24539,2547,135641,4821,135641,4821,,,,,,0,,0
5/4/20,VI,C,4,4,0,,,,,0,,,965,14,,,,,,66,,0,0,,,,,,51,,0,1031,14,,,,,,0,,0
5/4/20,VT,C,52,52,0,,,,15,0,,,14049,315,,,,,,901,901,5,0,,,,,,,,0,19414,563,,,,,14950,320,19414,563
5/4/20,WA,B,834,834,4,,,,263,0,,86,219647,5979,,,,,,16096,16096,113,0,,,,,,,236165,6365,236165,6365,,,,,219140,5510,,0
5/4/20,WI,A,340,340,1,,1621,1621,348,13,404,116,80467,2470,,,,,,9538,8236,311,0,,,,,,3973,100579,3499,100579,3499,,,,,,0,,0
5/4/20,WV,C,50,,0,,,,73,0,,28,52033,1586,,,,,15,1206,1206,15,0,,,,,,611,,0,53239,1601,,,,,,0,53239,1601
5/4/20,WY,C,7,,0,,60,60,13,0,,,9868,228,,,12584,,,596,444,10,0,,,,,524,391,,0,13108,580,,,,,,0,13108,580
5/3/20,AK,C,9,9,0,,39,39,12,0,,,21210,176,,,,,,368,,3,0,,,,,,262,,0,21578,179,,,,,,0,21578,179
5/3/20,AL,B,290,290,2,,1035,1035,427,12,403,,84775,0,,,,242,,7725,7725,291,0,,,,,,,,0,92500,291,,,,,92500,291,,0
5/3/20,AR,B,76,,3,,427,427,100,13,,,49459,1249,,,,88,20,3431,3431,59,0,,,,,,1999,,0,52890,1308,,,,,,0,52890,1308
5/3/20,AS,F,0,,0,,,,,0,,,57,0,,,,,,0,0,0,0,,,,,,,,0,57,0,,,,,,0,57,0
5/3/20,AZ,A+,362,,14,,2089,2089,732,56,,282,72479,2846,,,,,192,8640,,276,0,,,,,,1597,,0,109167,6549,,,,,81119,3122,109167,6549
5/3/20,CA,B,2215,,44,,,,4734,0,,1468,662135,27529,,,,,,53616,53616,1419,0,,,,,,,,0,715751,30703,,,,,,0,715751,30703
5/3/20,CO,B,842,,10,,2799,2799,883,6,,,66455,2774,,,,,,16635,14897,410,0,,,,,,2650,91424,3582,91424,3582,,,,,81352,3173,,0
5/3/20,CT,B,2436,2089,97,,7758,7758,1551,0,,,73206,1713,,,,,,29287,,523,0,,,,,,4346,,0,102493,2236,,,,,,0,102493,2236
5/3/20,DC,B,251,,11,,,,,0,,,18086,879,,,,,,5016,,219,0,,,,,,666,23102,1098,23102,1098,,,,,,0,,0
5/3/20,DE,B,246,220,11,26,,,284,0,,,18529,455,,,,,,5208,,170,0,,,,,6985,1640,33660,1163,33660,1163,,,,,,0,,0
5/3/20,FL,C,1403,1403,15,,6244,6244,,299,,,392111,11562,,,,,,34841,,632,0,,,,,,,425243,12393,425243,12393,,,,,,0,,0
5/3/20,GA,A,1177,,3,,5393,5393,1410,6,1249,,146494,0,,,,,,28602,28602,296,0,,,,,23985,,,0,172968,445,,,,,,0,172968,445
5/3/20,GU,F,5,,0,,,,,0,,,3152,112,,,,,,150,146,2,0,,,,,,126,,0,3302,114,,,,,,0,,0
5/3/20,HI,B,16,,0,,72,72,,0,,,32330,964,,,,,,620,,1,0,,,,,576,541,33854,614,33854,614,,,,,,0,,0
5/3/20,IA,B,184,,9,,,,378,0,,133,44017,6309,,,,,93,9169,9169,528,0,,,,,,3325,,0,53186,6837,,,,,,0,,0
5/3/20,ID,C,63,,0,,200,200,27,22,83,,27746,291,,,,,,2061,1905,26,0,,,,,,1267,,0,29651,316,,,,,29651,316,,0
5/3/20,IL,A,2618,,59,,,,4701,0,,1232,257814,16423,,,,,759,61499,61499,2994,0,,,,,,,,0,319313,19417,,,,,,0,,0
5/3/20,IN,A+,1246,1132,17,,,,1398,0,,476,88926,4080,,,,,242,19933,,638,0,,,,,20610,,,0,145722,3879,,,,,,0,145722,3879
5/3/20,KS,A,134,,3,,547,547,,6,209,,31748,1552,,,,95,,5030,,284,0,,,,,,286,,0,36778,1836,,,,,,0,,0
5/3/20,KY,A,248,252,0,,1411,1411,334,0,652,178,52770,0,,,,,,4879,4878,0,0,,,,,,1752,,0,57648,0,,,,,,0,57648,0
5/3/20,LA,B,1969,1845,19,,,,1530,0,,,146820,3102,,,,,213,29340,29340,200,0,,,,,,17303,,0,176160,3302,,,,,,0,,0
5/3/20,MA,A,4004,4004,158,,6507,6507,3617,129,,904,246559,13828,,,,,,68087,68087,1824,0,,,,,82450,,,0,386680,6462,,,,,,0,386680,6462
5/3/20,MD,A,1372,1302,49,70,5051,5051,1635,141,,565,107332,6283,,,,,,25462,25462,989,0,,,,,29716,1666,,0,133367,4636,,,,,,0,133367,4636
5/3/20,ME,B,57,57,1,,183,183,33,2,,18,19546,0,,,,,12,1185,1185,33,0,,,,,,706,,0,20731,33,,,,,,0,,0
5/3/20,MI,A+,4641,4516,62,205,,,2100,0,,850,195361,6648,,,195361,,713,49029,46783,357,0,,,,,55228,15659,,0,244390,7005,,,,,,0,250589,7223
5/3/20,MN,A,419,419,24,,1199,1199,373,40,426,155,83433,2824,,,,,,9411,9411,340,0,,,,,,2596,92844,3164,92844,3164,,,,,,0,,0
5/3/20,MO,A,352,,1,,,,896,0,,,74590,0,,2337,87215,,141,8386,8386,232,0,,,105,,10227,,,0,97614,4494,,,2443,,,0,97614,4494
5/3/20,MP,D,2,,0,,,,,0,,,1321,387,,,,,,14,14,0,0,,,,,,12,,0,1335,387,,,,,,0,,0
5/3/20,MS,B,303,,12,,1298,1298,667,33,,143,70043,3009,,,,,73,7550,,109,0,,,,,,3413,,0,77593,3118,,,,,,0,,0
5/3/20,MT,C,16,,0,,61,61,5,0,,,14552,372,,,,,,455,455,0,0,,,,,,404,,0,15007,372,,,,,,0,15007,372
5/3/20,NC,B,422,422,2,,,,475,0,,,132171,4205,,,,,,11664,11664,155,0,,,,,,,,0,143835,4360,,,,,,0,,0
5/3/20,ND,C,25,,1,,90,90,31,0,,,32162,1768,,,,,,1191,1191,38,0,,,,,,517,35095,1889,35095,1889,,,,,32083,1751,35636,1914
5/3/20,NE,D,76,,3,,,,,0,,,25936,1426,,,28774,,,5326,5326,488,0,,,,,5689,,,0,34695,1772,,,,,31332,1775,34695,1772
5/3/20,NH,C,84,,3,,277,277,103,7,,,25964,3925,,,,,,2429,2429,119,0,,,,,,1107,,0,27484,1222,1306,,,,,0,27484,1222
5/3/20,NJ,A+,9380,7871,155,1509,,,5317,0,,1623,148322,9727,,,,,1198,126744,126744,3027,0,,,,,,15642,,0,275066,12754,,,,,275066,12754,,0
5/3/20,NM,C,151,,12,,587,587,164,0,,,74127,2915,,,,,,3850,3850,118,0,,,,,,832,,0,77977,3033,,,,,,0,,0
5/3/20,NV,D,287,,6,,,,,0,,,39843,767,,,,,,5423,5423,112,0,,,,,,,53438,1087,53438,1087,,,,,,0,56107,1189
5/3/20,NY,B,19189,,280,,79768,79768,9786,826,,3430,669496,23456,,,,,,316415,316415,3438,0,,,,,,58950,985911,26894,985911,26894,,,,,,0,,0
5/3/20,OH,B,1038,957,17,81,3769,3769,931,57,1078,393,130252,3768,,,,,255,19914,19094,579,0,,,,,,,,0,150166,4347,,,,,,0,145021,5296
5/3/20,OK,A,238,,0,,743,743,236,0,,92,59804,0,,,66084,,,3972,3972,121,0,,,,,4150,2635,,0,63776,121,,,,,,0,70368,0
5/3/20,OR,A+,109,,0,,598,598,205,3,,46,59374,1873,,,73286,,21,2680,,45,0,,,,,7723,860,,0,81009,3492,,,,,,0,81009,3492
5/3/20,PA,B,2444,,26,,,,2645,0,,,191374,4303,,,,,562,49267,,962,0,,,,,,,,0,240641,5265,,,,,240641,5265,,0
5/3/20,PR,D,97,53,2,,,,171,0,,,9313,0,,,,,,988,988,15,0,820,,,,,,,0,10301,15,,,,,,0,,0
5/3/20,RI,A+,320,,24,,1013,1013,330,36,,83,55233,1610,,,66874,,59,9703,9703,181,0,,,,,11036,565,75274,2183,75274,2183,,,,,64936,1791,77910,2452
5/3/20,SC,B,275,,8,,1110,1110,,0,,,57562,2435,,,,,,6626,6626,137,0,,,,,,3622,,0,64188,2572,,,,,,0,,-59379
5/3/20,SD,C,21,,0,,197,197,71,10,,,15786,283,,,,,,2631,,43,0,,,,,,1799,,0,18417,326,,,,,18417,326,,0
5/3/20,TN,B,210,,1,,1135,1135,510,10,,,191430,7815,,,,,,13177,13177,516,0,,,,,,5814,,0,204607,8331,,,,,,0,,0
5/3/20,TX,B,867,,20,,,,1540,0,,,406491,9834,,,,,,31548,31548,1026,0,,,,,41313,15544,,0,438039,10860,,,,,,0,438039,10860
5/3/20,UT,C,50,,1,,436,436,,18,,,119875,2906,,,126447,,,5175,5175,194,0,,,,,5703,2238,,0,132150,3391,,,,,125111,3046,132150,3391
5/3/20,VA,B,660,644,44,16,2519,2519,1413,103,,385,89331,4966,,,,,193,18671,17873,940,0,,,,,23596,2497,130820,5852,130820,5852,,,,,,0,,0
5/3/20,VI,C,4,,0,,,,,0,,,951,29,,,,,,66,,0,0,,,,,,51,,0,1017,29,,,,,,0,,0
5/3/20,VT,C,52,,1,,,,19,0,,,13734,329,,,,,,896,896,11,0,,,,,,,,0,18851,468,,,,,14630,340,18851,468
5/3/20,WA,B,830,,6,,,,411,0,,120,213668,1713,,,,,,15983,15983,318,0,,,,,,,229800,1797,229800,1797,,,,,213630,1484,,0
5/3/20,WI,A+,339,,5,,1608,1608,348,17,402,116,77997,2427,,,,,,9227,7964,307,0,,,,,,3723,97080,4266,97080,4266,,,,,,0,,0
5/3/20,WV,C,50,,2,,,,73,0,,28,50447,2470,,,,,15,1191,1191,22,0,,,,,,611,,0,51638,2492,,,,,,0,51638,2492
5/3/20,WY,C,7,,0,,60,60,13,2,,,9640,177,,,12035,,,586,435,7,0,,,,,493,391,,0,12528,126,,,,,,0,12528,126
5/2/20,AK,C,9,,0,,39,39,10,0,,,21034,1073,,,,,,365,,1,0,,,,,,261,,0,21399,1074,,,,,,0,21399,1074
5/2/20,AL,B,288,,9,,1023,1023,420,15,335,,84775,0,,,,195,,7434,7434,276,0,,,,,,,,0,92209,276,,,,,92209,276,,0
5/2/20,AR,B,73,,9,,414,414,95,0,,,48210,1855,,,,85,20,3372,3372,51,0,,,,,,1987,,0,51582,1906,,,,,,0,51582,1906
5/2/20,AS,F,0,,0,,,,,0,,,57,0,,,,,,0,0,0,0,,,,,,,,0,57,0,,,,,,0,57,0
5/2/20,AZ,A+,348,,18,,2033,2033,718,47,,291,69633,2716,,,,,198,8364,,402,0,,,,,,1565,,0,102618,5124,,,,,77997,3118,102618,5124
5/2/20,CA,B,2171,,98,,,,4722,0,,1433,634606,30063,,,,,,52197,52197,1755,0,,,,,,,,0,685048,30063,,,,,,0,685048,30063
5/2/20,CO,B,832,,12,,2793,2793,883,46,,,63681,2500,,,,,,16225,14498,457,0,,,,,,2607,87842,3335,87842,3335,,,,,78179,2920,,0
5/2/20,CT,B,2339,1998,0,,7758,7758,1592,0,,,71493,0,,,,,,28764,,0,0,,,,,,4346,,0,100257,0,,,,,,0,100257,3124
5/2/20,DC,B,240,,9,,,,,0,,,17207,730,,,,,,4797,,139,0,,,,,,666,22004,869,22004,869,,,,,,0,,0
5/2/20,DE,B,235,209,13,26,,,300,0,,,18074,407,,,,,,5038,,120,0,,,,,6742,1546,32497,922,32497,922,,,,,,0,,0
5/2/20,FL,C,1388,,74,,5945,5945,,150,,,380549,12578,,,,,,34209,,703,0,,,,,,,412850,16386,412850,16386,,,,,,0,,0
5/2/20,GA,A,1174,,20,,5387,5387,1440,118,1247,,146494,5397,,,,,,28306,28306,1036,0,,,,,23961,,,0,172523,6461,,,,,,0,172523,6461
5/2/20,GU,F,5,,0,,,,,0,,,3040,181,,,,,,148,144,2,0,,,,,,131,,0,3188,183,,,,,,0,,0
5/2/20,HI,B,16,,0,,72,72,,2,,,31366,890,,,,,,619,,1,0,,,,,576,532,33240,867,33240,867,,,,,,0,,0
5/2/20,IA,A,175,,5,,,,353,0,,131,37708,0,,,,,90,8641,8641,757,0,,,,,,3156,,0,46349,757,,,,,,0,,0
5/2/20,ID,C,63,,0,,178,178,23,0,76,,27455,245,,,,,,2035,1880,20,0,,,,,,1215,,0,29335,265,,,,,29335,265,,0
5/2/20,IL,A,2559,,102,,,,4717,0,,1250,241391,12758,,,,,789,58505,58505,2450,0,,,,,,,,0,299896,15208,,,,,,0,,0
5/2/20,IN,A+,1229,,54,,,,1456,0,,487,84846,3837,,,,,244,19295,,665,0,,,,,20157,,,0,141843,7634,,,,,,0,141843,7634
5/2/20,KS,A,131,,1,,541,541,,7,206,,30196,1611,,,,95,,4746,,297,0,,,,,,286,,0,34942,1908,,,,,,0,,0
5/2/20,KY,A,248,,8,,1411,1411,334,36,652,178,52770,866,,,,,,4879,4878,171,0,,,,,,1752,,0,57648,1037,,,,,,0,57648,1037
5/2/20,LA,B,1950,1801,23,,,,1545,0,,,143718,4178,,,,,208,29140,29140,429,0,,,,,,17303,,0,172858,4607,,,,,,0,,0
5/2/20,MA,A,3846,,130,,6378,6378,3601,209,,921,232731,7406,,,,,,66263,66263,1952,0,,,,,81449,,,0,380218,9197,,,,,,0,380218,9197
5/2/20,MD,A,1323,1258,47,65,4910,4910,1657,192,,566,101049,3538,,,,,,24473,24473,1001,0,,,,,28643,1590,,0,128731,5128,,,,,,0,128731,5128
5/2/20,ME,B,56,,1,,181,181,36,4,,19,19546,0,,,,,10,1152,1152,29,0,,,,,,689,,0,20698,29,,,,,,0,,0
5/2/20,MI,A+,4579,4436,59,203,,,2100,0,,850,188713,9906,,,188713,,713,48672,46455,432,0,,,,,54653,15659,,0,237385,10338,,,,,,0,243366,10838
5/2/20,MN,A,395,,24,,1159,1159,389,63,404,135,80609,3395,,,,,,9071,9071,335,0,,,,,,2002,89680,3730,89680,3730,,,,,,0,,0
5/2/20,MO,A,351,,14,,,,896,0,,,74590,0,,1913,83051,,141,8154,8154,319,0,,,83,,9908,,,0,93120,4131,,,1997,,,0,93120,4131
5/2/20,MP,D,2,,0,,,,,0,,,934,185,,,,,,14,,0,0,,,,,,12,,0,948,185,,,,,,0,,0
5/2/20,MS,B,291,,10,,1265,1265,632,39,,142,67034,2698,,,,,71,7441,,229,0,,,,,,3413,,0,74475,2927,,,,,,0,,0
5/2/20,MT,C,16,,0,,61,61,5,0,,,14180,430,,,,,,455,455,2,0,,,,,,404,,0,14635,432,,,,,,0,14635,432
5/2/20,NC,B,420,,21,,,,502,0,,,127966,5057,,,,,,11509,11509,586,0,,,,,,,,0,139475,5643,,,,,,0,,0
5/2/20,ND,C,24,,1,,90,90,32,4,,,30394,1976,,,,,,1153,1153,46,0,,,,,,510,33206,2114,33206,2114,,,,,30332,1991,33722,2156
5/2/20,NE,D,73,,3,,,,,0,,,24510,1406,,,27364,,,4838,4838,557,0,,,,,5332,,,0,32923,2124,,,,,29557,1980,32923,2124
5/2/20,NH,C,81,,9,,270,270,103,8,,,22039,2136,,,,,,2310,2310,164,0,,,,,,980,,0,26262,1120,1047,,,,,0,26262,1120
5/2/20,NJ,A+,9225,7742,225,1483,,,5713,0,,1715,138595,3240,,,,,1230,123717,123717,2527,0,,,,,,15642,,0,262312,5767,,,,,262312,5767,,0
5/2/20,NM,C,139,,8,,587,587,168,0,,,71212,3607,,,,,,3732,3732,219,0,,,,,,812,,0,74944,3826,,,,,,0,,0
5/2/20,NV,D,281,,4,,,,,0,,,39076,708,,,,,,5311,5311,84,0,,,,,,,52351,1879,52351,1879,,,,,,0,54918,934
5/2/20,NY,B,18909,,299,,78942,78942,10350,718,,3501,646040,26916,,,,,,312977,312977,4663,0,,,,,,57540,959017,31579,959017,31579,,,,,,0,,0
5/2/20,OH,B,1021,940,19,81,3712,3712,1003,78,1066,424,126484,4721,,,,,267,19335,18537,592,0,,,,,,,,0,145819,5313,,,,,,0,139725,6577
5/2/20,OK,A,238,,8,,743,743,236,28,,92,59804,0,,,66084,,,3851,3851,103,0,,,,,4150,2554,,0,63655,103,,,,,,0,70368,3502
5/2/20,OR,A,109,,5,,595,595,209,4,,50,57501,1904,,,70095,,22,2635,,56,0,,,,,7422,,,0,77517,3368,,,,,,0,77517,3368
5/2/20,PA,B,2418,,64,,,,2673,0,,,187071,6594,,,,,571,48305,,1334,0,,,,,,,,0,235376,7928,,,,,235376,7928,,0
5/2/20,PR,D,95,53,3,,,,187,0,,,9313,0,,,,,,973,973,9,0,784,,,,,,,0,10286,9,,,,,,0,,0
5/2/20,RI,A+,296,,17,,977,977,333,40,,80,53623,1295,,,64706,,54,9522,9522,189,0,,,,,10752,531,73091,3540,73091,3540,,,,,63145,1484,75458,2185
5/2/20,SC,B,267,,11,,1110,1110,,0,,,55127,2006,,,,,,6489,6489,231,0,,,,,,3622,,0,61616,2237,,,,,,0,59379,0
5/2/20,SD,C,21,,0,,187,187,71,8,,,15503,665,,,,,,2588,,63,0,,,,,,1759,,0,18091,728,,,,,18091,728,,0
5/2/20,TN,B,209,,5,,1125,1125,474,12,,,183615,9374,,,,,,12661,12661,770,0,,,,,,5718,,0,196276,10144,,,,,,0,,0
5/2/20,TX,B,847,,31,,,,1725,0,,,396657,18838,,,,,,30522,30522,1293,0,,,,,40528,14891,,0,427179,20131,,,,,,0,427179,20131
5/2/20,UT,C,49,,3,,418,418,,15,,,116969,5030,,,123224,,,4981,4981,153,0,,,,,5535,2185,,0,128759,5757,,,,,122065,5239,128759,5757
5/2/20,VA,B,616,607,35,9,2416,2416,1426,94,,375,84365,-5174,,,,,202,17731,16979,830,0,,,,,22637,2312,124968,6613,124968,6613,,,,,,0,,0
5/2/20,VI,C,4,,0,,,,,0,,,922,111,,,,,,66,,0,0,,,,,,51,,0,988,111,,,,,,0,,0
5/2/20,VT,C,51,,1,,,,11,0,,,13405,312,,,,,,885,885,6,0,,,,,,,,0,18383,484,,,,,14290,318,18383,484
5/2/20,WA,B,824,,10,,,,428,0,,117,211955,2592,,,,,,15665,15665,247,0,,,,,,,228003,2704,228003,2704,,,,,212146,2319,,0
5/2/20,WI,A+,334,,7,,1591,1591,352,47,400,119,75570,3004,,,,,,8920,7660,370,0,,,,,,3698,92814,4107,92814,4107,,,,,,0,,0
5/2/20,WV,C,48,,2,,,,76,0,,29,47977,2269,,,,,15,1169,1169,33,0,,,,,,572,,0,49146,2302,,,,,,0,49146,2302
5/2/20,WY,C,7,,0,,58,58,13,2,,,9463,327,,,11909,,,579,429,13,0,,,,,493,387,,0,12402,123,,,,,,0,12402,123
5/1/20,AK,C,9,,0,,39,39,25,1,,,19961,1197,,,,,,364,,9,0,,,,,,254,,0,20325,1206,,,,,,0,20325,1206
5/1/20,AL,B,279,,10,,1008,1008,495,30,335,,84775,4598,,,,195,,7158,7158,139,0,,,,,,,,0,91933,4737,,,,,91933,4737,,0
5/1/20,AR,B,64,,3,,414,414,95,12,,,46355,1231,,,,85,23,3321,3321,66,0,,,,,,1973,,0,49676,1297,,,,,,0,49676,1297
5/1/20,AS,F,0,,0,,,,,0,,,57,54,,,,,,0,0,0,0,,,,,,,,0,57,54,,,,,,0,57,54
5/1/20,AZ,A+,330,,10,,1986,1986,709,49,,311,66917,2779,,,,,187,7962,,314,0,,,,,,1528,,0,97494,4105,,,,,74879,3093,97494,4105
5/1/20,CA,B,2073,,91,,,,4706,0,,1434,604543,28123,,,,,,50442,50442,1525,0,,,,,,,,0,654985,29648,,,,,,0,654985,29648
5/1/20,CO,B,820,,43,,2747,2747,931,50,,,61181,4075,,,,,,15768,14078,484,0,,,,,,2553,84507,3336,84507,3336,,,,,75259,2869,,0
5/1/20,CT,B,2339,1924,82,,7758,7758,1592,7758,,,71493,2060,,,,,,28764,,1064,0,,,,,,4346,,0,100257,3124,,,,,,0,97133,2315
5/1/20,DC,B,231,,7,,,,,0,,,16477,721,,,,,,4658,,335,0,,,,,,666,21135,1056,21135,1056,,,,,,0,,0
5/1/20,DE,B,222,197,12,25,,,281,0,,,17667,581,,,,,,4918,,184,0,,,,,6528,1403,31575,743,31575,743,,,,,,0,,0
5/1/20,FL,C,1314,,24,,5795,5795,,0,,,367971,19256,,,,,,33506,,977,0,,,,,,,396464,18225,396464,18225,,,,,,0,,0
5/1/20,GA,A,1154,,34,,5269,5269,1500,113,1215,,141097,18208,,,,,,27270,27270,1115,0,,,,,23434,,,0,166062,4881,,,,,,0,166062,4881
5/1/20,GU,F,5,,0,,,,,0,,,2859,897,,,,,,146,142,0,0,,,,,,131,,0,3005,897,,,,,,0,,0
5/1/20,HI,B,16,,0,,70,70,,1,,,30476,449,,,,,,618,,5,0,,,,,571,526,32373,736,32373,736,,,,,,0,,0
5/1/20,IA,A,170,,8,,,,345,0,,121,37708,2186,,,,,91,7884,7884,739,0,,,,,,2899,,0,45592,2925,,,,,,0,,0
5/1/20,ID,C,63,,3,,178,178,28,3,75,,27210,348,,,,,,2015,1860,31,0,,,,,,1175,,0,29070,377,,,,,29070,377,,0
5/1/20,IL,A,2457,,102,,,,4900,0,,1263,228633,11684,,,,,777,56055,56055,3137,0,,,,,,,,0,284688,14821,,,,,,0,,0
5/1/20,IN,A+,1175,,61,,,,1431,0,,514,81009,3846,,,,,257,18630,,795,0,,,,,19297,,,0,134209,6836,,,,,,0,134209,6836
5/1/20,KS,A,130,,1,,534,534,,11,206,,28585,1197,,,,96,,4449,,211,0,,,,,,280,,0,33034,1408,,,,,,0,,0
5/1/20,KY,A,240,,5,,1375,1375,330,16,642,178,51904,2342,,,,,,4708,4707,169,0,,,,,,1675,,0,56611,2510,,,,,,0,56611,2510
5/1/20,LA,B,1927,1740,65,,,,1607,0,,,139540,6232,,,,,230,28711,28711,710,0,,,,,,17303,,0,168251,6942,,,,,,0,,0
5/1/20,MA,A,3716,,154,,6169,6169,3716,227,,947,225325,11883,,,,,,64311,64311,2106,0,,,,,80037,,,0,371021,17290,,,,,,0,371021,17290
5/1/20,MD,A,1276,1214,50,62,4718,4718,1668,159,,568,97511,4894,,,,,,23472,23472,1730,0,,,,,27477,1517,,0,123603,5278,,,,,,0,123603,5278
5/1/20,ME,B,55,,2,,177,177,37,7,,17,19546,0,,,,,9,1123,1123,28,0,,,,,,657,,0,20669,28,,,,,,0,,0
5/1/20,MI,A+,4520,4376,86,203,,,2319,0,,966,178807,9863,,,178807,,760,48240,46072,735,0,,,,,53721,8342,,0,227047,10598,,,,,,0,232528,10950
5/1/20,MN,A,371,,28,,1096,1096,369,52,380,118,77214,3865,,,,,,8736,8736,620,0,,,,,,1911,85950,4485,85950,4485,,,,,,0,,0
5/1/20,MO,A,337,,8,,,,883,0,,,74590,1465,,1453,79260,,137,7835,7835,273,0,,,70,,9578,,,0,88989,4919,,,1524,,,0,88989,4919
5/1/20,MP,D,2,,0,,,,,0,,,749,164,,,,,,14,,0,0,,,,,,12,,0,763,164,,,,,,0,,0
5/1/20,MS,B,281,,20,,1226,1226,651,51,,160,64336,4811,,,,,75,7212,,397,0,,,,,,3413,,0,71548,5208,,,,,,0,,0
5/1/20,MT,C,16,,0,,61,61,5,0,,,13750,289,,,,,,453,453,0,0,,,,,,397,,0,14203,289,,,,,,0,14203,289
5/1/20,NC,B,399,,21,,,,547,0,,,122909,5382,,,,,,10923,10923,414,0,,,,,,,,0,133832,5796,,,,,,0,,0
5/1/20,ND,C,23,,4,,86,86,27,1,,,28418,2025,,,,,,1107,1107,40,0,,,,,,482,31092,2089,31092,2089,,,,,28341,1988,31566,2127
5/1/20,NE,D,70,,2,,,,,0,,,23104,1567,,,25834,,,4281,4281,497,0,,,,,4770,,,0,30799,2672,,,,,27577,2079,30799,2672
5/1/20,NH,C,72,,6,,262,262,112,3,,,19903,36,,,,,,2146,2146,92,0,,,,,,980,,0,25142,1279,816,,,,,0,25142,1279
5/1/20,NJ,A+,9000,7538,336,1462,,,5972,0,,1724,135355,6089,,,,,1286,121190,121190,2538,0,,,,,,15642,,0,256545,8627,,,,,256545,8627,,0
5/1/20,NM,C,131,,8,,587,587,159,51,,,67605,3147,,,,,,3513,3513,102,0,,,,,,785,,0,71118,3249,,,,,,0,,0
5/1/20,NV,D,277,,8,,,,,0,,,38368,1380,,,,,,5227,5227,229,0,,,,,,,50472,1544,50472,1544,,,,,,0,53984,2223
5/1/20,NY,B,18610,,289,,78224,78224,10993,824,,3640,619124,22860,,,,,,308314,308314,3942,0,,,,,,56187,927438,26802,927438,26802,,,,,,0,,0
5/1/20,OH,B,1002,922,27,80,3634,3634,,101,1056,,121763,5900,,,,,,18743,17962,716,0,,,,,,,,0,140506,6616,,,,,,0,133148,4942
5/1/20,OK,A,230,,8,,715,715,255,12,,113,59804,0,,,62714,,,3748,3748,130,0,,,,,4032,2467,,0,63552,130,,,,,,0,66866,3087
5/1/20,OR,A,104,,1,,591,591,208,13,,49,55597,2075,,,66923,,23,2579,,69,0,,,,,7226,,,0,74149,3303,,,,,,0,74149,3303
5/1/20,PA,B,2354,,62,,,,2683,0,,,180477,4875,,,,,590,46971,,1208,0,,,,,,,,0,227448,6083,,,,,227448,6083,,0
5/1/20,PR,D,92,51,0,,,,200,0,,,9313,0,,,,,,964,964,9,0,611,,,,,,,0,10277,9,,,,,,0,,0
5/1/20,RI,A+,279,,13,,937,937,352,41,,76,52328,2228,,,62780,,51,9333,9333,317,0,,,,,10493,485,69551,3201,69551,3201,,,,,61661,2545,73273,3546
5/1/20,SC,B,256,,12,,1110,1110,,110,,,53121,2704,,,,,,6258,6258,163,0,,,,,,3622,,0,59379,2867,,,,,,0,59379,59379
5/1/20,SD,C,21,,4,,179,179,69,6,,,14838,259,,,,,,2525,,76,0,,,,,,1686,,0,17363,335,,,,,17363,335,,0
5/1/20,TN,B,204,,5,,1113,1113,529,68,,,174241,7350,,,,,,11891,11891,1156,0,,,,,,5546,,0,186132,8506,,,,,,0,,0
5/1/20,TX,B,816,,34,,,,1778,0,,,377819,18897,,,,,,29229,29229,1142,0,,,,,39084,14122,,0,407048,20039,,,,,,0,407048,20039
5/1/20,UT,C,46,,0,,403,403,,13,,,111939,3154,,,117697,,,4828,4828,156,0,,,,,5305,2062,,0,123002,3763,,,,,116826,3301,123002,3763
5/1/20,VA,B,581,572,29,9,2322,2322,1431,63,,366,89539,13876,,,,,193,16901,16109,1055,0,,,,,21476,2196,118355,5440,118355,5440,,,,,,0,,0
5/1/20,VI,C,4,,0,,,,,0,,,811,4,,,,,,66,,0,0,,,,,,51,,0,877,4,,,,,,0,,0
5/1/20,VT,C,50,,1,,,,19,0,,,13093,524,,,,,,879,879,13,0,,,,,,,,0,17899,1048,,,,,13972,537,17899,1048
5/1/20,WA,B,814,,13,,,,470,0,,120,209363,5378,,,,,,15418,15418,328,0,,,,,,,225299,5695,225299,5695,,,,,209827,4792,,0
5/1/20,WI,A+,327,,11,,1544,1544,341,32,391,127,72566,3172,,,,,,8550,7314,498,0,,,,,,3352,88707,3806,88707,3806,,,,,,0,,0
5/1/20,WV,C,46,,5,,,,81,0,,33,45708,2285,,,,,18,1136,1136,18,0,,,,,,555,,0,46844,2303,,,,,,0,46844,2303
5/1/20,WY,C,7,,0,,56,56,13,0,,,9136,234,,,11792,,,566,420,7,0,,,,,487,373,,0,12279,619,,,,,,0,12279,619
4/30/20,AK,C,9,,0,,38,38,19,0,,,18764,0,,,,,,355,,0,0,,,,,,252,,0,19119,0,,,,,,0,19119,0
4/30/20,AL,B,269,,24,,978,978,479,33,335,,80177,6570,,,,195,,7019,7019,177,0,,,,,,,,0,87196,6747,,,,,87196,6747,,0
4/30/20,AR,B,61,,2,,402,402,95,13,,,45124,2867,,,,85,23,3255,3255,63,0,,,,,,1305,,0,48379,2930,,,,,,0,48379,2930
4/30/20,AS,F,0,,0,,,,,0,,,3,0,,,,,,0,0,0,0,,,,,,,,0,3,0,,,,,,0,3,0
4/30/20,AZ,A+,320,,16,,1937,1937,755,53,,311,64138,2527,,,,,194,7648,,446,0,,,,,,1499,,0,93389,3842,,,,,71786,2973,93389,3842
4/30/20,CA,B,1982,,95,,,,4981,0,,1473,576420,19781,,,,,,48917,48917,2417,0,,,,,,,,0,625337,22198,,,,,,0,625337,22198
4/30/20,CO,B,777,,11,,2697,2697,959,76,,,57106,805,,,,,,15284,13637,526,0,,,,,,2486,81171,3312,81171,3312,,,,,72390,2941,,0
4/30/20,CT,C,2257,1862,89,,,,1650,0,,,69433,1382,,,,,,27700,,933,0,,,,,,,,0,97133,2315,,,,,,0,94818,2073
4/30/20,DC,B,224,,19,,,,,0,,,15756,633,,,,,,4323,,217,0,,,,,,660,20079,850,20079,850,,,,,,0,,0
4/30/20,DE,B,210,185,6,25,,,296,0,,,17086,203,,,,,,4734,,79,0,,,,,6355,1275,30832,848,30832,848,,,,,,0,,0
4/30/20,FL,C,1290,,50,,5795,5795,,171,,,348715,8420,,,,,,32529,,514,0,,,,,,,378239,9670,378239,9670,,,,,,0,,0
4/30/20,GA,A,1120,,27,,5156,5156,,100,1171,,122889,4734,,,,,,26155,26155,532,0,,,,,23045,,,0,161181,15956,,,,,,0,161181,15956
4/30/20,GU,F,5,,0,,,,,0,,,1962,260,,,,,,146,142,1,0,,,,,,131,,0,2108,261,,,,,,0,,0
4/30/20,HI,B,16,,0,,69,69,,0,,,30027,1018,,,,,,613,,4,0,,,,,567,516,31637,1324,31637,1324,,,,,,0,,0
4/30/20,IA,B,162,,14,,,,335,0,,121,35522,1028,,,,,86,7145,7145,302,0,,,,,,2697,,0,42667,1330,,,,,,0,,0
4/30/20,ID,C,60,,0,,175,175,36,2,74,,26862,432,,,,,,1984,1831,32,0,,,,,,1121,,0,28693,453,,,,,28693,453,,0
4/30/20,IL,A,2355,,140,,,,4953,0,,1289,216949,10637,,,,,785,52918,52918,2563,0,,,,,,,,0,269867,13200,,,,,,0,,0
4/30/20,IN,A+,1114,,49,,,,1466,0,,549,77163,2795,,,,,275,17835,,653,0,,,,,18597,,,0,127373,6239,,,,,,0,127373,6239
4/30/20,KS,A,129,,4,,523,523,,8,201,,27388,1668,,,,93,,4238,,500,0,,,,,,272,,0,31626,2168,,,,,,0,,0
4/30/20,KY,A,235,,10,,1359,1359,325,28,636,176,49562,1526,,,,,,4539,4539,164,0,,,,,,1668,,0,54101,1691,,,,,,0,54101,1691
4/30/20,LA,B,1862,1729,60,,,,1601,0,,,133308,4400,,,,,231,28001,28001,341,0,,,,,,17303,,0,161309,4741,,,,,,0,,0
4/30/20,MA,A,3562,,157,,5942,5942,3803,184,,1001,213442,8089,,,,,,62205,62205,1940,0,,,,,77305,,,0,353731,16874,,,,,,0,353731,16874
4/30/20,MD,A,1226,1167,58,59,4559,4559,1711,157,,590,92617,2537,,,,,,21742,21742,893,0,,,,,26198,1432,,0,118325,5433,,,,,,0,118325,5433
4/30/20,ME,B,53,,1,,170,170,35,4,,18,19546,0,,,,,8,1095,1095,39,0,,,,,,631,,0,20641,39,,,,,,0,,0
4/30/20,MI,A+,4434,4317,99,202,,,2319,0,,966,168944,10571,,,168944,,760,47505,45406,1017,0,,,,,52634,8342,,0,216449,11588,,,,,,0,221578,11723
4/30/20,MN,A,343,,24,,1044,1044,365,94,358,130,73349,3699,,,,,,8116,8116,648,0,,,,,,1829,81465,4347,81465,4347,,,,,,0,,0
4/30/20,MO,A,329,,11,,,,853,0,,,73125,3391,,988,74728,,141,7562,7562,137,0,,,54,,9201,,,0,84070,4942,,,1043,,,0,84070,4942
4/30/20,MP,D,2,,0,,,,,0,,,585,375,,,,,,14,,0,0,,,,,,12,,0,599,375,,,,,,0,,0
4/30/20,MS,B,261,,11,,1175,1175,639,49,,146,59525,0,,,,,72,6815,,246,0,,,,,,3413,,0,66340,246,,,,,,0,,0
4/30/20,MT,C,16,,0,,61,61,5,0,,,13461,384,,,,,,453,453,2,0,,,,,,392,,0,13914,386,,,,,,0,13914,386
4/30/20,NC,B,378,,24,,,,546,0,,,117527,9035,,,,,,10509,10509,561,0,,,,,,,,0,128036,9596,,,,,,0,,0
4/30/20,ND,C,19,,0,,85,85,30,3,,,26393,1890,,,,,,1067,1067,34,0,,,,,,458,29003,2030,29003,2030,,,,,26353,1831,29439,2051
4/30/20,NE,D,68,,13,,,,,0,,,21537,1280,,,23776,,,3784,3784,410,0,,,,,4171,,,0,28127,1958,,,,,25498,1700,28127,1958
4/30/20,NH,C,66,,6,,259,259,107,10,,,19867,1131,,,,,,2054,2054,44,0,,,,,,980,,0,23863,1605,589,,,,,0,23863,1605
4/30/20,NJ,A+,8664,7228,480,1436,,,6137,0,,1765,129266,4212,,,,,1271,118652,118652,2388,0,,,,,,15642,,0,247918,6600,,,,,247918,6600,,0
4/30/20,NM,C,123,,11,,536,536,172,0,,,64458,2586,,,,,,3411,3411,198,0,,,,,,760,,0,67869,2784,,,,,,0,,0
4/30/20,NV,D,269,,12,,,,,0,,,36988,858,,,,,,4998,4998,100,0,,,,,,,48928,1574,48928,1574,,,,,,0,51761,1235
4/30/20,NY,B,18321,,306,,77400,77400,11598,950,,3769,596264,23474,,,,,,304372,304372,4681,0,,,,,,54771,900636,28155,900636,28155,,,,,,0,,0
4/30/20,OH,B,975,898,38,77,3533,3533,,112,1035,,115863,4258,,,,,,18027,17285,724,0,,,,,,,,0,133890,4982,,,,,,0,128206,5500
4/30/20,OK,A,222,,8,,703,703,291,10,,127,59804,2010,,,59804,,,3618,3618,145,0,,,,,3859,2401,,0,63422,2155,,,,,,0,63779,2160
4/30/20,OR,A,103,,2,,578,578,243,9,,65,53522,1496,,,63789,,28,2510,,64,0,,,,,7057,,,0,70846,2793,,,,,,0,70846,2793
4/30/20,PA,B,2292,,97,,,,2707,0,,,175602,5085,,,,,556,45763,,1397,0,,,,,,,,0,221365,6482,,,,,221365,6482,,0
4/30/20,PR,D,92,51,6,,,,201,0,,,9313,0,,,,,,955,955,51,0,584,,,,,,,0,10268,51,,,,,,0,,0
4/30/20,RI,A+,266,,15,,896,896,339,146,,85,50100,1957,,,59691,,54,9016,9016,348,0,,,,,10036,461,66350,3819,66350,3819,,,,,59116,2305,69727,3204
4/30/20,SC,B,244,,41,,1000,1000,,0,,,50417,2081,,,,,,6095,6095,214,0,,,,,,3252,,0,56512,2295,,,,,,0,,0
4/30/20,SD,C,17,,4,,173,173,76,8,,,14579,119,,,,,,2449,,76,0,,,,,,1573,,0,17028,195,,,,,17028,195,,0
4/30/20,TN,B,199,,4,,1045,1045,605,32,,,166891,8708,,,,,,10735,10366,369,0,,,,,,5338,,0,177626,9077,,,,,,0,,0
4/30/20,TX,B,782,,50,,,,1686,0,,,358922,18855,,,,,,28087,28087,1033,0,,,,,37630,13353,,0,387009,19888,,,,,,0,387009,19888
4/30/20,UT,C,46,,1,,390,390,,7,,,108785,3535,,,114113,,,4672,4672,177,0,,,,,5126,1939,,0,119239,4049,,,,,113525,3672,119239,4049
4/30/20,VA,B,552,543,30,9,2259,2259,1550,94,,372,75663,4684,,,,,208,15846,15180,885,0,,,,,20578,2104,112915,6644,112915,6644,,,,,,0,,0
4/30/20,VI,C,4,,0,,,,,0,,,807,75,,,,,,66,,4,0,,,,,,51,,0,873,79,,,,,,0,,0
4/30/20,VT,C,49,,2,,,,23,0,,,12569,194,,,,,,866,866,4,0,,,,,,,,0,16851,256,,,,,13435,198,16851,256
4/30/20,WA,B,801,,15,,,,474,0,,145,203985,5278,,,,,,15090,15090,295,0,,,,,,,219604,5526,219604,5526,,,,,205035,4882,,0
4/30/20,WI,A+,316,,8,,1512,1512,359,23,382,119,69394,2764,,,,,,8052,6854,392,0,,,,,,3352,84901,4245,84901,4245,,,,,,0,,0
4/30/20,WV,C,41,,3,,,,84,0,,38,43423,1447,,,,,20,1118,1118,23,0,,,,,,545,,0,44541,1470,,,,,,0,44541,2509
4/30/20,WY,C,7,,0,,56,56,13,0,,,8902,221,,,11189,,,559,415,15,0,,,,,471,371,,0,11660,434,,,,,,0,11660,434
4/29/20,AK,B,9,,0,,38,38,14,0,,,18764,2026,,,,,,355,,4,0,,,,,,240,,0,19119,2030,,,,,,0,19119,2030
4/29/20,AL,B,245,,3,,945,945,498,34,335,,73607,4467,,,,195,,6842,6842,155,0,,,,,,,,0,80449,4622,,,,,80449,4622,,0
4/29/20,AR,B,59,,7,,389,389,93,98,,,42257,4697,,,,82,18,3192,3192,81,0,,,,,,1249,,0,45449,4778,,,,,,0,45449,4778
4/29/20,AS,F,0,,0,,,,,0,,,3,0,,,,,,0,0,0,0,,,,,,,,0,3,0,,,,,,0,3,0
4/29/20,AZ,A+,304,,11,,1884,1884,756,60,,312,61611,1121,,,,,191,7202,,254,0,,,,,,1475,,0,89547,4060,,,,,68813,1375,89547,4060
4/29/20,CA,B,1887,,78,,,,5011,0,,1512,556639,24062,,,,,,46500,46500,1469,0,,,,,,,,0,603139,25531,,,,,,0,603139,25531
4/29/20,CO,B,766,,30,,2621,2621,966,50,,,56301,1587,,,,,,14758,13148,442,0,,,,,,2415,77859,2754,77859,2754,,,,,69449,2355,,0
4/29/20,CT,C,2168,1764,79,,,,1691,0,,,68051,1618,,,,,,26767,,455,0,,,,,,,,0,94818,2073,,,,,,0,92745,1999
4/29/20,DC,B,205,,15,,,,,0,,,15123,232,,,,,,4106,,112,0,,,,,,660,19229,344,19229,344,,,,,,0,,0
4/29/20,DE,B,204,179,12,25,,,326,0,,,16883,278,,,,,,4655,,80,0,,,,,6152,1173,29984,831,29984,831,,,,,,0,,0
4/29/20,FL,C,1240,,86,,5624,5624,,358,,,340295,6266,,,,,,32015,,343,0,,,,,,,368569,7013,368569,7013,,,,,,0,,0
4/29/20,GA,A,1093,,67,,5056,5056,,242,1148,,118155,2750,,,,,,25623,25411,1008,0,,,,,21502,,,0,145225,5311,,,,,,0,145225,5311
4/29/20,GU,D,5,,0,,,,,0,,,1702,164,,,,,,145,141,1,0,,,,,,130,,0,1847,165,,,,,,0,,0
4/29/20,HI,B,16,,0,,69,69,,1,,,29009,433,,,27632,,,609,,2,0,,,,,562,505,30313,306,30313,306,,,,,,0,,0
4/29/20,IA,B,148,,12,,,,323,0,,100,34494,1047,,,,,74,6843,6843,467,0,,,,,,2428,,0,41337,1514,,,,,,0,,0
4/29/20,ID,C,60,,2,,173,173,39,1,73,,26430,8295,,,,,,1952,1810,35,0,,,,,,1087,,0,28240,8188,,,,,28240,8188,,0
4/29/20,IL,A,2215,,90,,,,5036,0,,1290,206312,12225,,,,,777,50355,50355,2253,0,,,,,,,,0,256667,14478,,,,,,0,,0
4/29/20,IN,A,1065,,164,,,,1484,0,,570,74368,3775,,,,,262,17182,,594,0,,,,,17875,,,0,121134,6039,,,,,,0,121134,6039
4/29/20,KS,A,125,,1,,515,515,,11,198,,25720,1121,,,,88,,3738,,247,0,,,,,,266,,0,29458,1368,,,,,,0,,0
4/29/20,KY,A,225,,12,,1331,1331,320,50,625,170,48036,3383,,,,,,4375,4374,229,0,,,,,,1617,,0,52410,3612,,,,,,0,52410,3612
4/29/20,LA,B,1802,1703,44,,,,1629,0,,,128908,5086,,,,,244,27660,27660,374,0,,,,,,17303,,0,156568,5460,,,,,,0,,0
4/29/20,MA,A,3405,,252,,5758,5758,3856,243,,1011,205353,9155,,,,,,60265,60265,1963,0,,,,,74600,,,0,336857,15514,,,,,,0,336857,15514
4/29/20,MD,A,1168,1110,69,58,4402,4402,1610,134,,586,90080,2408,,,,,,20849,20849,736,0,,,,,24841,1361,,0,112892,3055,,,,,,0,112892,3055
4/29/20,ME,B,52,,1,,166,166,32,3,,17,19546,2762,,,,,7,1056,1056,16,0,,,,,,615,,0,20602,2778,,,,,,0,,0
4/29/20,MI,A+,4335,4232,88,199,,,2498,0,,997,158373,9463,,,158373,,778,46488,44508,950,0,,,,,51482,8342,,0,204861,10413,,,,,,0,209855,10649
4/29/20,MN,A,319,,18,,950,950,320,38,337,119,69650,6402,,,,,,7468,7468,680,0,,,,,,1724,77118,7082,77118,7082,,,,,,0,,0
4/29/20,MO,A,318,,4,,,,891,0,,,69734,3534,,640,70219,,125,7425,7425,122,0,,,37,,8781,,,0,79128,3979,,,678,,,0,79128,3979
4/29/20,MP,D,2,,0,,,,,0,,,210,159,,,,,,14,,0,0,,,,,,12,,0,224,159,,,,,,0,,0
4/29/20,MS,B,250,,11,,1126,1126,677,38,,151,59525,1455,,,,,69,6569,,227,0,,,,,,3413,,0,66094,1682,,,,,,0,,0
4/29/20,MT,C,16,,1,,61,61,5,0,,,13077,337,,,,,,451,,0,0,,,,,,382,,0,13528,337,,,,,,0,13528,337
4/29/20,NC,B,354,,12,,,,551,0,,,108492,5308,,,,,,9948,9948,380,0,,,,,,,,0,118440,5688,,,,,,0,,0
4/29/20,ND,C,19,,0,,82,82,28,3,,,24503,1771,,,,,,1033,1033,42,0,,,,,,437,26973,2044,26973,2044,,,,,24522,1754,27388,2072
4/29/20,NE,D,55,,0,,,,,0,,,20257,10,,,22301,,,3374,3374,16,0,,,,,3704,,,0,26169,18,,,,,23798,26,26169,18
4/29/20,NH,C,60,,0,,249,249,106,3,,,18736,529,,,,,,2010,2010,72,0,,,,,,936,,0,22258,582,407,,,,,0,22258,582
4/29/20,NJ,A+,8184,6770,349,1414,,,6289,0,,1811,125054,4551,,,,,1327,116264,116264,2408,0,,,,,,15642,,0,241318,6959,,,,,241318,6959,,0
4/29/20,NM,C,112,,2,,536,536,163,27,,,61872,3101,,,,,,3213,3213,239,0,,,,,,734,,0,65085,3340,,,,,,0,,0
4/29/20,NV,D,257,,6,,,,,0,,,36130,816,,,,,,4898,4898,93,0,,,,,,,47354,1265,47354,1265,,,,,,0,50526,1051
4/29/20,NY,B,18015,,377,,76450,76450,12159,1088,,3923,572790,22902,,,,,,299691,299691,4585,0,,,,,,53238,872481,27487,872481,27487,,,,,,0,,0
4/29/20,OH,B,937,856,138,81,3421,3421,,81,1014,,111605,5027,,,,,,17303,16601,534,0,,,,,,,,0,128908,5561,,,,,,0,122706,3315
4/29/20,OK,A,214,,7,,693,693,283,37,,126,57794,1505,,,57794,,,3473,3473,63,0,,,,,3717,2319,,0,61267,1568,,,,,,0,61619,61619
4/29/20,OR,A,101,,9,,569,569,227,15,,56,52026,3182,,,61171,,24,2446,,92,0,,,,,6882,,,0,68053,3635,,,,,,0,68053,3635
4/29/20,PA,B,2195,,479,,,,2781,0,,,170517,4693,,,,,602,44366,,1102,0,,,,,,,,0,214883,5795,,,,,214883,5795,,0
4/29/20,PR,D,86,51,0,,,,125,0,,,9313,0,,,,,,904,904,6,0,529,,,,,,,0,10217,6,,,,,,0,,0
4/29/20,RI,A+,251,,12,,750,750,269,18,,80,48143,2454,,,56919,,55,8668,8668,372,0,,,,,9604,391,62531,2673,62531,2673,,,,,56811,2826,66523,3827
4/29/20,SC,B,203,,26,,1000,1000,,56,,,48336,1804,,,,,,5881,5881,268,0,,,,,,3252,,0,54217,2072,,,,,,0,,0
4/29/20,SD,C,13,,2,,165,165,69,8,,,14460,161,,,,,,2373,,60,0,,,,,,1492,,0,16833,221,,,,,16833,221,,0
4/29/20,TN,B,195,,7,,1013,1013,614,119,,,158183,6307,,,,,,10366,10366,314,0,,,,,,5140,,0,168549,6621,,,,,,0,,0
4/29/20,TX,B,732,,42,,,,1702,0,,,340067,16509,,,,,,27054,27054,883,0,,,,,36080,12507,,0,367121,17392,,,,,,0,367121,17392
4/29/20,UT,C,45,,0,,383,383,,13,,,105250,4040,,,110215,,,4495,4495,152,0,,,,,4975,1790,,0,115190,4750,,,,,109853,4213,115190,4750
4/29/20,VA,B,522,513,30,9,2165,2165,1566,99,,387,70979,2020,,,,,222,14961,14328,622,0,,,,,19344,2042,106271,4089,106271,4089,,,,,,0,,0
4/29/20,VI,C,4,,0,,,,,0,,,732,13,,,,,,62,,3,0,,,,,,51,,0,794,16,,,,,,0,,0
4/29/20,VT,C,47,,0,,,,26,0,,,12375,114,,,,,,862,862,0,0,,,,,,,,0,16595,165,,,,,13237,114,16595,165
4/29/20,WA,B,786,,21,,,,490,0,,156,198707,5368,,,,,,14795,14795,370,0,,,,,,,214078,5696,214078,5696,,,,,200153,4923,,0
4/29/20,WI,A,308,,8,,1489,1489,350,33,363,121,66630,3095,,,,,,7660,6520,269,0,,,,,,,80656,3676,80656,3676,,,,,,0,,0
4/29/20,WV,C,38,,1,,,,102,0,,40,41976,0,,,,,21,1095,1095,16,0,,,,,,504,,0,43071,16,,,,,,0,42032,42032
4/29/20,WY,C,7,,0,,56,56,12,0,,,8681,455,,,10766,,,544,404,8,0,,,,,460,362,,0,11226,444,,,,,,0,11226,444
4/28/20,AK,B,9,,0,,38,38,16,1,,,16738,827,,,,,,351,,6,0,,,,,,228,,0,17089,833,,,,,,0,17089,833
4/28/20,AL,B,242,,20,,911,911,530,39,335,,69140,1642,,,,195,,6687,6687,188,0,,,,,,,,0,75827,1830,,,,,75827,1830,,0
4/28/20,AR,B,52,,2,,291,291,104,0,,,37560,120,,,,57,20,3111,3111,94,0,,,,,,1146,,0,40671,214,,,,,,0,40671,214
4/28/20,AS,F,0,,0,,,,,0,,,3,0,,,,,,0,0,0,0,,,,,,,,0,3,0,,,,,,0,3,0
4/28/20,AZ,A+,293,,18,,1824,1824,737,52,,303,60490,663,,,,,193,6948,,232,0,,,,,,1450,,0,85487,3535,,,,,67438,895,85487,3535
4/28/20,CA,B,1809,,54,,,,4983,0,,1485,532577,22632,,,,,,45031,,1567,0,,,,,,,,0,577608,24199,,,,,,0,577608,24199
4/28/20,CO,B,736,,30,,2571,2571,964,86,,,54714,2252,,,,,,14316,12741,437,0,,,,,,2275,75105,2702,75105,2702,,,,,67094,753,,0
4/28/20,CT,C,2089,1639,91,,,,1732,0,,,66433,11891,,,,,,26312,,1043,0,,,,,,,,0,92745,12934,,,,,,0,90746,10935
4/28/20,DC,B,190,,5,,,,,0,,,14891,367,,,,,,3994,,102,0,,,,,,660,18885,469,18885,469,,,,,,0,,0
4/28/20,DE,B,192,170,11,22,,,337,0,,,16605,1151,,,,,,4575,,413,0,,,,,5997,1096,29153,730,29153,730,,,,,,0,,0
4/28/20,FL,C,1154,,53,,5266,5266,,55,,,334029,9704,,,,,,31672,,748,0,,,,,,,361556,11763,361556,11763,,,,,,0,,0
4/28/20,GA,B,1026,,55,,4814,4814,,133,1087,,115405,12149,,,,,,24615,,702,0,,,,,20950,,,0,139914,3735,,,,,,0,139914,3735
4/28/20,GU,D,5,,0,,,,3,0,,,1538,114,,,,,,144,140,2,0,,,,,,129,,0,1682,116,,,,,,0,,0
4/28/20,HI,C,16,,2,,68,68,,0,,,28576,172,,,,,,607,,1,0,,,,,558,493,30007,249,30007,249,,,,,,0,,0
4/28/20,IA,B,136,,9,,,,304,0,,98,33447,1165,,,,,64,6376,6376,508,0,,,,,,2164,,0,39823,1673,,,,,,0,,0
4/28/20,ID,C,58,,2,,172,172,41,3,73,,18135,8,,,,,,1917,,20,0,,,,,,1039,,0,20052,28,,,,,20052,28,,0
4/28/20,IL,A,2125,,142,,,,4738,0,,1245,194087,12342,,,,,778,48102,,2219,0,,,,,,,,0,242189,14561,,,,,,0,,0
4/28/20,IN,B,901,,57,,,,1518,0,,546,70593,2078,,,,,275,16588,,627,0,,,,,17109,,,0,115095,5640,,,,,,0,115095,5640
4/28/20,KS,C,124,,4,,504,504,,8,,,24599,760,,,,,,3491,,163,0,,,,,,,,0,28090,923,,,,,,0,,0
4/28/20,KY,A,213,,5,,1281,1281,313,7,612,165,44653,253,,,,,,4146,4145,72,0,,,,,,1521,,0,48798,324,,,,,,0,48798,324
4/28/20,LA,B,1758,1660,61,,,,1666,0,,,123822,3901,,,,,244,27286,27286,218,0,,,,,,17303,,0,151108,4119,,,,,,0,,0
4/28/20,MA,B,3153,,150,,5515,5515,3875,278,,1005,196198,7773,,,,,,58302,,1840,0,,,,,71775,,,0,321343,15275,,,,,,0,321343,15275
4/28/20,MD,A,1099,1042,54,57,4268,4268,1528,167,,551,87672,2183,,,,,,20113,20113,626,0,,,,,24059,1295,,0,109837,2827,,,,,,0,109837,2827
4/28/20,ME,B,51,,0,,163,163,33,2,,17,16784,0,,,,,7,1040,1040,17,0,,,,,,585,,0,17824,17,,,,,,0,,0
4/28/20,MI,A+,4247,4136,99,198,,,2623,0,,1027,148910,7938,,,148910,,801,45538,43634,829,0,,,,,50296,8342,,0,194448,8767,,,,,,0,199206,9050
4/28/20,MN,A,301,,15,,912,912,314,51,324,120,63248,2745,,,,,,6788,6788,601,0,,,,,,1611,70036,3346,70036,3346,,,,,,0,,0
4/28/20,MO,B,314,,26,,,,655,0,,,66200,2265,,631,66603,,105,7303,7303,132,0,,,35,,8424,,,0,75149,1136,,,667,,,0,75149,1136
4/28/20,MP,D,2,,0,,,,,0,,,51,0,,,,,,14,,0,0,,,,,,12,,0,65,0,,,,,,0,,0
4/28/20,MS,B,239,,10,,1088,1088,639,28,,162,58070,702,,,,,77,6342,,248,0,,,,,,,,0,64412,950,,,,,,0,,0
4/28/20,MT,C,15,,1,,61,61,10,0,,,12740,156,,,,,,451,,2,0,,,,,,356,,0,13191,158,,,,,,0,13191,158
4/28/20,NC,B,342,,36,,,,463,0,,,103184,2406,,,,,,9568,,426,0,,,,,,,,0,112752,2832,,,,,,0,,0
4/28/20,ND,C,19,,0,,79,79,25,2,,,22732,1240,,,,,,991,991,49,0,,,,,,409,24929,1454,24929,1454,,,,,22768,1271,25316,1485
4/28/20,NE,D,55,,-1,,,,,0,,,20247,912,,,22295,,,3358,,330,0,,,,,3692,,,0,26151,1249,,,,,23772,1247,26151,1249
4/28/20,NH,C,60,,0,,246,246,99,4,,,18207,347,,,,,,1938,,74,0,,,,,,798,,0,21676,647,296,,,,,0,21676,647
4/28/20,NJ,A+,7835,6442,428,1393,,,6476,0,,1809,120503,3916,,,,,1262,113856,113856,2668,0,,,,,,15642,,0,234359,6584,,,,,234359,6584,,0
4/28/20,NM,C,110,,6,,509,509,157,28,,,58771,2791,,,,,,2974,2974,151,0,,,,,,705,,0,61745,2942,,,,,,0,,0
4/28/20,NV,F,251,,6,,,,,0,,,35314,1191,,,,,,4805,4805,115,0,,,,,,,46089,1482,46089,1482,,,,,,0,49475,1654
4/28/20,NY,B,17638,,335,,75362,75362,12646,760,,4071,549888,15789,,,,,,295106,295106,3110,0,,,,,,51673,844994,18899,844994,18899,,,,,,0,,0
4/28/20,OH,B,799,757,46,42,3340,3340,,108,1004,,106578,2886,,,,,,16769,16128,444,0,,,,,,,,0,123347,3330,,,,,,0,119391,3608
4/28/20,OK,A,207,,10,,656,656,288,0,,118,56289,6398,,,,,,3410,3410,130,0,,,,,,2260,,0,59699,6528,,,,,,0,,0
4/28/20,OR,B,92,,0,,554,554,249,0,,71,48844,0,,,57707,,31,2354,,0,0,,,,,6711,,,0,64418,2629,,,,,,0,64418,2629
4/28/20,PA,B,1716,,119,,,,2781,0,,,165824,4452,,,,,616,43264,,1214,0,,,,,,,,0,209088,5666,,,,,209088,5666,,0
4/28/20,PR,D,86,,2,,,,132,0,,,9313,0,,,,,,898,898,3,0,502,,,,,,,0,10211,3,,,,,,0,,0
4/28/20,RI,A+,239,,6,,732,732,266,14,,84,45689,1774,,,53568,,55,8296,8296,324,0,,,,,9128,466,59858,1869,59858,1869,,,,,53985,2098,62696,2679
4/28/20,SC,B,177,,3,,944,944,,0,,,46532,1261,,,,,,5613,5613,123,0,,,,,,2830,,0,52145,1384,,,,,,0,,0
4/28/20,SD,C,11,,0,,157,157,69,7,,,14299,169,,,,,,2313,,68,0,,,,,,1392,,0,16612,237,,,,,16612,237,,0
4/28/20,TN,B,188,,4,,894,894,611,57,,,151876,7392,,,,,,10052,,134,0,,,,,,4921,,0,161928,7526,,,,,,0,,0
4/28/20,TX,B,690,,27,,,,1682,0,,,323558,16707,,,,,,26171,26171,874,0,,,,,34662,11786,,0,349729,17581,,,,,,0,349729,17581
4/28/20,UT,C,45,,4,,370,370,,21,,,101210,3300,,,105647,,,4343,4343,110,0,,,,,4793,1704,,0,110440,3703,,,,,105640,3430,110440,3703
4/28/20,VA,B,492,487,34,5,2066,2066,1508,52,,376,68959,1815,,,,,217,14339,13794,804,0,,,,,18567,1914,102182,3254,102182,3254,,,,,,0,,0
4/28/20,VI,D,4,,0,,,,,0,,,719,3,,,,,,59,,0,0,,,,,,51,,0,778,3,,,,,,0,,0
4/28/20,VT,C,47,,0,,,,29,0,,,12261,115,,,,,,862,862,7,0,,,,,,,,0,16430,293,,,,,13123,122,16430,293
4/28/20,WA,B,765,,16,,,,436,0,,158,193339,5673,,,,,,14425,14425,114,0,,,,,,,208382,5968,208382,5968,,,,,195230,5347,,0
4/28/20,WI,A,300,,19,,1456,1456,351,41,363,123,63535,2224,,,,,,7391,6289,230,0,,,,,,,76980,3105,76980,3105,,,,,,0,,0
4/28/20,WV,B,37,,1,,,,87,0,,28,41976,0,,,,,15,1079,1079,16,0,,,,,,481,,0,43055,16,,,,,,0,,0
4/28/20,WY,C,7,,0,,56,56,16,2,,,8226,429,,,10329,,,536,396,16,0,,,,,453,343,,0,10782,671,,,,,,0,10782,671
4/27/20,AK,B,9,,0,,37,37,10,0,,,15911,75,,,,,,345,,4,0,,,,,,218,,0,16256,79,,,,,,0,16256,79
4/27/20,AL,B,222,,6,,872,872,426,27,335,,67498,217,,,,195,,6499,6499,229,0,,,,,,,,0,73997,446,,,,,73997,446,,0
4/27/20,AR,B,50,,1,,291,291,109,0,,,37440,912,,,,57,25,3017,3017,76,0,,,,,,987,,0,40457,988,,,,,,0,40457,988
4/27/20,AS,F,0,,0,,,,,0,,,3,0,,,,,,0,0,0,0,,,,,,,,0,3,0,,,,,,0,3,0
4/27/20,AZ,A+,275,,0,,1772,1772,647,56,,328,59827,1542,,,,,200,6716,,190,0,,,,,,1418,,0,81952,892,,,,,66543,1732,81952,892
4/27/20,CA,B,1755,,45,,,,4878,0,,1499,509945,26025,,,,,,43464,,1300,0,,,,,,,,0,553409,27325,,,,,,0,553409,27325
4/27/20,CO,B,706,,26,,2485,2485,994,47,,,52462,2629,,,,,,13879,12374,438,0,,,,,,2275,72403,2659,72403,2659,,,,,66341,3067,,0
4/27/20,CT,C,1998,1544,74,,,,1758,0,,,54542,0,,,,,,25269,,0,0,,,,,,,,0,79811,0,,,,,,0,79811,2209
4/27/20,DC,B,185,,7,,,,402,0,,,14524,297,,,,,,3892,,51,0,,,,,,659,18416,348,18416,348,,,,,,0,,0
4/27/20,DE,B,181,159,13,22,,,325,0,,,15454,239,,,,,,4162,,128,0,,,,,5780,996,28423,1048,28423,1048,,,,,,0,,0
4/27/20,FL,C,1101,,7,,5211,5211,,56,,,324325,11240,,,,,,30924,,519,0,,,,,,,349793,8877,349793,8877,,,,,,0,,0
4/27/20,GA,B,971,,59,,4681,4681,,322,1057,,103256,3434,,,,,,23913,,512,0,,,,,20557,,,0,136179,11750,,,,,,0,136179,11750
4/27/20,GU,D,5,,0,,,,3,0,,,1424,37,,,,,,142,138,1,0,,,,,,128,,0,1566,38,,,,,,0,,0
4/27/20,HI,C,14,,0,,68,68,,0,,,28404,524,,,,,,606,,3,0,,,,,557,488,29758,576,29758,576,,,,,,0,,0
4/27/20,IA,B,127,,9,,,,300,0,,100,32282,1668,,,,,58,5868,5868,392,0,,,,,,2021,,0,38150,2060,,,,,,0,,0
4/27/20,ID,C,56,,0,,169,169,36,0,71,,18127,516,,,,,,1897,,10,0,,,,,,983,,0,20024,526,,,,,20024,526,,0
4/27/20,IL,A,1983,,50,,,,4672,0,,1249,181745,10696,,,,,763,45883,,1980,0,,,,,,,,0,227628,12676,,,,,,0,,0
4/27/20,IN,B,844,,31,,,,1493,0,,581,68515,1819,,,,,284,15961,,949,0,,,,,16407,,,0,109455,2287,,,,,,0,109455,2287
4/27/20,KS,C,120,,2,,496,496,,11,,,23839,786,,,,,,3328,,154,0,,,,,,,,0,27167,940,,,,,,0,,0
4/27/20,KY,A,208,,3,,1274,1274,308,8,608,166,44400,1747,,,,,,4074,,169,0,,,,,,1511,,0,48474,1916,,,,,,0,48474,1916
4/27/20,LA,B,1697,1599,27,,,,1683,0,,,119921,3658,,,,,262,27068,27068,295,0,,,,,,17303,,0,146989,3953,,,,,,0,,0
4/27/20,MA,B,3003,,104,,5237,5237,3892,133,,1089,188425,7263,,,,,,56462,,1524,0,,,,,69008,,,0,306068,13795,,,,,,0,306068,13795
4/27/20,MD,A,1045,990,44,55,4101,4101,1513,139,,535,85489,7405,,,,,,19487,19487,906,0,,,,,23404,1263,,0,107010,4033,,,,,,0,107010,4033
4/27/20,ME,B,51,,1,,161,161,39,2,,16,16784,0,,,,,7,1023,1023,8,0,,,,,,549,,0,17807,8,,,,,,0,,0
4/27/20,MI,A+,4148,4049,112,191,,,2667,0,,1059,140972,6541,,,140972,,832,44709,42885,920,0,,,,,49184,8342,,0,185681,7461,,,,,,0,190156,7399
4/27/20,MN,A,286,,14,,861,861,292,32,316,122,60503,1342,,,,,,6187,6187,675,0,,,,,,1556,66690,2017,66690,2017,,,,,,0,,0
4/27/20,MO,B,288,,14,,,,679,0,,,63935,1184,,611,65566,,109,7171,7171,174,0,,,35,,8326,,,0,74013,1298,,,647,,,0,74013,1298
4/27/20,MP,D,2,,0,,,,,0,,,51,0,,,,,,14,,0,0,,,,,,11,,0,65,0,,,,,,0,,0
4/27/20,MS,B,229,,2,,1060,1060,590,59,,142,57368,2491,,,,,71,6094,,183,0,,,,,,,,0,63462,2674,,,,,,0,,0
4/27/20,MT,C,14,,0,,61,61,11,0,,,12584,170,,,,,,449,,1,0,,,,,,352,,0,13033,171,,,,,,0,13033,171
4/27/20,NC,B,306,,7,,,,473,0,,,100778,1714,,,,,,9142,,312,0,,,,,,,,0,109920,2026,,,,,,0,,0
4/27/20,ND,C,19,,2,,77,77,23,6,,,21492,1642,,,,,,942,942,75,0,,,,,,350,23475,1994,23475,1994,,,,,21497,1869,23831,2034
4/27/20,NE,D,56,,3,,,,,0,,,19335,839,,,21377,,,3028,,296,0,,,,,3364,,,0,24902,1281,,,,,22525,1148,24902,1281
4/27/20,NH,C,60,,0,,242,242,101,4,,,17860,896,,,,,,1864,,77,0,,,,,,779,,0,21029,631,234,,,,,0,21029,631
4/27/20,NJ,A,7407,6044,139,1363,,,6407,0,,1801,116587,2481,,,,,1303,111188,111188,2150,0,,,,,,,,0,227775,4631,,,,,227775,4631,,0
4/27/20,NM,C,104,,5,,481,481,155,69,,,55980,2091,,,,,,2823,,97,0,,,,,,666,,0,58803,2188,,,,,,0,,0
4/27/20,NV,F,245,,10,,,,,0,,,34123,539,,,,,,4690,4690,88,0,,,,,,,44607,499,44607,499,,,,,,0,47821,856
4/27/20,NY,B,17303,,337,,74602,74602,12819,1062,,4157,534099,16794,,,,,,291996,291996,3951,0,,,,,,50751,826095,20745,826095,20745,,,,,,0,,0
4/27/20,OH,B,753,712,25,41,3232,3232,,54,978,,103692,3269,,,,,,16325,15699,362,0,,,,,,,,0,120017,3631,,,,,,0,115783,4404
4/27/20,OK,A,197,,2,,656,656,306,3,,150,49891,0,,,,,,3280,3280,27,0,,,,,,2167,,0,53171,27,,,,,,0,,0
4/27/20,OR,B,92,,1,,554,554,249,8,,71,48844,2191,,,55124,,31,2354,,43,0,,,,,6665,,,0,61789,2987,,,,,,0,61789,2987
4/27/20,PA,B,1597,,47,,,,2800,0,,,161372,3944,,,,,629,42050,,885,0,,,,,,,,0,203422,4829,,,,,203422,4829,,0
4/27/20,PR,D,84,,0,,,,140,0,,,9313,0,,,,,,895,895,4,0,494,,,,,,,0,10208,4,,,,,,0,,0
4/27/20,RI,A+,233,,7,,718,718,266,27,,81,43915,1169,,,51300,,56,7972,7972,203,0,,,,,8717,452,57989,2625,57989,2625,,,,,51887,1372,60017,1874
4/27/20,SC,B,174,,0,,944,944,,0,,,45271,0,,,,,,5490,5490,0,0,,,,,,3701,,0,50761,0,,,,,,0,,0
4/27/20,SD,C,11,,0,,150,150,61,15,,,14130,68,,,,,,2245,,33,0,,,,,,1316,,0,16375,101,,,,,16375,101,,0
4/27/20,TN,B,184,,3,,837,837,618,9,,,144484,6677,,,,,,9918,,251,0,,,,,,4720,,0,154402,6928,,,,,,0,,0
4/27/20,TX,B,663,,15,,,,1563,0,,,306851,4969,,,,,,25297,25297,666,0,,,,,33166,11170,,0,332148,5635,,,,,,0,332148,5635
4/27/20,UT,C,41,,0,,349,349,,4,,,97910,2073,,,102094,,,4233,4233,110,0,,,,,4643,1641,,0,106737,2337,,,,,102210,2153,106737,2337
4/27/20,VA,B,458,454,10,4,2014,2014,1455,72,,389,67144,3514,,,,,217,13535,13036,565,0,,,,,17974,1843,98928,3742,98928,3742,,,,,,0,,0
4/27/20,VI,D,4,,0,,,,,0,,,716,16,,,,,,59,,2,0,,,,,,51,,0,775,18,,,,,,0,,0
4/27/20,VT,C,47,,1,,,,33,0,,,12146,221,,,,,,855,855,3,0,,,,,,,,0,16137,571,,,,,13001,224,16137,571
4/27/20,WA,B,749,,11,,,,536,0,,115,187666,5428,,,,,,14311,14311,166,0,,,,,,,202414,5797,202414,5797,,,,,189883,5117,,0
4/27/20,WI,A,281,,9,,1415,1415,335,18,355,124,61311,2076,,,,,,7161,6081,198,0,,,,,,,73875,2248,73875,2248,,,,,,0,,0
4/27/20,WV,B,36,,2,,,,100,0,,38,41976,3957,,,,,20,1063,1063,19,0,,,,,,455,,0,43039,3976,,,,,,0,,0
4/27/20,WY,C,7,,0,,54,54,16,0,,,7797,0,,,9670,,,520,389,18,0,,,,,441,342,,0,10111,581,,,,,,0,10111,581
4/26/20,AK,B,9,,0,,37,37,14,0,,,15836,443,,,,,,341,,2,0,,,,,,217,,0,16177,445,,,,,,0,16177,445
4/26/20,AL,B,216,,4,,845,845,384,6,288,,67281,2074,,,,170,,6270,6270,133,0,,,,,,,,0,73551,2207,,,,,73551,2207,,0
4/26/20,AR,B,49,,2,,291,291,104,0,,,36528,1304,,,,57,25,2941,2941,112,0,,,,,,985,,0,39469,1416,,,,,,0,39469,1416
4/26/20,AS,F,0,,0,,,,,0,,,3,0,,,,,,0,0,0,0,,,,,,,,0,3,0,,,,,,0,3,0
4/26/20,AZ,A+,275,,9,,1716,1716,671,44,,308,58285,2057,,,,,200,6526,,246,0,,,,,,1383,,0,81060,1163,,,,,64811,2303,81060,1163
4/26/20,CA,B,1710,,59,,,,4928,0,,1473,483920,19022,,,,,,42164,,1027,0,,,,,,,,0,526084,20049,,,,,,0,526084,20049
4/26/20,CO,B,680,,8,,2438,2438,1007,28,,,49833,3010,,,,,,13441,11980,473,0,,,,,,2150,69744,3237,69744,3237,,,,,63274,3483,,0
4/26/20,CT,C,1924,1423,62,,,,1766,0,,,54542,1522,,,,,,25269,,687,0,,,,,,,,0,79811,2209,,,,,,0,77602,3564
4/26/20,DC,B,178,,13,,,,402,0,,120,14227,624,,,,,69,3841,,142,0,,,,,,657,18068,766,18068,766,,,,,,0,,0
4/26/20,DE,B,168,147,13,21,,,317,0,,,15215,1093,,,,,,4034,,458,0,,,,,5464,911,27375,1266,27375,1266,,,,,,0,,0
4/26/20,FL,C,1094,,19,,5155,5155,,110,,,313085,10825,,,,,,30405,,795,0,,,,,,,340916,16900,340916,16900,,,,,,0,,0
4/26/20,GA,B,912,,8,,4359,4359,,33,,,99822,3503,,,,,,23401,,706,0,,,,,19108,,,0,124429,3402,,,,,,0,124429,3402
4/26/20,GU,D,5,,0,,,,2,0,,,1387,79,,,,,,141,137,0,0,,,,,,128,,0,1528,79,,,,,,0,,0
4/26/20,HI,C,14,,1,,68,68,,1,,,27880,441,,,,,,603,,2,0,,,,,554,482,29182,617,29182,617,,,,,,0,,0
4/26/20,IA,B,118,,6,,,,286,0,,99,30614,1356,,,,,55,5476,5476,384,0,,,,,,1900,,0,36090,1740,,,,,,0,,0
4/26/20,ID,C,56,,2,,169,169,38,1,72,,17611,0,,,,,,1887,,17,0,,,,,,938,,0,19498,17,,,,,19498,17,,0
4/26/20,IL,A,1933,,59,,,,4595,0,,1267,171049,11209,,,,,772,43903,,2126,0,,,,,,,,0,214952,13335,,,,,,0,,0
4/26/20,IN,B,813,,28,,,,1446,0,,589,66696,1317,,,,,310,15012,,617,0,,,,,16184,,,0,107168,2745,,,,,,0,107168,2745
4/26/20,KS,C,118,,1,,485,485,,11,,,23053,910,,,,,,3174,,118,0,,,,,,,,0,26227,1028,,,,,,0,,0
4/26/20,KY,A,205,,5,,1266,1266,301,123,605,164,42653,1470,,,,,,3905,,126,0,,,,,,1501,,0,46558,1596,,,,,,0,46558,1596
4/26/20,LA,B,1670,,26,,,,1701,0,,,116263,3773,,,,,265,26773,26773,261,0,,,,,,14927,,0,143036,4034,,,,,,0,,0
4/26/20,MA,B,2899,,22,,5104,5104,3879,139,,1077,181162,7665,,,,,,54938,,1590,0,,,,,66238,,,0,292273,6208,,,,,,0,292273,6208
4/26/20,MD,A,1001,950,53,51,3962,3962,1463,202,,530,78084,6727,,,,,,18581,18581,815,0,,,,,22350,1177,,0,102977,4288,,,,,,0,102977,4288
4/26/20,ME,B,50,,0,,159,159,39,3,,19,16784,0,,,,,7,1015,1015,25,0,,,,,,532,,0,17799,25,,,,,,0,,0
4/26/20,MI,A+,4036,3957,107,190,,,2757,0,,1099,134431,5476,,,134431,,871,43789,42027,526,0,,,,,48326,8342,,0,178220,6002,,,,,,0,182757,6094
4/26/20,MN,A,272,,28,,829,829,285,32,301,115,59161,2179,,,,,,5512,5512,385,0,,,,,,1502,64673,2564,64673,2564,,,,,,0,,0
4/26/20,MO,B,274,,1,,,,679,0,,,62751,2359,,451,64409,,109,6997,6997,171,0,,,31,,8186,,,0,72715,2727,,,483,,,0,72715,2727
4/26/20,MP,D,2,,0,,,,,0,,,51,0,,,,,,14,,0,0,,,,,,11,,0,65,0,,,,,,0,,0
4/26/20,MS,B,227,,6,,1001,1001,644,5,,146,54877,1638,,,,,67,5911,,193,0,,,,,,,,0,60788,1831,,,,,,0,,0
4/26/20,MT,C,14,,0,,61,61,11,0,,,12414,362,,,,,,448,,3,0,,,,,,339,,0,12862,365,,,,,,0,12862,365
4/26/20,NC,B,299,,10,,,,451,0,,,99064,2422,,,,,,8830,,207,0,,,,,,,,0,107894,2629,,,,,,0,,0
4/26/20,ND,C,17,,1,,71,71,18,1,,,19850,1303,,,,,,867,867,64,0,,,,,,326,21481,1188,21481,1188,,,,,19628,1145,21797,1195
4/26/20,NE,D,53,,3,,,,,0,,,18496,944,,,20415,,,2732,,311,0,,,,,3047,,,0,23621,1473,,,,,21377,1265,23621,1473
4/26/20,NH,C,60,,7,,238,238,95,14,,,16964,957,,,,,,1787,,67,0,,,,,,777,,0,20398,830,161,,,,,0,20398,830
4/26/20,NJ,A,7268,5938,102,1330,,,6573,0,,1804,114106,5943,,,,,1418,109038,109038,3515,0,,,,,,,,0,223144,9458,,,,,223144,9458,,0
4/26/20,NM,C,99,,6,,412,412,148,0,,,53889,2814,,,,,,2726,,66,0,,,,,,650,,0,56615,2880,,,,,,0,,0
4/26/20,NV,F,235,,6,,,,,0,,,33584,915,,,,,,4602,4602,63,0,,,,,,,44108,718,44108,718,,,,,,0,46965,1080
4/26/20,NY,B,16966,,367,,73540,73540,12839,1096,,4284,517305,21880,,,,,,288045,288045,5902,0,,,,,,49687,805350,27782,805350,27782,,,,,,0,,0
4/26/20,OH,B,728,687,17,41,3178,3178,,63,952,,100423,4027,,,,,,15963,15360,376,0,,,,,,,,0,116386,4403,,,,,,0,111379,4270
4/26/20,OK,A,195,,1,,653,653,306,16,,150,49891,0,,,,,,3253,3253,60,0,,,,,,2139,,0,53144,60,,,,,,0,,0
4/26/20,OR,B,91,,4,,546,546,249,10,,71,46653,1529,,,52291,,31,2311,,58,0,,,,,6511,,,0,58802,2308,,,,,,0,58802,2308
4/26/20,PA,B,1550,,13,,,,2736,0,,,157428,4542,,,,,632,41165,,1116,0,,,,,,,,0,198593,5658,,,,,198593,5658,,0
4/26/20,PR,D,84,,1,,,,146,0,,,9313,0,,,,,,891,891,13,0,480,,,,,,,0,10204,13,,,,,,0,,0
4/26/20,RI,A+,226,,11,,691,691,258,115,,78,42746,1886,,,49676,,53,7769,7769,276,0,,,,,8467,433,55364,2599,55364,2599,,,,,50515,2162,58143,2630
4/26/20,SC,B,174,,8,,944,944,,0,,,45271,1510,,,,,,5490,5490,237,0,,,,,,3701,,0,50761,1747,,,,,,0,,0
4/26/20,SD,C,11,,1,,135,135,64,7,,,14062,613,,,,,,2212,,65,0,,,,,,1257,,0,16274,678,,,,,16274,678,,0
4/26/20,TN,B,181,,3,,828,828,568,7,,,137807,5590,,,,,,9667,,478,0,,,,,,4527,,0,147474,6068,,,,,,0,,0
4/26/20,TX,B,648,,25,,,,1542,0,,,301882,7093,,,,,,24631,24631,858,0,,,,,32716,10763,,0,326513,7951,,,,,,0,326513,7951
4/26/20,UT,C,41,,0,,345,345,,16,,,95837,3879,,,99852,,,4123,4123,175,0,,,,,4548,1568,,0,104400,4329,,,,,100057,4035,104400,4329
4/26/20,VA,B,448,444,12,4,1942,1942,1436,105,,387,63630,3354,,,,,217,12970,12488,604,0,,,,,17180,1815,95186,4061,95186,4061,,,,,,0,,0
4/26/20,VI,D,4,,1,,,,,0,,,700,7,,,,,,57,,2,0,,,,,,51,,0,757,9,,,,,,0,,0
4/26/20,VT,C,46,,0,,,,34,0,,,11925,111,,,,,,852,852,9,0,,,,,,,,0,15566,400,,,,,12777,120,15566,400
4/26/20,WA,B,738,,73,,,,508,0,,145,182238,1972,,,,,,14145,14145,351,0,,,,,,,196617,2085,196617,2085,,,,,184766,1778,,0
4/26/20,WI,A,272,,6,,1397,1397,343,21,353,141,59235,2097,,,,,,6963,5911,248,0,,,,,,,71627,2866,71627,2866,,,,,,0,,0
4/26/20,WV,B,34,,2,,,,100,0,,38,38019,6073,,,,,20,1044,1044,24,0,,,,,,455,,0,39063,6097,,,,,,0,,0
4/26/20,WY,C,7,,0,,54,54,16,0,,,7797,0,,,9103,,,502,370,11,0,,,,,427,334,,0,9530,77,,,,,,0,9530,77
4/25/20,AK,B,9,,0,,37,37,32,0,,,15393,3451,,,,,,339,,0,0,,,,,,217,,0,15732,3451,,,,,,0,15732,3451
4/25/20,AL,B,212,,15,,839,839,351,71,288,,65207,18344,,,,170,,6137,6137,305,0,,,,,,,,0,71344,18649,,,,,71344,18649,,0
4/25/20,AR,B,47,,2,,291,291,104,0,,,35224,2387,,,,57,25,2829,2829,88,0,,,,,,964,,0,38053,2475,,,,,,0,38053,2475
4/25/20,AS,F,0,,0,,,,,0,,,3,0,,,,,,0,0,0,0,,,,,,,,0,3,0,,,,,,0,3,0
4/25/20,AZ,A+,266,,0,,1672,1672,697,46,,313,56228,1559,,,,,191,6280,,235,0,,,,,,1345,,0,79897,2991,,,,,62508,1794,79897,2991
4/25/20,CA,B,1651,,89,,,,4847,0,,1458,464898,9979,,,,,,41137,,1883,0,,,,,,,,0,506035,11862,,,,,,0,506035,11862
4/25/20,CO,B,672,,-2,,2410,2410,1046,44,,,46823,2290,,,,,,12968,11533,713,0,,,,,,2150,66507,2943,66507,2943,,,,,59791,3002,,0
4/25/20,CT,C,1862,1331,98,,,,1810,0,,,53020,2903,,,,,,24582,,661,0,,,,,,,,0,77602,3564,,,,,,0,74038,2541
4/25/20,DC,B,165,,12,,,,402,0,,120,13603,598,,,,,69,3699,,171,0,,,,,,652,17302,769,17302,769,,,,,,0,,0
4/25/20,DE,B,155,136,8,19,,,300,0,,,14122,185,,,,,,3576,,134,0,,,,,5095,809,26109,1233,26109,1233,,,,,,0,,0
4/25/20,FL,C,1075,,44,,5045,5045,,157,,,302260,15475,,,,,,29610,,734,0,,,,,,,324016,13407,324016,13407,,,,,,0,,0
4/25/20,GA,B,904,,12,,4326,4326,,105,,,96319,11290,,,,,,22695,,548,0,,,,,18792,,,0,121027,13942,,,,,,0,121027,13942
4/25/20,GU,D,5,,0,,,,2,0,,,1308,75,,,,,,141,137,1,0,,,,,,128,,0,1449,76,,,,,,0,,0
4/25/20,HI,C,13,,1,,67,67,,4,,,27439,1148,,,,,,601,,5,0,,,,,549,463,28565,727,28565,727,,,,,,0,,0
4/25/20,IA,B,112,,5,,,,293,0,,108,29258,1730,,,,,60,5092,5092,647,0,,,,,,1723,,0,34350,2377,,,,,,0,,0
4/25/20,ID,C,54,,0,,168,168,35,2,71,,17611,0,,,,,,1870,,34,0,,,,,,867,,0,19481,34,,,,,19481,34,,0
4/25/20,IL,A,1874,,79,,,,4699,0,,1244,159840,9866,,,,,763,41777,,2119,0,,,,,,,,0,201617,11985,,,,,,0,,0
4/25/20,IN,B,785,,44,,,,1515,0,,598,65379,3506,,,,,324,14395,,715,0,,,,,15794,,,0,104423,4330,,,,,,0,104423,4330
4/25/20,KS,C,117,,6,,474,474,,17,,,22143,1332,,,,,,3056,,279,0,,,,,,,,0,25199,1611,,,,,,0,,0
4/25/20,KY,A,200,,9,,1143,1143,303,28,575,164,41183,1820,,,,,,3779,,298,0,,,,,,1341,,0,44962,2118,,,,,,0,44962,2118
4/25/20,LA,B,1644,,43,,,,1700,0,,,112490,518,,,,,268,26512,26512,372,0,,,,,,14927,,0,139002,890,,,,,,0,,0
4/25/20,MA,B,2877,,0,,4965,4965,3879,213,,1058,173497,9253,,,,,,53348,,2379,0,,,,,65072,,,0,286065,10266,,,,,,0,286065,10266
4/25/20,MD,A,948,900,49,48,3760,3760,1408,142,,538,71357,3257,,,,,,17766,17766,1150,0,,,,,21393,1165,,0,98689,4486,,,,,,0,98689,4486
4/25/20,ME,B,50,,3,,156,156,39,4,,17,16784,0,,,,,7,990,990,25,0,,,,,,519,,0,17774,25,,,,,,0,,0
4/25/20,MI,A+,3929,3846,111,184,,,2889,0,,1164,128955,5901,,,128955,,934,43263,41548,533,0,,,,,47708,8342,,0,172218,6434,,,,,,0,176663,6721
4/25/20,MN,A,244,,23,,797,797,288,41,291,109,56982,2276,,,,,,5127,5127,339,0,,,,,,1410,62109,2615,62109,2615,,,,,,0,,0
4/25/20,MO,B,273,,11,,,,850,0,,,60392,1810,,244,61965,,142,6826,6826,201,0,,,22,,7919,,,0,69988,2823,,,267,,,0,69988,2823
4/25/20,MP,D,2,,0,,,,,0,,,51,0,,,,,,14,,0,0,,,,,,11,,0,65,0,,,,,,0,,0
4/25/20,MS,B,221,,12,,996,996,649,26,,152,53239,3003,,,,,78,5718,,284,0,,,,,,,,0,58957,3287,,,,,,0,,0
4/25/20,MT,C,14,,0,,61,61,11,2,,,12052,369,,,,,,445,,1,0,,,,,,339,,0,12497,370,,,,,,0,12497,370
4/25/20,NC,B,289,,20,,,,456,0,,,96642,4110,,,,,,8623,,571,0,,,,,,,,0,105265,4681,,,,,,0,,0
4/25/20,ND,C,16,,1,,70,70,17,3,,,18547,1846,,,,,,803,803,56,0,,,,,,310,20293,2042,20293,2042,,,,,18483,1804,20602,2057
4/25/20,NE,D,50,,3,,,,,0,,,17552,1064,,,19283,,,2421,,297,0,,,,,2710,,,0,22148,1632,,,,,20112,1411,22148,1632
4/25/20,NH,C,53,,2,,224,224,89,6,,,16007,868,,,,,,1720,,50,0,,,,,,578,,0,19568,1309,71,,,,,0,19568,1309
4/25/20,NJ,A,7166,5863,280,1303,,,6722,0,,1971,108163,4397,,,,,1442,105523,105523,3327,0,,,,,,,,0,213686,7724,,,,,213686,7724,,0
4/25/20,NM,C,93,,9,,412,412,152,0,,,51075,2086,,,,,,2660,,139,0,,,,,,614,,0,53735,2225,,,,,,0,,0
4/25/20,NV,F,229,,13,,,,,0,,,32669,875,,,,,,4539,4539,141,0,,,,,,,43390,1116,43390,1116,,,,,,0,45885,1398
4/25/20,NY,B,16599,,437,,72444,72444,13524,1071,,4410,495425,36359,,,,,,282143,282143,10553,0,,,,,,47935,777568,46912,777568,46912,,,,,,0,,0
4/25/20,OH,B,711,671,21,40,3115,3115,,62,938,,96396,3868,,,,,,15587,14983,418,0,,,,,,,,0,111983,4286,,,,,,0,107109,4784
4/25/20,OK,A,194,,6,,637,637,306,0,,150,49891,6872,,,,,,3193,3193,72,0,,,,,,2080,,0,53084,6944,,,,,,0,,0
4/25/20,OR,B,87,,1,,536,536,261,16,,60,45124,1809,,,50145,,29,2253,,76,0,,,,,6349,,,0,56494,2649,,,,,,0,56494,2649
4/25/20,PA,B,1537,,45,,,,2748,0,,,152886,5395,,,,,640,40049,,1397,0,,,,,,,,0,192935,6792,,,,,192935,6792,,0
4/25/20,PR,D,83,,6,,,,137,0,,,9313,0,,,,,,878,878,7,0,429,,,,,,,0,10191,7,,,,,,0,,0
4/25/20,RI,A+,215,,13,,576,576,263,0,,77,40860,1789,,,47362,,52,7493,7493,305,0,,,,,8151,410,52765,3775,52765,3775,,,,,48353,2094,55513,2604
4/25/20,SC,B,166,,16,,944,944,,107,,,43761,4215,,,,,,5253,5253,336,0,,,,,,3701,,0,49014,4551,,,,,,0,,0
4/25/20,SD,C,10,,0,,128,128,61,4,,,13449,665,,,,,,2147,,107,0,,,,,,1223,,0,15596,772,,,,,15596,772,,0
4/25/20,TN,B,178,,10,,821,821,510,13,,,132217,9615,,,,,,9189,,463,0,,,,,,4467,,0,141406,10078,,,,,,0,,0
4/25/20,TX,B,623,,30,,,,1597,0,,,294789,14775,,,,,,23773,23773,967,0,,,,,32051,9986,,0,318562,15742,,,,,,0,318562,15742
4/25/20,UT,C,41,,2,,329,329,,14,,,91958,4187,,,95695,,,3948,3948,166,0,,,,,4376,1399,,0,100071,4687,,,,,96022,4362,100071,4687
4/25/20,VA,B,436,432,26,4,1837,1837,1405,84,,357,60276,2430,,,,,223,12366,11902,772,0,,,,,16409,1717,91125,3529,91125,3529,,,,,,0,,0
4/25/20,VI,D,3,,0,,,,,0,,,693,51,,,,,,55,,1,0,,,,,,51,,0,748,52,,,,,,0,,0
4/25/20,VT,C,46,,2,,,,37,0,,,11814,299,,,,,,843,843,9,0,,,,,,,,0,15166,758,,,,,12657,308,15166,758
4/25/20,WA,B,665,,6,,,,455,0,,174,180266,3282,,,,,,13794,13794,275,0,,,,,,,194532,3448,194532,3448,,,,,182988,3011,,0
4/25/20,WI,A,266,,4,,1376,1376,341,23,353,137,57138,2565,,,,,,6715,5687,351,0,,,,,,,68761,2959,68761,2959,,,,,,0,,0
4/25/20,WV,B,32,,0,,,,97,0,,36,31946,3123,,,,,19,1020,1020,32,0,,,,,,439,,0,32966,3155,,,,,,0,,0
4/25/20,WY,C,7,,0,,54,54,16,0,,,7797,101,,,9030,,,491,362,18,0,,,,,423,321,,0,9453,97,,,,,,0,9453,97
4/24/20,AK,A,9,,0,,37,37,36,0,,,11942,118,,,,,,339,,2,0,,,,,,208,,0,12281,120,,,,,,0,12281,120
4/24/20,AL,B,197,,0,,768,768,429,0,288,,46863,0,,,,170,,5832,5832,54,0,,,,,,,,0,52695,54,,,,,52695,54,,0
4/24/20,AR,A,45,,0,,291,291,101,0,,,32837,3712,,,,57,24,2741,2741,276,0,,,,,,929,,0,35578,3988,,,,,,0,35578,3988
4/24/20,AS,,,,0,,,,,0,,,3,0,,,,,,0,0,0,0,,,,,,,,0,3,0,,,,,,0,3,0
4/24/20,AZ,B,266,,17,,1626,1626,639,54,,332,54669,1741,,,,,186,6045,,276,0,,,,,,1313,,0,76906,2582,,,,,60714,2017,76906,2582
4/24/20,CA,B,1562,,93,,,,4880,0,,1521,454919,10191,,,,,,39254,,1885,0,,,,,,,,0,494173,12076,,,,,,0,494173,12076
4/24/20,CO,B,674,,122,,2366,2366,1084,129,,,44533,3471,,,,,,12255,10995,993,0,,,,,,2086,63564,5249,63564,5249,,,,,56789,4465,,0
4/24/20,CT,A,1764,1086,125,,,,1877,0,,,50117,1720,,,,,,23921,,821,0,,,,,,,,0,74038,2541,,,,,,0,71497,1579
4/24/20,DC,A,153,,14,,,,402,0,,120,13005,436,,,,,69,3528,,167,0,,,,,,651,16533,603,16533,603,,,,,,0,,0
4/24/20,DE,A,147,128,16,19,,,277,0,,,13937,333,,,,,,3442,,134,0,,,,,4768,703,24876,769,24876,769,,,,,,0,,0
4/24/20,FL,A,1031,,52,,4888,4888,,195,,,286785,18909,,,,,,28876,,1214,0,,,,,,,310609,18611,310609,18611,,,,,,0,,0
4/24/20,GA,A,892,,20,,4221,4221,,152,,,85029,5479,,,,,,22147,,635,0,,,,,17164,,,0,107085,6106,,,,,,0,107085,6106
4/24/20,GU,,5,,0,,,,2,0,,,1233,53,,,,,,140,136,2,0,,,,,,126,,0,1373,55,,,,,,0,,0
4/24/20,HI,A,12,,0,,63,63,,0,,,26291,755,,,,,,596,,4,0,,,,,545,455,27838,837,27838,837,,,,,,0,,0
4/24/20,IA,A,107,,11,,,,278,0,,104,27528,2190,,,,,60,4445,4445,521,0,,,,,,1604,,0,31973,2711,,,,,,0,,0
4/24/20,ID,A,54,,0,,166,166,31,4,63,,17611,241,,,,,,1836,,34,0,,,,,,822,,0,19447,275,,,,,19447,275,,0
4/24/20,IL,A,1795,,107,,,,4828,0,,1225,149974,13592,,,,,709,39658,,2724,0,,,,,,,,0,189632,16316,,,,,,0,,0
4/24/20,IN,B,741,,35,,,,,0,,621,61873,2872,,,,,325,13680,,641,0,,,,,15018,,,0,100093,5282,,,,,,0,100093,5282
4/24/20,KS,B,111,,-1,,457,457,,15,,,20811,1975,,,,,,2777,,295,0,,,,,,,,0,23588,2270,,,,,,0,,0
4/24/20,KY,A,191,,6,,1115,1115,302,10,570,163,39363,6661,,,,,,3481,,108,0,,,,,,1335,,0,42844,6769,,,,,,0,42844,6769
4/24/20,LA,A,1601,,61,,,,1697,0,,,111972,198,,,,,286,26140,26140,401,0,,,,,,14927,,0,138112,599,,,,,,0,,0
4/24/20,MA,B,2877,,108,,4752,4752,3847,259,,1034,164244,7920,,,,,,50969,,2977,0,,,,,63242,,,0,275799,14903,,,,,,0,275799,14903
4/24/20,MD,A,899,853,68,46,3618,3618,1425,141,,547,68100,3737,,,,,,16616,16616,879,0,,,,,20267,1108,,0,94203,4870,,,,,,0,94203,4870
4/24/20,ME,A,47,,3,,152,152,39,2,,17,16784,0,,,,,7,965,965,28,0,,,,,,499,,0,17749,28,,,,,,0,,0
4/24/20,MI,B,3818,3745,107,182,,,3022,0,,1176,123054,8049,,,123054,,965,42730,41066,1036,0,,,,,46888,3237,,0,165784,9085,,,,,,0,169942,9089
4/24/20,MN,A,221,,21,,756,756,278,44,281,111,54706,2562,,,,,,4788,4788,518,0,,,,,,1373,59494,3080,59494,3080,,,,,,0,,0
4/24/20,MO,A,262,,44,,,,877,0,,,58582,5453,,109,59430,,,6625,6625,304,0,,,17,,7639,,,0,67165,2978,,,127,,,0,67165,2978
4/24/20,MP,,2,,0,,,,,0,,,51,0,,,,,,14,,0,0,,,,,,11,,0,65,0,,,,,,0,,0
4/24/20,MS,A,209,,8,,970,970,586,24,,148,50236,0,,,,,74,5434,,281,0,,,,,,,,0,55670,281,,,,,,0,,0
4/24/20,MT,A,14,,0,,59,59,12,0,,,11683,250,,,,,,444,,2,0,,,,,,325,,0,12127,252,,,,,,0,12127,252
4/24/20,NC,A,269,,16,,,,477,0,,,92532,3955,,,,,,8052,,444,0,,,,,,,,0,100584,4399,,,,,,0,,0
4/24/20,ND,B,15,,0,,67,67,17,2,,,16701,1080,,,,,,747,747,38,0,,,,,,285,18251,1335,18251,1335,,,,,16679,1121,18545,1368
4/24/20,NE,A,47,,2,,,,,0,,,16488,941,,,18011,,,2124,,311,0,,,,,2357,,,0,20516,1557,,,,,18701,1307,20516,1557
4/24/20,NH,B,51,,3,,218,218,92,5,,,15139,715,,,,,,1670,,82,0,,,,,,551,,0,18259,592,42,,,,,0,18259,592
4/24/20,NJ,A,6886,5617,279,1269,,,6847,0,,1933,103766,3607,,,,,1487,102196,102196,2207,0,,,,,,,,0,205962,5814,,,,,205962,5814,,0
4/24/20,NM,C,84,,6,,412,412,152,45,,,48989,4805,,,,,,2521,,142,0,,,,,,614,,0,51510,4947,,,,,,0,,0
4/24/20,NV,A,216,,6,,,,,0,,,31794,1253,,,,,,4398,4398,190,0,,,,,,,42274,917,42274,917,,,,,,0,44487,1778
4/24/20,NY,A,16162,,422,,71373,71373,14258,1191,,4540,459066,26606,,,,,,271590,271590,8130,0,,,,,,46156,730656,34736,730656,34736,,,,,,0,,0
4/24/20,OH,B,690,649,34,41,3053,3053,,93,920,,92528,4345,,,,,,15169,14581,475,0,,,,,,,,0,107697,4820,,,,,,0,102325,4327
4/24/20,OK,B,188,,9,,637,637,310,15,,155,43019,0,,,,,,3121,3121,104,0,,,,,,1961,,0,46140,104,,,,,,0,,0
4/24/20,OR,A,86,,3,,520,520,258,8,,56,43315,1466,,,47665,,29,2177,,50,0,,,,,6180,,,0,53845,3586,,,,,,0,53845,3586
4/24/20,PA,A,1492,,71,,,,2746,0,,,147491,5430,,,,,679,38652,,1599,0,,,,,,,,0,186143,7029,,,,,186143,7029,,0
4/24/20,PR,A,77,,8,,,,172,0,,,9313,0,,,,,,871,871,-44,0,405,,,,,,,0,10184,-44,,,,,,0,,0
4/24/20,RI,B,202,,-11,,576,576,267,-181,,77,39071,2648,,,45152,,48,7188,7188,415,0,,,,,7757,377,48990,2949,48990,2949,,,,,46259,3063,52909,3786
4/24/20,SC,B,150,,0,,837,837,,0,,,39546,0,,,,,,4917,4917,0,0,,,,,,3317,,0,44463,0,,,,,,0,,0
4/24/20,SD,A,10,,1,,124,124,61,5,,,12784,675,,,,,,2040,,84,0,,,,,,1190,,0,14824,759,,,,,14824,759,,0
4/24/20,TN,A,168,,-2,,808,808,593,15,,,122602,7768,,,,,,8726,,460,0,,,,,,4370,,0,131328,8228,,,,,,0,,0
4/24/20,TX,A,593,,32,,,,1674,0,,,280014,13897,,,,,,22806,22806,862,0,,,,,30597,9156,,0,302820,14759,,,,,,0,302820,14759
4/24/20,UT,A,39,,4,,315,315,,14,,,87771,4170,,,91213,,,3782,3782,170,0,,,,,4171,1252,,0,95384,4692,,,,,91660,4314,95384,4692
4/24/20,VA,A,410,407,38,3,1753,1753,1399,94,,379,57846,3955,,,,,220,11594,11169,596,0,,,,,15704,1672,87596,4990,87596,4990,,,,,,0,,0
4/24/20,VI,,3,,0,,,,,0,,,642,59,,,,,,54,,0,0,,,,,,50,,0,696,59,,,,,,0,,0
4/24/20,VT,A,44,,1,,,,32,0,,,11515,284,,,,,,834,834,3,0,,,,,,,,0,14408,479,,,,,12349,287,14408,479
4/24/20,WA,C,659,,5,,,,551,0,,164,176984,5826,,,,,,13519,13519,284,0,,,,,,,191084,6176,191084,6176,,,,,179977,5509,,0
4/24/20,WI,A,262,,5,,1353,1353,356,35,346,146,54573,3117,,,,,,6364,5356,353,0,,,,,,,65802,2799,65802,2799,,,,,,0,,0
4/24/20,WV,B,32,,3,,,,97,0,,36,28823,1885,,,,,19,988,988,21,0,,,,,,439,,0,29811,1906,,,,,,0,,0
4/24/20,WY,A,7,,0,,54,54,16,2,,,7696,455,,,8936,,,473,349,20,0,,,,,420,321,,0,9356,418,,,,,,0,9356,418
4/23/20,AK,A,9,,0,,37,37,42,0,,,11824,0,,,,,,337,,2,0,,,,,,209,,0,12161,2,,,,,,0,12161,2
4/23/20,AL,B,197,,3,,768,768,406,38,288,,46863,3568,,,,170,,5778,5778,313,0,,,,,,,,0,52641,3881,,,,,52641,3881,,0
4/23/20,AR,A,45,,3,,291,291,101,0,,,29125,1688,,,,57,24,2465,2465,189,0,,,,,,902,,0,31590,1877,,,,,,0,31590,1877
4/23/20,AS,,,,0,,,,,0,,,3,0,,,,,,0,0,0,0,,,,,,,,0,3,0,,,,,,0,3,0
4/23/20,AZ,B,249,,20,,1572,1572,699,44,,305,52928,1786,,,,,201,5769,,310,0,,,,,,1282,,0,74324,2510,,,,,58697,2096,74324,2510
4/23/20,CA,B,1469,,115,,,,4929,0,,1531,444728,14797,,,,,,37369,,1973,0,,,,,,,,0,482097,16770,,,,,,0,482097,16770
4/23/20,CO,A,552,,44,,2237,2237,1084,114,,,41062,1295,,,,,,11262,10208,384,0,,,,,,,58315,1904,58315,1904,,,,,52324,1679,,0
4/23/20,CT,A,1639,1036,95,,,,1947,0,,,48397,948,,,,,,23100,,631,0,,,,,,,,0,71497,1579,,,,,,0,69918,5726
4/23/20,DC,A,139,,12,,,,402,0,,120,12569,273,,,,,200,3361,,155,0,,,,,,648,15930,428,15930,428,,,,,,0,,0
4/23/20,DE,A,131,114,14,17,,,290,0,,,13604,251,,,,,,3308,,108,0,,,,,4548,643,24107,1096,24107,1096,,,,,,0,,0
4/23/20,FL,A,979,,69,,4693,4693,,224,,,267876,7558,,,,,,27662,,697,0,,,,,,,291998,11064,291998,11064,,,,,,0,,0
4/23/20,GA,A,872,,36,,4069,4069,,110,,,79550,6218,,,,,,21512,,772,0,,,,,16471,,,0,100979,6908,,,,,,0,100979,6908
4/23/20,GU,,5,,0,,,,2,0,,,1180,94,,,,,,138,135,4,0,,,,,,126,,0,1318,98,,,,,,0,,0
4/23/20,HI,A,12,,0,,63,63,,7,,,25536,776,,,,,,592,,6,0,,,,,540,444,27001,802,27001,802,,,,,,0,,0
4/23/20,IA,A,96,,6,,,,282,0,,102,25338,842,,,,,55,3924,3924,176,0,,,,,,1492,,0,29262,1018,,,,,,0,,0
4/23/20,ID,A,54,,3,,162,162,52,4,60,,17370,966,,,,,,1802,,36,0,,,,,,767,,0,19172,1002,,,,,19172,1002,,0
4/23/20,IL,A,1688,,123,,,,4877,0,,1268,136382,7144,,,,,766,36934,,1826,0,,,,,,,,0,173316,8970,,,,,,0,,0
4/23/20,IN,B,706,,45,,,,,0,,652,59001,1969,,,,,333,13039,,601,0,,,,,13594,,,0,94811,4585,,,,,,0,94811,4585
4/23/20,KS,B,112,,2,,442,442,,10,,,18836,844,,,,,,2482,,271,0,,,,,,,,0,21318,1115,,,,,,0,,0
4/23/20,KY,A,185,,14,,1105,1105,301,29,564,161,32702,2566,,,,,,3373,,181,0,,,,,,1311,,0,36075,2747,,,,,,0,36075,2747
4/23/20,LA,A,1540,,67,,,,1727,0,,,111774,186,,,,,274,25739,25739,481,0,,,,,,14927,,0,137513,667,,,,,,0,,0
4/23/20,MA,B,2769,,172,,4493,4493,3851,237,,1034,156324,11535,,,,,,47992,,3079,0,,,,,60424,,,0,260896,13425,,,,,,0,260896,13425
4/23/20,MD,A,831,789,52,42,3477,3477,1405,152,,515,64363,2609,,,,,,15737,15737,962,0,,,,,19161,1040,,0,89333,3906,,,,,,0,89333,3906
4/23/20,ME,A,44,,5,,150,150,42,6,,18,16784,0,,,,,11,937,937,30,0,,,,,,485,,0,17721,30,,,,,,0,,0
4/23/20,MI,B,3711,3636,109,180,,,3611,0,,1148,115005,8352,,,115005,,1027,41694,40145,989,0,,,,,45848,3237,,0,156699,9341,,,,,,0,160853,9699
4/23/20,MN,A,200,,21,,712,712,268,52,274,104,52144,1979,,,,,,4270,4270,512,0,,,,,,1336,56414,2491,56414,2491,,,,,,0,,0
4/23/20,MO,A,218,,10,,,,884,0,,,53129,1110,,47,56736,,,6321,6321,184,0,,,12,,7361,,,0,64187,2541,,,60,,,0,64187,2541
4/23/20,MP,,2,,0,,,,,0,,,51,0,,,,,,14,,0,0,,,,,,11,,0,65,0,,,,,,0,,0
4/23/20,MS,A,201,,8,,946,946,595,36,,156,50236,1295,,,,,78,5153,,259,0,,,,,,,,0,55389,1554,,,,,,0,,0
4/23/20,MT,A,14,,0,,59,59,13,0,,,11433,289,,,,,,442,,3,0,,,,,,306,,0,11875,292,,,,,,0,11875,292
4/23/20,NC,A,253,,11,,,,486,0,,,88577,5461,,,,,,7608,,388,0,,,,,,,,0,96185,5849,,,,,,0,,0
4/23/20,ND,B,15,,1,,65,65,18,3,,,15621,711,,,,,,709,709,32,0,,,,,,269,16916,820,16916,820,,,,,15558,747,17177,829
4/23/20,NE,A,45,,7,,,,,0,,,15547,590,,,16863,,,1813,,91,0,,,,,1953,,,0,18959,513,,,,,17394,581,18959,513
4/23/20,NH,B,48,,6,,213,213,91,7,,,14424,874,,,,,,1588,,97,0,,,,,,550,,0,17667,785,16,,,,,0,17667,785
4/23/20,NJ,A,6607,5368,332,1239,,,7240,0,,1990,100159,4365,,,,,1462,99989,99989,4124,0,,,,,,,,0,200148,8489,,,,,200148,8489,,0
4/23/20,NM,A,78,,7,,367,367,123,36,,,44184,5162,,,,,,2379,,169,0,,,,,,573,,0,46563,5331,,,,,,0,,0
4/23/20,NV,A,210,,9,,,,,0,,,30541,734,,,,,,4208,4208,127,0,,,,,,,41357,1042,41357,1042,,,,,,0,42709,1175
4/23/20,NY,A,15740,,438,,70182,70182,15021,1409,,4597,432460,19694,,,,,,263460,263460,6244,0,,,,,,44244,695920,25938,695920,25938,,,,,,0,,0
4/23/20,OH,B,656,618,46,38,2960,2960,,78,900,,88183,3794,,,,,,14694,14142,577,0,,,,,,,,0,102877,4371,,,,,,0,97998,3759
4/23/20,OK,B,179,,9,,622,622,284,34,,156,43019,0,,,,,,3017,3017,123,0,,,,,,1884,,0,46036,123,,,,,,0,,0
4/23/20,OR,A,83,,5,,512,512,304,24,,74,41849,2723,,,44292,,36,2127,,68,0,,,,,5967,,,0,50259,2422,,,,,,0,50259,2422
4/23/20,PA,A,1421,,-201,,,,2750,0,,,142061,5789,,,,,679,37053,,1369,0,,,,,,,,0,179114,7158,,,,,179114,7158,,0
4/23/20,PR,A,69,,2,,,,154,0,,,9313,471,,,,,,915,,0,0,,,,,,,,0,10228,471,,,,,,0,,0
4/23/20,RI,B,213,,12,,757,757,316,40,,72,36423,1895,,,41860,,45,6773,6773,419,0,,,,,7263,342,46041,2808,46041,2808,,,,,43196,2314,49123,2953
4/23/20,SC,B,150,,10,,837,837,,0,,,39546,1196,,,,,,4917,4917,156,0,,,,,,3317,,0,44463,1352,,,,,,0,,0
4/23/20,SD,A,9,,1,,119,119,58,8,,,12109,521,,,,,,1956,,98,0,,,,,,1064,,0,14065,619,,,,,14065,619,,0
4/23/20,TN,A,170,,4,,793,793,488,18,,,114834,7696,,,,,,8266,,424,0,,,,,,4193,,0,123100,8120,,,,,,0,,0
4/23/20,TX,A,561,,18,,,,1649,0,,,266117,11394,,,,,,21944,21944,875,0,,,,,29283,8025,,0,288061,12269,,,,,,0,288061,12269
4/23/20,UT,A,35,,1,,301,301,,13,,,83601,5166,,,86683,,,3612,3612,167,0,,,,,4009,1050,,0,90692,5604,,,,,87346,5309,90692,5604
4/23/20,VA,A,372,370,23,2,1659,1659,1379,78,,400,53891,3379,,,,,249,10998,10627,732,0,,,,,14835,1567,82606,4811,82606,4811,,,,,,0,,0
4/23/20,VI,,3,,0,,,,,0,,,583,0,,,,,,54,,0,0,,,,,,48,,0,637,0,,,,,,0,,0
4/23/20,VT,A,43,,3,,,,44,0,,,11231,285,,,,,,831,831,3,0,,,,,,,,0,13929,603,,,,,12062,288,13929,603
4/23/20,WA,C,654,,7,,,,544,0,,151,171158,4689,,,,,,13235,13235,268,0,,,,,,,184908,4963,184908,4963,,,,,174468,4338,,0
4/23/20,WI,A,257,,11,,1318,1318,349,16,342,146,51456,1954,,,,,,6011,5052,245,0,,,,,,,63003,2892,63003,2892,,,,,,0,,0
4/23/20,WV,B,29,,3,,,,108,0,,44,26938,2041,,,,,24,967,967,28,0,,,,,,380,,0,27905,2069,,,,,,0,,0
4/23/20,WY,A,7,,1,,52,52,,0,,,7241,-60,,,8542,,,453,332,6,0,,,,,396,275,,0,8938,269,,,,,,0,8938,269
4/22/20,AK,A,9,,0,,37,37,39,0,,,11824,1034,,,,,,335,,6,0,,,,,,196,,0,12159,1040,,,,,,0,12159,1040
4/22/20,AL,B,194,,17,,730,730,440,31,288,,43295,0,,,,170,,5465,5465,234,0,,,,,,,,0,48760,234,,,,,48760,234,,0
4/22/20,AR,A,42,,-1,,291,291,97,0,,,27437,2223,,,,57,23,2276,2276,49,0,,,,,,863,,0,29713,2272,,,,,,0,29713,2272
4/22/20,AS,,,,0,,,,,0,,,3,0,,,,,,0,0,0,0,,,,,,,,0,3,0,,,,,,0,3,0
4/22/20,AZ,B,229,,21,,1528,1528,664,44,,300,51142,1241,,,,,195,5459,,208,0,,,,,,1265,,0,71814,2450,,,,,56601,1449,71814,2450
4/22/20,CA,B,1354,,86,,,,4984,0,,1551,429931,163092,,,,,,35396,,2135,0,,,,,,,,0,465327,165227,,,,,,0,465327,165227
4/22/20,CO,A,508,,22,,2123,2123,859,120,,,39767,1510,,,,,,10878,,431,0,,,,,,,56411,2167,56411,2167,,,,,50645,1941,,0
4/22/20,CT,A,1544,1036,121,,,,1972,0,,,47449,3617,,,,,,22469,,2109,0,,,,,,,,0,69918,5726,,,,,,0,64192,1386
4/22/20,DC,A,127,,15,,,,402,0,,120,12296,455,,,,,69,3206,,108,0,,,,,,645,15502,563,15502,563,,,,,,0,,0
4/22/20,DE,A,117,103,13,14,,,269,0,,,13353,418,,,,,,3200,,269,0,,,,,4173,599,23011,383,23011,383,,,,,,0,,0
4/22/20,FL,A,910,,54,,4469,4469,,234,,,260318,10754,,,,,,26965,,859,0,,,,,,,280934,12234,280934,12234,,,,,,0,,0
4/22/20,GA,A,836,,37,,3959,3959,,180,,,73332,5073,,,,,,20740,,859,0,,,,,15804,,,0,94071,1649,,,,,,0,94071,1649
4/22/20,GU,,5,,0,,,,3,0,,2,1086,53,,,,,,134,133,1,0,,,,,,119,,0,1220,54,,,,,,0,,0
4/22/20,HI,A,12,,2,,56,56,,1,,,24760,648,,,,,,586,,2,0,,,,,529,437,26199,543,26199,543,,,,,,0,,0
4/22/20,IA,A,90,,7,,,,272,0,,92,24496,522,,,,,57,3748,3748,107,0,,,,,,1428,,0,28244,629,,,,,,0,,0
4/22/20,ID,A,51,,3,,158,158,54,1,58,,16404,333,,,,,,1766,,30,0,,,,,,710,,0,18170,363,,,,,18170,363,,0
4/22/20,IL,A,1565,,97,,,,4665,0,,1220,129238,7300,,,,,747,35108,,2049,0,,,,,,,,0,164346,9349,,,,,,0,,0
4/22/20,IN,B,661,,31,,,,,0,,633,57032,1865,,,,,334,12438,,341,0,,,,,13000,,,0,90226,4526,,,,,,0,90226,4526
4/22/20,KS,B,110,,3,,432,432,,13,,,17992,916,,,,,,2211,,186,0,,,,,,,,0,20203,1102,,,,,,0,,0
4/22/20,KY,A,171,,17,,1076,1076,286,17,558,165,30136,366,,,,,,3192,,142,0,,,,,,1266,,0,33328,508,,,,,,0,33328,508
4/22/20,LA,A,1473,,68,,,,1747,0,,,111588,0,,,,,287,25258,25258,404,0,,,,,,14927,,0,136846,404,,,,,,0,,0
4/22/20,MA,B,2597,,148,,4256,4256,3890,247,,1050,144789,3345,,,,,,44913,,1745,0,,,,,57491,,,0,247471,15397,,,,,,0,247471,15397
4/22/20,MD,A,779,738,47,41,3325,3325,1432,167,,527,61754,2312,,,,,,14775,14775,582,0,,,,,18054,981,,0,85427,3298,,,,,,0,85427,3298
4/22/20,ME,A,39,,3,,144,144,42,5,,18,16784,2708,,,,,10,907,907,19,0,,,,,,455,,0,17691,2727,,,,,,0,,0
4/22/20,MI,B,3602,3531,131,174,,,3305,0,,1350,106653,6986,,,106653,,1065,40705,39267,1116,0,,,,,44501,3237,,0,147358,8102,,,,,,0,151154,8341
4/22/20,MN,A,179,,19,,660,660,240,31,262,107,50165,1824,,,,,,3758,3758,306,0,,,,,,1138,53923,2130,53923,2130,,,,,,0,,0
4/22/20,MO,A,208,,19,,,,1001,0,,,52019,840,,21,54480,,,6137,6137,196,0,,,6,,7085,,,0,61646,2590,,,28,,,0,61646,2590
4/22/20,MP,,2,,0,,,,,0,,,51,0,,,,,,14,,0,0,,,,,,11,,0,65,0,,,,,,0,,0
4/22/20,MS,A,193,,10,,910,910,628,52,,162,48941,1293,,,,,86,4894,,178,0,,,,,,,,0,53835,1471,,,,,,0,,0
4/22/20,MT,A,14,,2,,59,59,13,0,,,11144,340,,,,,,439,,2,0,,,,,,296,,0,11583,342,,,,,,0,11583,342
4/22/20,NC,A,242,,29,,,,434,0,,,83116,6736,,,,,,7220,,269,0,,,,,,,,0,90336,7005,,,,,,0,,0
4/22/20,ND,B,14,,1,,62,62,23,8,,,14910,567,,,,,,677,677,33,0,,,,,,229,16096,677,16096,677,,,,,14811,581,16348,706
4/22/20,NE,A,38,,5,,,,,0,,,14957,233,,,16415,,,1722,,74,0,,,,,1892,,,0,18446,447,,,,,16813,335,18446,447
4/22/20,NH,B,42,,0,,206,206,94,0,,,13550,702,,,,,,1491,,0,0,,,,,,546,,0,16882,934,7,,,,,0,16882,934
4/22/20,NJ,A,6275,5063,343,1212,,,7210,0,,1983,95794,3355,,,,,1570,95865,95865,3478,0,,,,,,,,0,191659,6833,,,,,191659,6833,,0
4/22/20,NM,A,71,,6,,331,331,121,25,,,39022,217,,,,,,2210,,138,0,,,,,,547,,0,41232,355,,,,,,0,,0
4/22/20,NV,A,201,,8,,,,,0,,,29807,689,,,,,,4081,4081,144,0,,,,,,,40315,2489,40315,2489,,,,,,0,41534,1070
4/22/20,NY,A,15302,,474,,68773,68773,15599,1502,,4690,412766,15131,,,,,,257216,257216,5526,0,,,,,,42308,669982,20657,669982,20657,,,,,,0,,0
4/22/20,OH,B,610,584,53,26,2882,2882,,103,880,,84389,3400,,,,,,14117,13609,392,0,,,,,,,,0,98506,3792,,,,,,0,94239,3400
4/22/20,OK,B,170,,6,,588,588,298,27,,147,43019,1482,,,,,,2894,2894,87,0,,,,,,1772,,0,45913,1569,,,,,,0,,0
4/22/20,OR,A,78,,0,,488,488,302,17,,67,39126,0,,,42038,,35,2059,,57,0,,,,,5799,,,0,47837,2509,,,,,,0,47837,2509
4/22/20,PA,A,1622,,58,,,,2764,0,,,136272,3949,,,,,685,35684,,1156,0,,,,,,,,0,171956,5105,,,,,171956,5105,,0
4/22/20,PR,A,67,,3,,,,140,0,,,8842,53,,,,,,915,,-383,0,,,,,,,,0,9757,-330,,,,,,0,,0
4/22/20,RI,B,201,,15,,717,717,314,43,,71,34528,1922,,,39389,,44,6354,6354,382,0,,,,,6781,315,43233,2554,43233,2554,,,,,40882,2304,46170,2818
4/22/20,SC,B,140,,16,,837,837,,61,,,38350,1512,,,,,,4761,4761,322,0,,,,,,3317,,0,43111,1834,,,,,,0,,0
4/22/20,SD,A,8,,0,,111,111,62,11,,,11588,528,,,,,,1858,,103,0,,,,,,937,,0,13446,631,,,,,13446,631,,0
4/22/20,TN,A,166,,9,,775,775,441,15,,,107138,6350,,,,,,7842,,448,0,,,,,,4012,,0,114980,6798,,,,,,0,,0
4/22/20,TX,A,543,,26,,,,1678,0,,,254723,11960,,,,,,21069,21069,873,0,,,,,28133,7341,,0,275792,12833,,,,,,0,275792,12833
4/22/20,UT,A,34,,2,,288,288,,11,,,78435,4683,,,81234,,,3445,3445,149,0,,,,,3854,970,,0,85088,5059,,,,,82037,4847,85088,5059
4/22/20,VA,A,349,347,25,2,1581,1581,1374,81,,419,50512,1788,,,,,244,10266,9952,636,0,,,,,13940,1497,77795,2716,77795,2716,,,,,,0,,0
4/22/20,VI,,3,,0,,,,,0,,,583,9,,,,,,54,,0,0,,,,,,48,,0,637,9,,,,,,0,,0
4/22/20,VT,A,40,,0,,,,37,0,,,10946,207,,,,,,828,828,8,0,,,,,,,,0,13326,379,,,,,11774,215,13326,379
4/22/20,WA,C,647,,7,,,,543,0,,161,166469,4844,,,,,,12967,12967,334,0,,,,,,,179945,5127,179945,5127,,,,,170130,4424,,0
4/22/20,WI,A,246,,4,,1302,1302,352,50,324,137,49502,1661,,,,,,5766,4845,257,0,,,,,,,60111,2698,60111,2698,,,,,,0,,0
4/22/20,WV,B,26,,0,,,,103,0,,41,24897,3048,,,,,23,939,939,25,0,,,,,,330,,0,25836,3073,,,,,,0,,0
4/22/20,WY,A,6,,0,,52,52,19,0,,,7301,0,,,8296,,,447,326,6,0,,,,,373,254,,0,8669,289,,,,,,0,8669,289
4/21/20,AK,A,9,,0,,37,37,42,0,,,10790,987,,,,,,329,,8,0,,,,,,168,,0,11119,995,,,,,,0,11119,995
4/21/20,AL,B,177,,10,,699,699,401,58,260,,43295,2420,,,,157,,5231,5231,206,0,,,,,,,,0,48526,2626,,,,,48526,2626,,0
4/21/20,AR,A,43,,1,,291,291,86,0,,,25214,584,,,,57,27,2227,2227,304,0,,,,,,809,,0,27441,888,,,,,,0,27441,888
4/21/20,AS,,,,0,,,,,0,,,3,0,,,,,,0,0,0,0,,,,,,,,0,3,0,,,,,,0,3,0
4/21/20,AZ,B,208,,21,,1484,1484,637,30,,285,49901,465,,,,,181,5251,,187,0,,,,,,1155,,0,69364,2745,,,,,55152,652,69364,2745
4/21/20,CA,B,1268,,60,,,,4886,0,,1502,266839,7317,,,,,,33261,,2283,0,,,,,,,,0,300100,9600,,,,,,0,300100,9600
4/21/20,CO,A,486,,37,,2003,2003,851,123,,,38257,897,,,,,,10447,,341,0,,,,,,,54244,1476,54244,1476,,,,,48704,1238,,0
4/21/20,CT,A,1423,971,92,,,,1949,0,,,43832,841,,,,,,20360,,545,0,,,,,,,,0,64192,1386,,,,,,0,62806,3047
4/21/20,DC,A,112,,7,,,,402,0,,120,11841,655,,,,,69,3098,,171,0,,,,,,636,14939,826,14939,826,,,,,,0,,0
4/21/20,DE,A,104,92,5,12,,,263,0,,,12935,427,,,,,,2931,,186,0,,,,,4051,565,22628,701,22628,701,,,,,,0,,0
4/21/20,FL,A,856,,50,,4235,4235,,225,,,249564,9999,,,,,,26106,,746,0,,,,,,,268700,10579,268700,10579,,,,,,0,,0
4/21/20,GA,A,799,,66,,3779,3779,,229,,,68259,2878,,,,,,19881,,934,0,,,,,15635,,,0,92422,4999,,,,,,0,92422,4999
4/21/20,GU,,5,,0,,,,3,0,,2,1033,42,,,,,,133,133,0,0,,,,,,114,,0,1166,42,,,,,,0,,0
4/21/20,HI,A,10,,0,,55,55,,3,,,24112,517,,,,,,584,,4,0,,,,,527,423,25656,647,25656,647,,,,,,0,,0
4/21/20,IA,A,83,,4,,,,214,0,,89,23974,1313,,,,,60,3641,3641,482,0,,,,,,1293,,0,27615,1795,,,,,,0,,0
4/21/20,ID,A,48,,3,,157,157,69,6,58,,16071,298,,,,,,1736,,64,0,,,,,,660,,0,17807,362,,,,,17807,362,,0
4/21/20,IL,A,1468,,119,,,,4776,0,,1226,121938,5088,,,,,781,33059,,1551,0,,,,,,,,0,154997,6639,,,,,,0,,0
4/21/20,IN,B,630,,61,,,,,0,,676,55167,2214,,,,,368,12097,,411,0,,,,,12365,,,0,85700,4862,,,,,,0,85700,4862
4/21/20,KS,B,107,,7,,419,419,,14,,,17076,301,,,,,,2025,,39,0,,,,,,,,0,19101,340,,,,,,0,,0
4/21/20,KY,A,154,,6,,1059,1059,263,0,582,147,29770,158,,,,,,3050,,90,0,,,,,,1174,,0,32820,248,,,,,,0,32820,248
4/21/20,LA,A,1405,,77,,,,1798,0,,,111588,0,,,,,297,24854,24854,331,0,,,,,,,,0,136442,331,,,,,,0,,0
4/21/20,MA,B,2449,,146,,4009,4009,3977,137,,1040,141444,5398,,,,,,43168,,1752,0,,,,,54261,,,0,232074,11823,,,,,,0,232074,11823
4/21/20,MD,A,732,692,49,40,3158,3158,1433,144,,526,59442,1729,,,,,,14193,14193,509,0,,,,,17293,930,,0,82129,2188,,,,,,0,82129,2188
4/21/20,ME,A,36,,1,,139,139,40,1,,16,14076,0,,,,,8,888,888,13,0,,,,,,443,,0,14964,13,,,,,,0,,0
4/21/20,MI,B,3471,3428,124,171,,,3357,0,,1346,99667,6274,,,99667,,1107,39589,38208,1095,0,,,,,43146,3237,,0,139256,7369,,,,,,0,142813,7609
4/21/20,MN,A,160,,17,,629,629,237,27,253,117,48341,1487,,,,,,3452,3452,262,0,,,,,,1094,51793,1749,51793,1749,,,,,,0,,0
4/21/20,MO,A,189,,12,,,,1001,0,,,51179,973,,21,52207,,,5941,5941,134,0,,,6,,6778,,,0,59056,980,,,28,,,0,59056,980
4/21/20,MP,,2,,0,,,,,0,,,51,0,,,,,,14,,0,0,,,,,,11,,0,65,0,,,,,,0,,0
4/21/20,MS,A,183,,14,,858,858,548,39,,146,47648,726,,,,,89,4716,,204,0,,,,,,,,0,52364,930,,,,,,0,,0
4/21/20,MT,A,12,,2,,59,59,14,2,,,10804,186,,,,,,437,,4,0,,,,,,273,,0,11241,190,,,,,,0,11241,190
4/21/20,NC,A,213,,34,,,,427,0,,,76380,3660,,,,,,6951,,187,0,,,,,,,,0,83331,3847,,,,,,0,,0
4/21/20,ND,B,13,,0,,54,54,17,1,,,14343,223,,,,,,644,644,18,0,,,,,,214,15419,269,15419,269,,,,,14230,202,15642,272
4/21/20,NE,A,33,,5,,,,,0,,,14724,518,,,16092,,,1648,,174,0,,,,,1777,,,0,17999,808,,,,,16478,722,17999,808
4/21/20,NH,B,42,,1,,206,206,78,8,,,12848,122,,,,,,1491,,99,0,,,,,,521,,0,15948,594,5,,,,,0,15948,594
4/21/20,NJ,A,5932,4753,414,1179,,,7594,0,,1930,92439,3188,,,,,1501,92387,92387,3581,0,,,,,,,,0,184826,6769,,,,,184826,6769,,0
4/21/20,NM,A,65,,7,,306,306,119,15,,,38805,2021,,,,,,2072,,101,0,,,,,,529,,0,40877,2122,,,,,,0,,0
4/21/20,NV,A,193,,13,,,,,0,,,29118,601,,,,,,3937,3937,107,0,,,,,,,37826,1361,37826,1361,,,,,,0,40464,936
4/21/20,NY,A,14828,,481,,67271,67271,16135,1302,,4729,397635,11286,,,,,,251690,251690,4178,0,,,,,,40482,649325,15464,649325,15464,,,,,,0,,0
4/21/20,OH,B,557,538,48,19,2779,2779,,126,838,,80989,3069,,,,,,13725,13250,806,0,,,,,,,,0,94714,3875,,,,,,0,90839,3850
4/21/20,OK,B,164,,21,,561,561,346,20,,164,41537,8571,,,,,,2807,2807,127,0,,,,,,1702,,0,44344,8698,,,,,,0,,0
4/21/20,OR,A,78,,3,,471,471,297,6,,70,39126,1037,,,39716,,35,2002,,46,0,,,,,5612,,,0,45328,1353,,,,,,0,45328,1353
4/21/20,PA,A,1564,,360,,,,2743,0,,,132323,2603,,,,,673,34528,,1296,0,,,,,,,,0,166851,3899,,,,,166851,3899,,0
4/21/20,PR,A,64,,1,,,,117,0,,,8789,303,,,,,,1298,,46,0,,,,,,,,0,10087,349,,,,,,0,,0
4/21/20,RI,B,186,,11,,674,674,309,45,,67,32606,1723,,,36991,,43,5972,5972,387,0,,,,,6361,315,40679,2301,40679,2301,,,,,38578,2110,43352,2559
4/21/20,SC,B,124,,4,,776,776,,0,,,36838,735,,,,,,4439,4439,62,0,,,,,,2063,,0,41277,797,,,,,,0,,0
4/21/20,SD,A,8,,1,,100,100,65,13,,,11060,419,,,,,,1755,,70,0,,,,,,824,,0,12815,489,,,,,12815,489,,0
4/21/20,TN,A,157,,5,,760,760,523,30,,,100788,7337,,,,,,7394,,156,0,,,,,,3828,,0,108182,7493,,,,,,0,,0
4/21/20,TX,A,517,,22,,,,1419,0,,,242763,13029,,,,,,20196,20196,738,0,,,,,26963,6486,,0,262959,13767,,,,,,0,262959,13767
4/21/20,UT,A,32,,4,,277,277,,9,,,73752,5310,,,76354,,,3296,3296,83,0,,,,,3675,888,,0,80029,5692,,,,,77190,5467,80029,5692
4/21/20,VA,A,324,321,24,3,1500,1500,1331,78,,403,48724,979,,,,,251,9630,9451,640,0,,,,,13382,1418,75079,1974,75079,1974,,,,,,0,,0
4/21/20,VI,,3,,0,,,,,0,,,574,20,,,,,,54,,1,0,,,,,,48,,0,628,21,,,,,,0,,0
4/21/20,VT,A,40,,2,,,,41,0,,,10739,44,,,,,,820,820,3,0,,,,,,,,0,12947,159,,,,,11559,47,12947,159
4/21/20,WA,C,640,,11,,,,503,0,,161,161625,4521,,,,,,12633,12633,96,0,,,,,,,174818,4791,174818,4791,,,,,165706,4202,,0
4/21/20,WI,A,242,,12,,1252,1252,358,41,324,137,47841,1238,,,,,,5509,4620,156,0,,,,,,,57413,2006,57413,2006,,,,,,0,,0
4/21/20,WV,B,26,,2,,,,85,0,,42,21849,596,,,,,24,914,914,12,0,,,,,,330,,0,22763,608,,,,,,0,,0
4/21/20,WY,A,6,,4,,52,52,19,1,,,7301,228,,,8024,,,441,322,13,0,,,,,356,237,,0,8380,297,,,,,,0,8380,297
4/20/20,AK,A,9,,0,,37,37,46,0,,,9803,227,,,,,,321,,2,0,,,,,,161,,0,10124,229,,,,,,0,10124,229
4/20/20,AL,B,167,,13,,641,641,397,0,260,,40875,0,,,,157,,5025,5025,188,0,,,,,,,,0,45900,188,,,,,45900,188,,0
4/20/20,AR,A,42,,2,,291,291,93,0,,,24630,2202,,,,57,24,1923,1923,142,0,,,,,,749,,0,26553,2344,,,,,,0,26553,2344
4/20/20,AS,,,,0,,,,,0,,,3,0,,,,,,0,0,0,0,,,,,,,,0,3,0,,,,,,0,3,0
4/20/20,AZ,B,187,,3,,1454,1454,637,67,,285,49436,1375,,,,,181,5064,,135,0,,,,,,1155,,0,66619,967,,,,,54500,1510,66619,967
4/20/20,CA,B,1208,,42,,,,4674,0,,1480,259522,8955,,,,,,30978,,645,0,,,,,,,,0,290500,9600,,,,,,0,290500,9600
4/20/20,CO,A,449,,27,,1880,1880,861,67,,,37360,895,,,,,,10106,,376,0,,,,,,,52768,1477,52768,1477,,,,,47466,1271,,0
4/20/20,CT,A,1331,868,245,,,,1919,0,,,42991,2328,,,,,,19815,,2265,0,,,,,,,,0,62806,4593,,,,,,0,59759,1546
4/20/20,DC,A,105,,9,,,,402,0,,120,11186,280,,,,,69,2927,,134,0,,,,,,630,14113,414,14113,414,,,,,,0,,0
4/20/20,DE,A,99,89,9,10,,,256,0,,,12508,252,,,,,,2745,,207,0,,,,,3825,495,21927,942,21927,942,,,,,,0,,0
4/20/20,FL,A,806,,25,,4010,4010,,80,,,239565,9482,,,,,,25360,,713,0,,,,,,,258121,9218,258121,9218,,,,,,0,,0
4/20/20,GA,A,733,,46,,3550,3550,,86,,,65381,3749,,,,,,18947,,646,0,,,,,15109,,,0,87423,4096,,,,,,0,87423,4096
4/20/20,GU,,5,,0,,,,3,0,,2,991,48,,,,,,133,133,0,0,,,,,,112,,0,1124,48,,,,,,0,,0
4/20/20,HI,A,10,,1,,52,52,,1,,,23595,699,,,,,,580,,6,0,,,,,523,414,25009,913,25009,913,,,,,,0,,0
4/20/20,IA,A,79,,4,,,,214,0,,91,22661,1013,,,,,58,3159,3159,257,0,,,,,,1235,,0,25820,1270,,,,,,0,,0
4/20/20,ID,A,45,,1,,151,151,53,0,53,,15773,0,,,,,,1672,,4,0,,,,,,585,,0,17445,4,,,,,17445,4,,0
4/20/20,IL,A,1349,,59,,,,4599,0,,1239,116850,3889,,,,,757,31508,,1151,0,,,,,,,,0,148358,5040,,,,,,0,,0
4/20/20,IN,B,569,,7,,,,,0,,669,52953,3021,,,,,353,11686,,476,0,,,,,11648,,,0,80838,1338,,,,,,0,80838,1338
4/20/20,KS,B,100,,8,,405,405,,15,,,16775,494,,,,,,1986,,137,0,,,,,,,,0,18761,631,,,,,,0,,0
4/20/20,KY,A,148,,4,,1059,1059,274,0,534,155,29612,94,,,,,,2960,,253,0,,,,,,1174,,0,32572,347,,,,,,0,32572,347
4/20/20,LA,A,1328,,32,,,,1794,0,,,111588,168,,,,,332,24523,24523,595,0,,,,,,,,0,136111,763,,,,,,0,,0
4/20/20,MA,B,2303,,157,,3872,3872,3872,83,,987,136046,6751,,,,,,41416,,1596,0,,,,,51550,,,0,220251,12963,,,,,,0,220251,12963
4/20/20,MD,A,683,644,57,39,3014,3014,,128,,,57713,2652,,,,,,13684,13684,854,0,,,,,16749,917,,0,79941,3952,,,,,,0,79941,3952
4/20/20,ME,A,35,,1,,138,138,39,2,,16,14076,0,,,,,9,875,875,8,0,,,,,,414,,0,14951,8,,,,,,0,,0
4/20/20,MI,B,3347,3300,111,169,,,3374,0,,1346,93393,3635,,,93393,,1102,38494,37170,937,0,,,,,41811,3237,,0,131887,4572,,,,,,0,135204,4527
4/20/20,MN,A,143,,9,,602,602,237,28,241,126,46854,566,,,,,,3190,3190,276,0,,,,,,1059,50044,842,50044,842,,,,,,0,,0
4/20/20,MO,A,177,,1,,,,873,0,,,50206,1964,,19,51379,,,5807,5807,140,0,,,5,,6628,,,0,58076,1242,,,25,,,0,58076,1242
4/20/20,MP,,2,,0,,,,,0,,,51,9,,,,,,14,,0,0,,,,,,11,,0,65,9,,,,,,0,,0
4/20/20,MS,A,169,,10,,819,819,548,11,,146,46922,12131,,,,,89,4512,,238,0,,,,,,,,0,51434,12369,,,,,,0,,0
4/20/20,MT,A,10,,0,,57,57,19,2,,,10618,153,,,,,,433,,0,0,,,,,,243,,0,11051,153,,,,,,0,11051,153
4/20/20,NC,A,179,,7,,,,373,0,,,72720,441,,,,,,6764,,271,0,,,,,,,,0,79484,712,,,,,,0,,0
4/20/20,ND,B,13,,3,,53,53,17,2,,,14120,1075,,,,,,626,626,42,0,,,,,,189,15150,893,15150,893,,,,,14028,751,15370,912
4/20/20,NE,A,28,,0,,,,,0,,,14206,918,,,15483,,,1474,,187,0,,,,,1583,,,0,17191,1125,,,,,15756,1104,17191,1125
4/20/20,NH,B,41,,3,,198,198,79,6,,,12726,644,,,,,,1392,,50,0,,,,,,521,,0,15354,653,,,,,,0,15354,653
4/20/20,NJ,A,5518,4377,208,1141,,,6986,0,,2018,89251,3864,,,,,1594,88806,88806,3505,0,,,,,,,,0,178057,7369,,,,,178057,7369,,0
4/20/20,NM,A,58,,3,,291,291,116,17,,,36784,1587,,,,,,1971,,126,0,,,,,,501,,0,38755,1713,,,,,,0,,0
4/20/20,NV,A,180,,8,,,,,0,,,28517,647,,,,,,3830,3830,102,0,,,,,,,36465,458,36465,458,,,,,,0,39528,860
4/20/20,NY,A,14347,,478,,65969,65969,16103,1419,,4814,386349,11580,,,,,,247512,247512,4726,0,,,,,,39085,633861,16306,633861,16306,,,,,,0,,0
4/20/20,OH,B,509,491,38,18,2653,2653,,88,798,,77920,2223,,,,,,12919,12516,1317,0,,,,,,,,0,90839,3540,,,,,,0,86989,86989
4/20/20,OK,B,143,,3,,541,541,307,0,,136,32966,0,,,,,,2680,2680,81,0,,,,,,1614,,0,35646,81,,,,,,0,,0
4/20/20,OR,A,75,,1,,465,465,303,9,,74,38089,961,,,38474,,35,1956,,46,0,,,,,5501,,,0,43975,1946,,,,,,0,43975,1946
4/20/20,PA,A,1204,,92,,,,2701,0,,,129720,3150,,,,,659,33232,,948,0,,,,,,,,0,162952,4098,,,,,162952,4098,,0
4/20/20,PR,A,63,,1,,,,151,0,,,8486,206,,,,,,1252,,39,0,,,,,,,,0,9738,245,,,,,,0,,0
4/20/20,RI,B,175,,11,,629,629,297,24,,62,30883,1594,,,34877,,45,5585,5585,378,0,,,,,5916,267,38378,2428,38378,2428,,,,,36468,1972,40793,2305
4/20/20,SC,B,120,,0,,776,776,,0,,,36103,0,,,,,,4377,4377,0,0,,,,,,2063,,0,40480,0,,,,,,0,,0
4/20/20,SD,A,7,,0,,87,87,,13,,,10641,214,,,,,,1685,,50,0,,,,,,709,,0,12326,264,,,,,12326,264,,0
4/20/20,TN,A,152,,4,,730,730,505,6,,,93451,3423,,,,,,7238,,168,0,,,,,,3575,,0,100689,3591,,,,,,0,,0
4/20/20,TX,A,495,,18,,,,1411,0,,,229734,2827,,,,,,19458,19458,535,0,,,,,25388,5706,,0,249192,3362,,,,,,0,249192,3362
4/20/20,UT,A,28,,1,,268,268,,9,,,68442,2905,,,70836,,,3213,3213,144,0,,,,,3501,776,,0,74337,3158,,,,,71723,2987,74337,3158
4/20/20,VA,A,300,,23,,1422,1422,1296,126,,396,47745,1549,,,,,237,8990,,453,0,,,,,12913,1324,73105,2439,73105,2439,,,,,,0,,0
4/20/20,VI,,3,,0,,,,,0,,,554,6,,,,,,53,,0,0,,,,,,48,,0,607,6,,,,,,0,,0
4/20/20,VT,A,38,,0,,,,49,0,,,10695,181,,,,,,817,817,4,0,,,,,,15,,0,12788,307,,,,,11512,185,12788,307
4/20/20,WA,C,629,,14,,,,403,0,,122,157104,4634,,,,,,12537,12537,176,0,,,,,,,170027,4968,170027,4968,,,,,161504,4388,,0
4/20/20,WI,A,230,,10,,1211,1211,357,21,307,142,46603,1280,,,,,,5353,4499,177,0,,,,,,,55407,1326,55407,1326,,,,,,0,,0
4/20/20,WV,B,24,,6,,,,77,0,,37,21253,2085,,,,,23,902,902,39,0,,,,,,290,,0,22155,2124,,,,,,0,,0
4/20/20,WY,A,2,,0,,51,51,19,1,,,7073,101,,,7736,,,428,317,2,0,,,,,347,233,,0,8083,299,,,,,,0,8083,299
4/19/20,AK,A,9,,0,,37,37,37,0,,,9576,235,,,,,,319,,5,0,,,,,,153,,0,9895,240,,,,,,0,9895,240
4/19/20,AL,B,154,,8,,641,641,360,21,260,,40875,2992,,,,157,,4837,4837,182,0,,,,,,,,0,45712,3174,,,,,45712,3174,,0
4/19/20,AR,A,40,,2,,291,291,88,0,,,22428,26,,,,57,25,1781,1781,42,0,,,,,,721,,0,24209,68,,,,,,0,24209,68
4/19/20,AS,,,,0,,,,,0,,,3,0,,,,,,0,0,0,0,,,,,,,,0,3,0,,,,,,0,3,0
4/19/20,AZ,B,184,,7,,1387,1387,631,46,,283,48061,1735,,,,,187,4929,,210,0,,,,,,994,,0,65652,981,,,,,52990,1945,65652,981
4/19/20,CA,B,1166,,94,,,,4731,0,,1457,250567,19864,,,,,,30333,,1370,0,,,,,,,,0,280900,21234,,,,,,0,280900,21234
4/19/20,CO,A,422,,11,,1813,1813,874,16,,,36465,1292,,,,,,9730,,297,0,,,,,,,51291,1826,51291,1826,,,,,46195,1589,,0
4/19/20,CT,A,1086,671,50,,,,1938,0,,,40663,2010,,,,,,17550,,741,0,,,,,,,,0,58213,2751,,,,,,0,58213,2751
4/19/20,DC,A,96,,5,,,,313,0,,105,10906,304,,,,,79,2793,,127,0,,,,,,622,13699,431,13699,431,,,,,,0,,0
4/19/20,DE,A,90,80,4,10,,,249,0,,,12256,562,,,,,,2538,,215,0,,,,,3465,466,20985,791,20985,791,,,,,,0,,0
4/19/20,FL,A,781,,27,,3930,3930,,88,,,230083,8825,,,,,,24647,,741,0,,,,,,,248903,9158,248903,9158,,,,,,0,,0
4/19/20,GA,A,687,,14,,3464,3464,,44,,,61632,5093,,,,,,18301,,632,0,,,,,14613,,,0,83327,3977,,,,,,0,83327,3977
4/19/20,GU,,5,,0,,,,6,0,,2,943,0,,,,,,133,133,0,0,,,,,,112,,0,1076,0,,,,,,0,,0
4/19/20,HI,A,9,,0,,51,51,,3,,,22896,1106,,,,,,574,,21,0,,,,,516,410,24096,942,24096,942,,,,,,0,,0
4/19/20,IA,A,75,,1,,,,198,0,,86,21648,1214,,,,,54,2902,2902,389,0,,,,,,1171,,0,24550,1603,,,,,,0,,0
4/19/20,ID,A,44,,1,,151,151,43,0,53,,15773,481,,,,,,1668,,13,0,,,,,,520,,0,17441,494,,,,,17441,494,,0
4/19/20,IL,A,1290,,31,,,,4314,0,,1196,112961,4717,,,,,749,30357,,1197,0,,,,,,,,0,143318,5914,,,,,,0,,0
4/19/20,IN,B,562,,17,,,,,0,,649,49932,3700,,,,,342,11210,,569,0,,,,,11413,,,0,79500,2006,,,,,,0,79500,2006
4/19/20,KS,B,92,,6,,390,390,,7,,,16281,395,,,,,,1849,,59,0,,,,,,,,0,18130,454,,,,,,0,,0
4/19/20,KY,A,144,,7,,1059,1059,274,51,534,155,29518,1444,,,,,,2707,,185,0,,,,,,1174,,0,32225,1629,,,,,,0,32225,1629
4/19/20,LA,A,1296,,29,,,,1748,0,,,111420,-2999,,,,,349,23928,23928,348,0,,,,,,,,0,135348,-2651,,,,,,0,,0
4/19/20,MA,B,2146,,163,,3789,3789,3789,61,,987,129295,4691,,,,,,39820,,2293,0,,,,,48441,,,0,207288,5596,,,,,,0,207288,5596
4/19/20,MD,A,626,592,44,34,2886,2886,,129,,,55061,1999,,,,,,12830,12830,522,0,,,,,15669,914,,0,75989,2739,,,,,,0,75989,2739
4/19/20,ME,A,34,,2,,136,136,46,0,,18,14076,0,,,,,9,867,867,20,0,,,,,,393,,0,14943,20,,,,,,0,,0
4/19/20,MI,B,3236,3178,129,160,,,3403,0,,1344,89758,2644,,,89758,,1115,37557,36293,528,0,,,,,40919,3237,,0,127315,3172,,,,,,0,130677,3286
4/19/20,MN,A,134,,13,,574,574,228,13,226,116,46288,1106,,,,,,2914,2914,126,0,,,,,,1026,49202,1232,49202,1232,,,,,,0,,0
4/19/20,MO,A,176,,1,,,,875,0,,,48242,0,,9,50308,,,5667,5667,150,0,,,2,,6457,,,0,56834,2327,,,11,,,0,56834,2327
4/19/20,MP,,2,,0,,,,,0,,,42,0,,,,,,14,,0,0,,,,,,9,,0,56,0,,,,,,0,,0
4/19/20,MS,A,159,,7,,808,808,,26,,138,34791,0,,,,,79,4274,,300,0,,,,,,,,0,39065,300,,,,,,0,,0
4/19/20,MT,A,10,,0,,55,55,18,0,,,10465,322,,,,,,433,,7,0,,,,,,243,,0,10898,329,,,,,,0,10898,329
4/19/20,NC,A,172,,8,,,,465,0,,,72279,2208,,,,,,6493,,353,0,,,,,,,,0,78772,2561,,,,,,0,,0
4/19/20,ND,B,10,,1,,51,51,15,4,,,13045,610,,,,,,584,584,56,0,,,,,,189,14257,932,14257,932,,,,,13277,818,14458,955
4/19/20,NE,A,28,,4,,,,,0,,,13288,749,,,14558,,,1287,,149,0,,,,,1385,,,0,16066,1064,,,,,14652,899,16066,1064
4/19/20,NH,B,38,,1,,192,192,85,2,,,12082,517,,,,,,1342,,55,0,,,,,,513,,0,14701,601,,,,,,0,14701,601
4/19/20,NJ,A,5310,4202,171,1108,,,7494,0,,1940,85387,4271,,,,,1628,85301,85301,3881,0,,,,,,,,0,170688,8152,,,,,170688,8152,,0
4/19/20,NM,A,55,,2,,274,274,103,16,,,35197,363,,,,,,1845,,47,0,,,,,,487,,0,37042,410,,,,,,0,,0
4/19/20,NV,A,172,,4,,,,,0,,,27870,745,,,,,,3728,3728,102,0,,,,,,,36007,810,36007,810,,,,,,0,38668,1270
4/19/20,NY,A,13869,,507,,64550,64550,16213,1447,,4878,374769,14969,,,,,,242786,242786,6054,0,,,,,,37596,617555,21023,617555,21023,,,,,,0,,0
4/19/20,OH,B,471,453,20,18,2565,2565,,46,765,,75697,6878,,,,,,11602,11292,1380,0,,,,,,,,0,87299,8258,,,,,,0,,0
4/19/20,OK,B,140,,1,,541,541,307,0,,136,32966,0,,,,,,2599,2599,29,0,,,,,,1575,,0,35565,29,,,,,,0,,0
4/19/20,OR,A,74,,2,,456,456,290,7,,74,37128,1389,,,36703,,37,1910,,66,0,,,,,5326,,,0,42029,2388,,,,,,0,42029,2388
4/19/20,PA,A,1112,,276,,,,2634,0,,,126570,3674,,,,,657,32284,,1215,0,,,,,,,,0,158854,4889,,,,,158854,4889,,0
4/19/20,PR,A,62,,2,,,,160,0,,,8280,225,,,,,,1213,,95,0,,,,,,,,0,9493,320,,,,,,0,,0
4/19/20,RI,B,164,,14,,605,605,298,27,,66,29289,1762,,,32968,,37,5207,5207,339,0,,,,,5520,244,35950,2046,35950,2046,,,,,34496,2101,38488,2441
4/19/20,SC,B,120,,1,,776,776,,0,,,36103,1516,,,,,,4377,4377,131,0,,,,,,2633,,0,40480,1647,,,,,,0,,0
4/19/20,SD,A,7,,0,,74,74,,6,,,10427,309,,,,,,1635,,93,0,,,,,,646,,0,12062,402,,,,,12062,402,,0
4/19/20,TN,A,148,,3,,724,724,393,5,,,90028,6204,,,,,,7070,,308,0,,,,,,3344,,0,97098,6512,,,,,,0,,0
4/19/20,TX,A,477,,24,,,,1471,0,,,226907,5651,,,,,,18923,18923,663,0,,,,,25049,5334,,0,245830,6314,,,,,,0,245830,6314
4/19/20,UT,A,27,,2,,259,259,,8,,,65537,4038,,,67781,,,3069,3069,138,0,,,,,3398,679,,0,71179,4364,,,,,68736,4158,71179,4364
4/19/20,VA,A,277,,19,,1296,1296,1319,75,,388,46196,2318,,,,,231,8537,,484,0,,,,,12352,1267,70666,2706,70666,2706,,,,,,0,,0
4/19/20,VI,,3,,0,,,,,0,,,548,158,,,,,,53,,0,0,,,,,,48,,0,601,158,,,,,,0,,0
4/19/20,VT,A,38,,0,,,,53,0,,,10514,168,,,,,,813,813,11,0,,,,,,15,,0,12481,295,,,,,11327,179,12481,295
4/19/20,WA,C,615,,17,,,,586,0,,193,152470,1871,,,,,,12361,12361,347,0,,,,,,,165059,1967,165059,1967,,,,,157116,1677,,0
4/19/20,WI,A,220,,9,,1190,1190,357,14,307,137,45323,1361,,,,,,5176,4346,163,0,,,,,,,54081,1990,54081,1990,,,,,,0,,0
4/19/20,WV,B,18,,2,,,,72,0,,37,19168,513,,,,,25,863,863,78,0,,,,,,265,,0,20031,591,,,,,,0,,0
4/19/20,WY,A,2,,0,,50,50,19,0,,,6972,755,,,7446,,,426,313,4,0,,,,,338,227,,0,7784,83,,,,,,0,7784,83
4/18/20,AK,A,9,,0,,37,37,39,0,,,9341,200,,,,,,314,,5,0,,,,,,147,,0,9655,205,,,,,,0,9655,205
4/18/20,AL,B,146,,2,,620,620,359,26,247,,37883,4565,,,,148,,4655,4655,125,0,,,,,,,,0,42538,4690,,,,,42538,4690,,0
4/18/20,AR,A,38,,1,,291,291,86,161,,,22402,603,,,,57,22,1739,1739,44,0,,,,,,703,,0,24141,647,,,,,,0,24141,647
4/18/20,AS,,,,0,,,,,0,,,3,0,,,,,,0,0,0,0,,,,,,,,0,3,0,,,,,,0,3,0
4/18/20,AZ,B,177,,8,,1341,1341,566,52,,285,46326,1603,,,,,178,4719,,212,0,,,,,,539,,0,64671,2458,,,,,51045,1815,64671,2458
4/18/20,CA,B,1072,,87,,,,4936,0,,1490,230703,6617,,,,,,28963,,1435,0,,,,,,,,0,259666,8052,,,,,,0,259666,8052
4/18/20,CO,A,411,,20,,1797,1797,874,42,,,35173,913,,,,,,9433,,386,0,,,,,,,49465,1581,49465,1581,,,,,44606,1299,,0
4/18/20,CT,A,1036,602,0,,,,1946,0,,,38653,0,,,,,,16809,,0,0,,,,,,,,0,55462,0,,,,,,0,55462,2340
4/18/20,DC,A,91,,5,,,,313,0,,105,10602,435,,,,,79,2666,,190,0,,,,,,608,13268,625,13268,625,,,,,,0,,0
4/18/20,DE,A,86,77,10,9,,,224,0,,,11694,0,,,,,,2323,,0,0,,,,,3258,423,20194,971,20194,971,,,,,,0,,0
4/18/20,FL,A,754,,55,,3842,3842,,177,,,221258,10540,,,,,,23906,,1083,0,,,,,,,239745,12795,239745,12795,,,,,,0,,0
4/18/20,GA,A,673,,23,,3420,3420,,96,,,56539,2049,,,,,,17669,,475,0,,,,,14183,,,0,79350,7664,,,,,,0,79350,7664
4/18/20,GU,,5,,0,,,,6,0,,2,943,3,,,,,,133,,0,0,,,,,,110,,0,1076,3,,,,,,0,,0
4/18/20,HI,A,9,,0,,48,48,,3,,,21790,474,,,,,,553,,12,0,,,,,496,390,23154,716,23154,716,,,,,,0,,0
4/18/20,IA,A,74,,10,,,,193,0,,84,20434,974,,,,,51,2513,2513,181,0,,,,,,1095,,0,22947,1155,,,,,,0,,0
4/18/20,ID,A,43,,2,,151,151,53,3,53,,15292,249,,,,,,1655,,46,0,,,,,,453,,0,16947,295,,,,,16947,295,,0
4/18/20,IL,A,1259,,125,,,,4340,0,,1192,108244,5656,,,,,740,29160,,1585,0,,,,,,,,0,137404,7241,,,,,,0,,0
4/18/20,IN,B,545,,26,,,,,0,,663,46232,1601,,,,,360,10641,,487,0,,,,,11160,,,0,77494,4831,,,,,,0,77494,4831
4/18/20,KS,B,86,,2,,383,383,,8,,,15886,690,,,,,,1790,,85,0,,,,,,,,0,17676,775,,,,,,0,,0
4/18/20,KY,A,137,,8,,1008,1008,360,37,514,227,28074,756,,,,,,2522,,93,0,,,,,,979,,0,30596,849,,,,,,0,30596,849
4/18/20,LA,A,1267,,54,,,,1761,0,,,114419,5550,,,,,347,23580,23580,462,0,,,,,,,,0,137999,6012,,,,,,0,,0
4/18/20,MA,B,1983,,161,,3728,3728,3728,-28,,987,124604,7409,,,,,,37527,,2402,0,,,,,47174,,,0,201692,7478,,,,,,0,201692,7478
4/18/20,MD,A,582,550,41,32,2757,2757,,145,,,53062,2625,,,,,,12308,12308,736,0,,,,,15055,771,,0,73250,3776,,,,,,0,73250,3776
4/18/20,ME,A,32,,3,,136,136,49,3,,20,14076,0,,,,,12,847,847,20,0,,,,,,382,,0,14923,20,,,,,,0,,0
4/18/20,MI,B,3107,3076,123,152,,,3634,0,,1423,87114,3846,,,87114,,1203,37029,35789,709,0,,,,,40277,3237,,0,124143,4555,,,,,,0,127391,4884
4/18/20,MN,A,121,,10,,561,561,239,43,215,111,45182,1362,,,,,,2788,2788,120,0,,,,,,997,47970,1482,47970,1482,,,,,,0,,0
4/18/20,MO,A,175,,10,,,,875,0,,,48242,1808,,7,48182,,,5517,5517,234,0,,,1,,6260,,,0,54507,2063,,,8,,,0,54507,2063
4/18/20,MP,,2,,0,,,,,0,,,42,0,,,,,,14,,1,0,,,,,,9,,0,56,1,,,,,,0,,0
4/18/20,MS,A,152,,12,,782,782,,46,,154,34791,0,,,,,99,3974,,181,0,,,,,,,,0,38765,181,,,,,,0,,0
4/18/20,MT,A,10,,2,,55,55,17,1,,,10143,321,,,,,,426,,4,0,,,,,,234,,0,10569,325,,,,,,0,10569,325
4/18/20,NC,A,164,,12,,,,388,0,,,70071,2949,,,,,,6140,,281,0,,,,,,,,0,76211,3230,,,,,,0,,0
4/18/20,ND,B,9,,0,,47,47,13,0,,,12435,532,,,,,,528,528,90,0,,,,,,183,13325,696,13325,696,,,,,12459,634,13503,713
4/18/20,NE,A,24,,0,,,,,0,,,12539,501,,,13651,,,1138,,72,0,,,,,1231,,,0,15002,525,,,,,13753,580,15002,525
4/18/20,NH,B,37,,0,,190,190,86,0,,,11565,144,,,,,,1287,,0,0,,,,,,468,,0,14100,565,,,,,,0,14100,565
4/18/20,NJ,A,5139,4070,286,1069,,,7718,0,,2024,81116,2134,,,,,1641,81420,81420,2953,0,,,,,,,,0,162536,5087,,,,,162536,5087,,0
4/18/20,NM,A,53,,2,,258,258,92,16,,,34834,932,,,,,,1798,,87,0,,,,,,465,,0,36632,1019,,,,,,0,,0
4/18/20,NV,A,168,,6,,,,,0,,,27125,887,,,,,,3626,3626,102,0,,,,,,,35197,1316,35197,1316,,,,,,0,37398,1443
4/18/20,NY,A,13362,,540,,63103,63103,16967,1983,,4996,359800,16219,,,,,,236732,236732,7090,0,,,,,,35458,596532,23309,596532,23309,,,,,,0,,0
4/18/20,OH,B,451,434,33,17,2519,2519,,95,760,,68819,0,,,,,,10222,9939,1115,0,,,,,,,,0,79041,1115,,,,,,0,,0
4/18/20,OK,B,139,,3,,541,541,307,13,,136,32966,1811,,,,,,2570,2570,105,0,,,,,,1515,,0,35536,1916,,,,,,0,,0
4/18/20,OR,A,72,,2,,449,449,290,22,,74,35739,1203,,,34536,,37,1844,,59,0,,,,,5105,,,0,39641,2058,,,,,,0,39641,2058
4/18/20,PA,A,836,,80,,,,2613,0,,,122896,4964,,,,,660,31069,,1628,0,,,,,,,,0,153965,6592,,,,,153965,6592,,0
4/18/20,PR,A,60,,2,,,,165,0,,,8055,191,,,,,,1118,,50,0,,,,,,,,0,9173,241,,,,,,0,,0
4/18/20,RI,B,150,,32,,578,578,293,247,,67,27527,1370,,,30909,,43,4868,4868,283,0,,,,,5138,217,33904,2125,33904,2125,,,,,32395,1653,36047,2050
4/18/20,SC,B,119,,10,,776,776,,101,,,34587,2234,,,,,,4246,4246,315,0,,,,,,2633,,0,38833,2549,,,,,,0,,0
4/18/20,SD,A,7,,0,,68,68,,5,,,10118,467,,,,,,1542,,131,0,,,,,,552,,0,11660,598,,,,,11660,598,,0
4/18/20,TN,A,145,,3,,719,719,593,8,,,83824,3140,,,,,,6762,,173,0,,,,,,3234,,0,90586,3313,,,,,,0,,0
4/18/20,TX,A,453,,25,,,,1321,0,,,221256,11964,,,,,,18260,18260,889,0,,,,,24534,4806,,0,239516,12853,,,,,,0,239516,12853
4/18/20,UT,A,25,,2,,251,251,,7,,,61499,4258,,,63547,,,2931,2931,126,0,,,,,3268,565,,0,66815,4664,,,,,64578,4438,66815,4664
4/18/20,VA,A,258,,27,,1221,1221,1307,107,,398,43878,2372,,,,,230,8053,,562,0,,,,,11808,1228,67960,3305,67960,3305,,,,,,0,,0
4/18/20,VI,,3,,1,,,,,0,,,390,17,,,,,,53,,2,0,,,,,,46,,0,443,19,,,,,,0,,0
4/18/20,VT,A,38,,3,,,,56,0,,,10346,292,,,,,,802,802,10,0,,,,,,15,,0,12186,502,,,,,11148,302,12186,502
4/18/20,WA,C,598,,13,,,,518,0,,155,150599,2393,,,,,,12014,12014,309,0,,,,,,,163092,2568,163092,2568,,,,,155439,2246,,0
4/18/20,WI,A,211,,6,,1176,1176,361,23,307,136,43962,1597,,,,,,5013,4199,174,0,,,,,,,52091,2108,52091,2108,,,,,,0,,0
4/18/20,WV,B,16,,3,,,,83,0,,40,18655,728,,,,,27,785,785,31,0,,,,,,255,,0,19440,759,,,,,,0,,0
4/18/20,WY,A,2,,0,,50,50,19,7,,,6217,86,,,7367,,,422,309,10,0,,,,,334,206,,0,7701,99,,,,,,0,7701,99
4/17/20,AK,A,9,,0,,37,37,,1,,,9141,706,,,,,,309,,9,0,,,,,,128,,0,9450,715,,,,,,0,9450,715
4/17/20,AL,B,144,,11,,594,594,364,41,247,,33318,1272,,,,148,,4530,4530,185,0,,,,,,,,0,37848,1457,,,,,37848,1457,,0
4/17/20,AR,A,37,,0,,130,130,83,0,,,21799,744,,,,39,21,1695,1695,75,0,,,,,,593,,0,23494,819,,,,,,0,23494,819
4/17/20,AS,,,,0,,,,,0,,,3,0,,,,,,0,0,0,0,,,,,,,,0,3,0,,,,,,0,3,0
4/17/20,AZ,B,169,,19,,1289,1289,566,31,,285,44723,1559,,,,,178,4507,,273,0,,,,,,539,,0,62213,2335,,,,,49230,1832,62213,2335
4/17/20,CA,B,985,,95,,,,4892,0,,1484,224086,3868,,,,,,27528,,1346,0,,,,,,,,0,251614,5214,,,,,,0,251614,5214
4/17/20,CO,A,391,,17,,1755,1755,843,62,,,34260,1105,,,,,,9047,,372,0,,,,,,,47884,1706,47884,1706,,,,,43307,1477,,0
4/17/20,CT,A,1036,554,65,,,,1946,0,,,38653,1415,,,,,,16809,,925,0,,,,,,,,0,55462,2340,,,,,,0,53122,2979
4/17/20,DC,A,86,,5,,,,313,0,,105,10167,367,,,,,79,2476,,126,0,,,,,,573,12643,493,12643,493,,,,,,0,,0
4/17/20,DE,A,76,67,6,9,,,224,0,,,11694,419,,,,,,2323,,248,0,,,,,2925,423,19223,714,19223,714,,,,,,0,,0
4/17/20,FL,A,699,,53,,3665,3665,,205,,,210718,14367,,,,,,22823,,1199,0,,,,,,,226950,15461,226950,15461,,,,,,0,,0
4/17/20,GA,A,650,,63,,3324,3324,,216,,,54490,2220,,,,,,17194,,1525,0,,,,,13002,,,0,71686,1920,,,,,,0,71686,1920
4/17/20,GU,,5,,0,,,,6,0,,2,940,70,,,,,,133,,0,0,,,,,,97,,0,1073,70,,,,,,0,,0
4/17/20,HI,A,9,,0,,45,45,,0,,,21316,1146,,,,,,541,,11,0,,,,,487,374,22438,1292,22438,1292,,,,,,0,,0
4/17/20,IA,A,64,,4,,,,183,0,,88,19460,926,,,,,52,2332,2332,191,0,,,,,,1007,,0,21792,1117,,,,,,0,,0
4/17/20,ID,A,41,,0,,148,148,58,5,51,,15043,388,,,,,,1609,,22,0,,,,,,390,,0,16652,410,,,,,16652,410,,0
4/17/20,IL,A,1134,,62,,,,4454,0,,1196,102588,5732,,,,,777,27575,,1842,0,,,,,,,,0,130163,7574,,,,,,0,,0
4/17/20,IN,B,519,,42,,,,,0,,638,44631,3058,,,,,417,10154,,612,0,,,,,10524,,,0,72663,4545,,,,,,0,72663,4545
4/17/20,KS,B,84,,4,,375,375,,16,,,15196,662,,,,,,1705,,117,0,,,,,,,,0,16901,779,,,,,,0,,0
4/17/20,KY,A,129,,7,,971,971,477,164,506,333,27318,1285,,,,,,2429,,138,0,,,,,,956,,0,29747,1423,,,,,,0,29747,1423
4/17/20,LA,A,1213,,57,,,,1868,0,,,108869,4815,,,,,363,23118,23118,586,0,,,,,,,,0,131987,5401,,,,,,0,,0
4/17/20,MA,B,1822,,155,,3756,3756,3756,30,,987,117195,7097,,,,,,35125,,2633,0,,,,,45466,,,0,194214,13125,,,,,,0,194214,13125
4/17/20,MD,A,541,512,42,29,2612,2612,,161,,,50437,2378,,,,,,11572,11572,788,0,,,,,14075,736,,0,69474,3439,,,,,,0,69474,3439
4/17/20,ME,A,29,,2,,133,133,55,3,,28,14076,0,,,,,8,827,827,31,0,,,,,,352,,0,14903,31,,,,,,0,,0
4/17/20,MI,B,2984,2955,143,148,,,3674,0,,1428,83268,4994,,,83268,,1167,36320,35118,865,0,,,,,39239,629,,0,119588,5859,,,,,,0,122507,6067
4/17/20,MN,A,111,,17,,518,518,223,43,202,106,43820,1284,,,,,,2668,2668,182,0,,,,,,955,46488,1466,46488,1466,,,,,,0,,0
4/17/20,MO,A,165,,13,,,,1043,0,,,46434,897,,3,46360,,,5283,5283,172,0,,,0,,6022,,,0,52444,2042,,,3,,,0,52444,2042
4/17/20,MP,,2,,0,,,,,0,,,42,15,,,,,,13,,0,0,,,,,,,,0,55,15,,,,,,0,,0
4/17/20,MS,A,140,,11,,736,736,,54,,154,34791,0,,,,,99,3793,,169,0,,,,,,,,0,38584,169,,,,,,0,,0
4/17/20,MT,A,8,,1,,54,54,21,2,,,9822,301,,,,,,422,,7,0,,,,,,233,,0,10244,308,,,,,,0,10244,308
4/17/20,NC,A,152,,21,,,,429,0,,,67122,1670,,,,,,5859,,394,0,,,,,,,,0,72981,2064,,,,,,0,,0
4/17/20,ND,B,9,,0,,47,47,16,2,,,11903,592,,,,,,438,438,46,0,,,,,,172,12629,819,12629,819,,,,,11825,711,12790,858
4/17/20,NE,A,24,,3,,,,,0,,,12038,696,,,13197,,,1066,,114,0,,,,,1160,,,0,14477,790,,,,,13173,849,14477,790
4/17/20,NH,B,37,,5,,190,190,74,12,,,11421,394,,,,,,1287,,148,0,,,,,,455,,0,13535,410,,,,,,0,13535,410
4/17/20,NJ,A,4853,3840,364,1013,,,8011,0,,1961,78982,2469,,,,,1594,78467,78467,3150,0,,,,,,,,0,157449,5619,,,,,157449,5619,,0
4/17/20,NM,A,51,,7,,242,242,96,12,,,33902,1011,,,,,,1711,,114,0,,,,,,382,,0,35613,1125,,,,,,0,,0
4/17/20,NV,A,162,,4,,,,,0,,,26238,1108,,,,,,3524,3524,203,0,,,,,,,33881,1135,33881,1135,,,,,,0,35955,1451
4/17/20,NY,A,12822,,630,,61120,61120,17316,2068,,5039,343581,15286,,,,,,229642,229642,7358,0,,,,,,33392,573223,22644,573223,22644,,,,,,0,,0
4/17/20,OH,B,418,401,29,17,2424,2424,,93,740,,68819,2393,,,,,,9107,8858,693,0,,,,,,,,0,77926,3086,,,,,,0,,0
4/17/20,OK,B,136,,5,,528,528,325,0,,155,31155,2613,,,,,,2465,2465,108,0,,,,,,1331,,0,33620,2721,,,,,,0,,0
4/17/20,OR,A,70,,6,,427,427,301,13,,69,34536,1334,,,32635,,41,1785,,49,0,,,,,4948,,,0,37583,2300,,,,,,0,37583,2300
4/17/20,PA,A,756,,49,,,,2603,0,,,117932,4197,,,,,661,29441,,1706,0,,,,,,,,0,147373,5903,,,,,147373,5903,,0
4/17/20,PR,A,58,,2,,,,,0,,,7864,549,,,,,,1068,,25,0,,,,,,,,0,8932,574,,,,,,0,,0
4/17/20,RI,B,118,,13,,331,331,252,0,,62,26157,1500,,,29181,,43,4585,4585,290,0,,,,,4816,196,31779,2941,31779,2941,,,,,30742,1790,33997,2131
4/17/20,SC,B,109,,2,,675,675,,0,,,32353,1276,,,,,,3931,3931,275,0,,,,,,,,0,36284,1551,,,,,,0,,0
4/17/20,SD,A,7,,0,,63,63,,8,,,9651,412,,,,,,1411,,100,0,,,,,,457,,0,11062,512,,,,,11062,512,,0
4/17/20,TN,A,142,,1,,711,711,465,20,,,80684,1897,,,,,,6589,,327,0,,,,,,3017,,0,87273,2224,,,,,,0,,0
4/17/20,TX,A,428,,35,,,,1522,0,,,209292,11731,,,,,,17371,17371,916,0,,,,,23484,4190,,0,226663,12647,,,,,,0,226663,12647
4/17/20,UT,A,23,,2,,244,244,,6,,,57241,3931,,,59076,,,2805,2805,122,0,,,,,3075,443,,0,62151,4261,,,,,60140,4045,62151,4261
4/17/20,VA,A,231,,23,,1114,1114,1308,66,,400,41506,1951,,,,,224,7491,,602,0,,,,,11200,1110,64655,3271,64655,3271,,,,,,0,,0
4/17/20,VI,,2,,1,,,,,0,,,373,16,,,,,,51,,0,0,,,,,,46,,0,424,16,,,,,,0,,0
4/17/20,VT,A,35,,0,,,,32,0,,,10054,471,,,,,,792,792,13,0,,,,,,15,,0,11684,551,,,,,10846,484,11684,551
4/17/20,WA,C,585,,14,,,,622,0,,195,148206,4772,,,,,,11705,11705,329,0,,,,,,,160524,5123,160524,5123,,,,,153193,4452,,0
4/17/20,WI,A,205,,8,,1153,1153,361,32,306,141,42365,1391,,,,,348,4839,4045,203,0,,,,,,,49983,1965,49983,1965,,,,,,0,,0
4/17/20,WV,B,13,,0,,,,85,0,,34,17927,360,,,,,24,754,754,15,0,,,,,,223,,0,18681,375,,,,,,0,,0
4/17/20,WY,A,2,,0,,43,43,19,0,,,6131,0,,,7272,,,412,305,11,0,,,,,330,148,,0,7602,296,,,,,,0,7602,296
4/16/20,AK,A,9,,0,,36,36,,3,,,8435,64,,,,,,300,,7,0,,,,,,110,,0,8735,71,,,,,,0,8735,71
4/16/20,AL,B,133,,12,,553,553,360,28,227,,32046,2082,,,,137,,4345,4345,232,0,,,,,,,,0,36391,2314,,,,,36391,2314,,0
4/16/20,AR,A,37,,4,,130,130,85,0,,,21055,790,,,,39,21,1620,1620,51,0,,,,,,548,,0,22675,841,,,,,,0,22675,841
4/16/20,AS,,,,0,,,,,0,,,3,0,,,,,,0,0,0,0,,,,,,,,0,3,0,,,,,,0,3,0
4/16/20,AZ,B,150,,8,,1258,1258,578,45,,278,43164,1816,,,,,188,4234,,272,0,,,,,,460,,0,59878,2216,,,,,47398,2088,59878,2216
4/16/20,CA,B,890,,69,,,,5031,0,,1568,220218,28156,,,,,,26182,,1758,0,,,,,,,,0,246400,29914,,,,,,0,246400,29914
4/16/20,CO,A,374,,17,,1693,1693,858,57,,,33155,902,,,,,,8675,,395,0,,,,,,,46178,1495,46178,1495,,,,,41830,1297,,0
4/16/20,CT,A,971,494,103,,,,1926,0,,,37238,1850,,,,,,15884,,1129,0,,,,,,,,0,53122,2979,,,,,,0,50143,4302
4/16/20,DC,A,81,,9,,,,313,0,,105,9800,472,,,,,79,2350,,153,0,,,,,,552,12150,625,12150,625,,,,,,0,,0
4/16/20,DE,A,70,61,3,9,,,209,0,,,11275,187,,,,,,2075,,61,0,,,,,2754,378,18509,715,18509,715,,,,,,0,,0
4/16/20,FL,A,646,,37,,3460,3460,,116,,,196351,5353,,,,,,21624,,897,0,,,,,,,211489,9625,211489,9625,,,,,,0,,0
4/16/20,GA,A,587,,35,,3108,3108,,186,,,52270,3167,,,,,,15669,,682,0,,,,,12763,,,0,69766,4534,,,,,,0,69766,4534
4/16/20,GU,,5,,0,,,,9,0,,,870,27,,,,,,133,,0,0,,,,,,86,,0,1003,27,,,,,,0,,0
4/16/20,HI,A,9,,0,,45,45,,0,,,20170,884,,,,,,530,,13,0,,,,,478,359,21146,905,21146,905,,,,,,0,,0
4/16/20,IA,A,60,,7,,,,175,0,,84,18534,660,,,,,48,2141,2141,146,0,,,,,,987,,0,20675,806,,,,,,0,,0
4/16/20,ID,A,41,,2,,143,143,70,2,46,,14655,721,,,,,,1587,,123,0,,,,,,,,0,16242,844,,,,,16242,844,,0
4/16/20,IL,A,1072,,124,,,,4423,0,,1248,96856,4520,,,,,797,25733,,1140,0,,,,,,,,0,122589,5660,,,,,,0,,0
4/16/20,IN,B,477,,41,,,,,0,,696,41573,2132,,,,,426,9542,,587,0,,,,,9939,,,0,68118,3813,,,,,,0,68118,3813
4/16/20,KS,B,80,,4,,359,359,,17,,,14534,1360,,,,,,1588,,94,0,,,,,,,,0,16122,1454,,,,,,0,,0
4/16/20,KY,A,122,,7,,807,807,412,120,367,252,26033,546,,,,,,2291,,81,0,,,,,,862,,0,28324,627,,,,,,0,28324,627
4/16/20,LA,A,1156,,53,,,,1914,0,,,104054,4077,,,,,396,22532,22532,581,0,,,,,,,,0,126586,4658,,,,,,0,,0
4/16/20,MA,B,1667,,165,,3726,3726,3726,89,,973,110098,7308,,,,,,32492,,2522,0,,,,,42142,,,0,181089,10706,,,,,,0,181089,10706
4/16/20,MD,A,499,471,30,28,2451,2451,,220,,,48059,2328,,,,,,10784,10784,752,0,,,,,13166,736,,0,66035,3578,,,,,,0,66035,3578
4/16/20,ME,A,27,,3,,130,130,47,4,,20,14076,0,,,,,7,796,796,26,0,,,,,,333,,0,14872,26,,,,,,0,,0
4/16/20,MI,B,2841,2836,169,140,,,3809,0,,1447,78274,4446,,,78274,,1211,35455,34298,922,0,,,,,38166,617,,0,113729,5368,,,,,,0,116440,5674
4/16/20,MN,A,94,,7,,475,475,213,30,188,103,42536,1291,,,,,,2486,2486,165,0,,,,,,926,45022,1456,45022,1456,,,,,,0,,0
4/16/20,MO,A,152,,5,,,,1043,0,,,45537,1420,,3,44563,,,5111,5111,216,0,,,0,,5781,,,0,50402,2169,,,3,,,0,50402,2169
4/16/20,MP,,2,,0,,,,,0,,,27,0,,,,,,13,,0,0,,,,,,,,0,40,0,,,,,,0,,0
4/16/20,MS,A,129,,7,,682,682,,37,,154,34791,0,,,,,99,3624,,264,0,,,,,,,,0,38415,264,,,,,,0,,0
4/16/20,MT,A,7,,0,,52,52,21,1,,,9521,342,,,,,,415,,11,0,,,,,,218,,0,9936,353,,,,,,0,9936,353
4/16/20,NC,A,131,,14,,,,452,0,,,65452,2748,,,,,,5465,,342,0,,,,,,,,0,70917,3090,,,,,,0,,0
4/16/20,ND,B,9,,0,,45,45,14,1,,,11311,359,,,,,,392,392,28,0,,,,,,163,11810,400,11810,400,,,,,11114,342,11932,413
4/16/20,NE,A,21,,1,,,,,0,,,11342,514,,,12519,,,952,,51,0,,,,,1055,,,0,13687,731,,,,,12324,567,13687,731
4/16/20,NH,B,32,,0,,178,178,70,0,,,11027,0,,,,,,1139,,0,0,,,,,,365,,0,13125,471,,,,,,0,13125,471
4/16/20,NJ,A,4489,3518,421,971,,,8224,0,,2014,76513,3522,,,,,1645,75317,75317,4287,0,,,,,,,,0,151830,7809,,,,,151830,7809,,0
4/16/20,NM,A,44,,8,,230,230,90,15,,,32891,981,,,,,,1597,,113,0,,,,,,353,,0,34488,1094,,,,,,0,,0
4/16/20,NV,A,158,,8,,,,,0,,,25130,686,,,,,,3321,3321,110,0,,,,,,,32746,1470,32746,1470,,,,,,0,34504,1067
4/16/20,NY,A,12192,,606,,59052,59052,17735,2084,,5071,328295,16062,,,,,,222284,222284,8505,0,,,,,,30800,550579,24567,550579,24567,,,,,,0,,0
4/16/20,OH,B,389,373,28,16,2331,2331,,94,707,,66426,2665,,,,,,8414,8239,623,0,,,,,,,,0,74840,3288,,,,,,0,,0
4/16/20,OK,B,131,,8,,528,528,236,18,,163,28542,1586,,,,,,2357,2357,94,0,,,,,,1240,,0,30899,1680,,,,,,0,,0
4/16/20,OR,A,64,,6,,414,414,307,13,,89,33202,1514,,,30476,,43,1736,,73,0,,,,,4807,,,0,35283,2422,,,,,,0,35283,2422
4/16/20,PA,A,707,,60,,,,2512,0,,,113735,2641,,,,,675,27735,,1245,0,,,,,,,,0,141470,3886,,,,,141470,3886,,0
4/16/20,PR,A,56,,5,,,,,0,,,7315,490,,,,,,1043,,69,0,,,,,,,,0,8358,559,,,,,,0,,0
4/16/20,RI,B,105,,18,,331,331,245,0,,61,24657,2090,,,27358,,43,4295,4295,392,0,,,,,4508,182,28838,2150,28838,2150,,,,,28952,2482,31866,2949
4/16/20,SC,B,107,,0,,675,675,,0,,,31077,0,,,,,,3656,3656,0,0,,,,,,,,0,34733,0,,,,,,0,,0
4/16/20,SD,A,7,,1,,55,55,,4,,,9239,548,,,,,,1311,,143,0,,,,,,373,,0,10550,691,,,,,10550,691,,0
4/16/20,TN,A,141,,6,,691,691,444,28,,,78787,3970,,,,,,6262,,183,0,,,,,,2786,,0,85049,4153,,,,,,0,,0
4/16/20,TX,A,393,,29,,,,1459,0,,,197561,10779,,,,,,16455,16455,963,0,,,,,22402,3677,,0,214016,11742,,,,,,0,214016,11742
4/16/20,UT,A,21,,1,,238,238,,17,,,53310,2831,,,54940,,,2683,2683,141,0,,,,,2950,357,,0,57890,3169,,,,,56095,2991,57890,3169
4/16/20,VA,A,208,,13,,1048,1048,1337,70,,427,39555,1886,,,,,238,6889,,389,0,,,,,10526,951,61384,3026,61384,3026,,,,,,0,,0
4/16/20,VI,,1,,0,,,,,0,,,357,26,,,,,,51,,0,0,,,,,,46,,0,408,26,,,,,,0,,0
4/16/20,VT,A,35,,5,,,,58,0,,,9583,257,,,,,,779,779,9,0,,,,,,15,,0,11133,365,,,,,10362,266,11133,365
4/16/20,WA,C,571,,20,,,,595,0,,196,143434,4393,,,,,,11376,11376,302,0,,,,,,,155401,4702,155401,4702,,,,,148741,4348,,0
4/16/20,WI,A,197,,15,,1121,1121,394,30,299,147,40974,1648,,,,,,4636,3875,183,0,,,,,,,48018,1774,48018,1774,,,,,,0,,0
4/16/20,WV,B,13,,3,,,,85,-164,,34,17567,613,,,,,24,739,739,37,0,,,,,,223,,0,18306,650,,,,,,0,,0
4/16/20,WY,A,2,,0,,43,43,19,0,,,6131,89,,,6983,,,401,296,8,0,,,,,323,148,,0,7306,240,,,,,,0,7306,240
4/15/20,AK,A,9,,0,,33,33,,0,,,8371,308,,,,,,293,,8,0,,,,,,106,,0,8664,316,,,,,,0,8664,316
4/15/20,AL,B,121,,11,,525,525,402,32,219,,29964,723,,,,134,,4113,4113,237,0,,,,,,,,0,34077,960,,,,,34077,960,,0
4/15/20,AR,A,33,,3,,130,130,83,0,43,,20265,614,,,,39,26,1569,1569,89,0,,,,,,489,,0,21834,703,,,,,,0,21834,703
4/15/20,AS,,,,0,,,,,0,,,3,0,,,,,,0,0,0,0,,,,,,,,0,3,0,,,,,,0,3,0
4/15/20,AZ,B,142,,11,,1213,1213,590,42,,286,41348,1058,,,,,202,3962,,156,0,,,,,,385,,0,57662,2171,,,,,45310,1214,57662,2171
4/15/20,CA,B,821,,63,,,,5163,0,,1175,192062,13192,,,,,,24424,,1086,0,,,,,,,,0,216486,14278,,,,,,0,216486,14278
4/15/20,CO,A,357,,28,,1636,1636,859,80,,,32253,614,,,,,,8280,,339,0,,,,,,,44683,1182,44683,1182,,,,,40533,953,,0
4/15/20,CT,A,868,448,197,,,,1908,0,,,35388,3536,,,,,,14755,,766,0,,,,,,,,0,50143,4302,,,,,,0,45841,1532
4/15/20,DC,A,72,,5,,,,313,0,,105,9328,102,,,,,79,2197,,139,0,,,,,,530,11525,241,11525,241,,,,,,0,,0
4/15/20,DE,A,67,59,7,8,,,208,0,,,11088,545,,,,,,2014,,253,0,,,,,2523,354,17794,491,17794,491,,,,,,0,,0
4/15/20,FL,A,609,,72,,3344,3344,,284,,,190998,9185,,,,,,20727,,592,0,,,,,,,201864,6421,201864,6421,,,,,,0,,0
4/15/20,GA,A,552,,51,,2922,2922,,153,,,49103,1531,,,,,,14987,,764,0,,,,,12071,,,0,65232,3424,,,,,,0,65232,3424
4/15/20,GU,,5,,0,,,,9,0,,2,843,32,,,,,2,133,,0,0,,,,,,73,,0,976,32,,,,,,0,,0
4/15/20,HI,A,9,,0,,45,45,,1,,,19286,370,,,,,,517,,13,0,,,,,462,333,20241,404,20241,404,,,,,,0,,0
4/15/20,IA,A,53,,4,,,,171,0,,78,17874,888,,,,,43,1995,1995,96,0,,,,,,908,,0,19869,984,,,,,,0,,0
4/15/20,ID,A,39,,6,,141,141,66,6,43,,13934,273,,,,,,1464,,11,0,,,,,,,,0,15398,284,,,,,15398,284,,0
4/15/20,IL,A,948,,80,,,,4283,0,,1189,92336,4967,,,,,796,24593,,1346,0,,,,,,,,0,116929,6313,,,,,,0,,0
4/15/20,IN,B,436,,48,,,,,0,,737,39441,1951,,,,,422,8955,,428,0,,,,,9391,,,0,64305,4061,,,,,,0,64305,4061
4/15/20,KS,B,76,,7,,342,342,,15,,,13174,453,,,,,,1494,,68,0,,,,,,,,0,14668,521,,,,,,0,,0
4/15/20,KY,A,115,,11,,687,687,305,14,263,137,25487,852,,,,,,2210,,162,0,,,,,,653,,0,27697,1014,,,,,,0,27697,1014
4/15/20,LA,A,1103,,90,,,,1943,0,,,99977,3073,,,,,425,21951,21951,433,0,,,,,,,,0,121928,3506,,,,,,0,,0
4/15/20,MA,B,1502,,173,,3637,3637,3637,21,,973,102790,3970,,,,,,29970,,1861,0,,,,,39345,,,0,170383,11653,,,,,,0,170383,11653
4/15/20,MD,A,469,441,48,28,2231,2231,,109,,,45731,1470,,,,,,10032,10032,560,0,,,,,12107,607,,0,62457,2406,,,,,,0,62457,2406
4/15/20,ME,A,24,,4,,126,126,48,2,,22,14076,2468,,,,,9,770,770,36,0,,,,,,305,,0,14846,2504,,,,,,0,,0
4/15/20,MI,B,2672,2701,140,135,,,3918,0,,1468,73828,3153,,,73828,,1212,34533,33448,920,0,,,,,36938,452,,0,108361,4073,,,,,,0,110766,4583
4/15/20,MN,A,87,,8,,445,445,197,40,175,93,41245,1540,,,,,,2321,2321,156,0,,,,,,853,43566,1696,43566,1696,,,,,,0,,0
4/15/20,MO,A,147,,14,,,,1024,0,,,44117,825,,3,42635,,,4895,4895,209,0,,,0,,5546,,,0,48233,2256,,,3,,,0,48233,2256
4/15/20,MP,,2,,0,,,,,0,,,27,0,,,,,,13,,0,0,,,,,,,,0,40,0,,,,,,0,,0
4/15/20,MS,A,122,,11,,645,645,,49,,154,34791,0,,,,,99,3360,,273,0,,,,,,,,0,38151,273,,,,,,0,,0
4/15/20,MT,A,7,,0,,51,51,21,1,,,9179,344,,,,,,404,,5,0,,,,,,209,,0,9583,349,,,,,,0,9583,349
4/15/20,NC,A,117,,9,,,,431,0,,,62704,2689,,,,,,5123,,99,0,,,,,,,,0,67827,2788,,,,,,0,,0
4/15/20,ND,B,9,,0,,44,44,13,2,,,10952,377,,,,,,364,364,23,0,,,,,,142,11410,340,11410,340,,,,,10772,280,11519,350
4/15/20,NE,A,20,,2,,,,,0,,,10828,342,,,11877,,,901,,30,0,,,,,972,,,0,12956,788,,,,,11757,373,12956,788
4/15/20,NH,B,32,,9,,178,178,70,26,,,11027,437,,,,,,1139,,119,0,,,,,,365,,0,12654,331,,,,,,0,12654,331
4/15/20,NJ,A,4068,3156,409,912,,,8270,0,,1980,72991,2041,,,,,1705,71030,71030,2206,0,,,,,,,,0,144021,4247,,,,,144021,4247,,0
4/15/20,NM,A,36,,0,,215,215,90,34,,,31910,467,,,,,,1484,,77,0,,,,,,353,,0,33394,544,,,,,,0,,0
4/15/20,NV,A,150,,9,,,,,0,,,24444,871,,,,,,3211,3211,123,0,,,,,,,31276,1035,31276,1035,,,,,,0,33437,1259
4/15/20,NY,A,11586,,752,,56968,56968,18335,2315,,5205,312233,15298,,,,,,213779,213779,11571,0,,,,,,28004,526012,26869,526012,26869,,,,,,0,,0
4/15/20,OH,B,361,346,37,15,2237,2237,,81,677,,63761,3040,,,,,,7791,7628,511,0,,,,,,,,0,71552,3551,,,,,,0,,0
4/15/20,OK,B,123,,15,,510,510,194,22,,107,26956,871,,,,,,2263,2263,79,0,,,,,,1115,,0,29219,950,,,,,,0,,0
4/15/20,OR,A,58,,3,,401,401,305,20,,95,31688,958,,,28235,,43,1663,,30,0,,,,,4626,,,0,32861,1474,,,,,,0,32861,1474
4/15/20,PA,A,647,,63,,,,2395,0,,,111094,2808,,,,,668,26490,,1145,0,,,,,,,,0,137584,3953,,,,,137584,3953,,0
4/15/20,PR,A,51,,6,,,,,0,,,6825,541,,,,,,974,,51,0,,,,,,,,0,7799,592,,,,,,0,,0
4/15/20,RI,B,87,,7,,331,331,229,0,,54,22567,1577,,,24858,,44,3903,3903,307,0,,,,,4059,168,26688,2076,26688,2076,,,,,26470,1884,28917,2156
4/15/20,SC,B,107,,10,,675,675,,0,,,31077,758,,,,,,3656,3656,103,0,,,,,,,,0,34733,861,,,,,,0,,0
4/15/20,SD,A,6,,0,,51,51,,6,,,8691,383,,,,,,1168,,180,0,,,,,,329,,0,9859,563,,,,,9859,563,,0
4/15/20,TN,A,135,,11,,663,663,412,30,,,74817,1809,,,,,,6079,,256,0,,,,,,2196,,0,80896,2065,,,,,,0,,0
4/15/20,TX,A,364,,46,,,,1538,0,,,186782,9005,,,,,,15492,15492,868,0,,,,,21409,3150,,0,202274,9873,,,,,,0,202274,9873
4/15/20,UT,A,20,,1,,221,221,,8,,,50479,2891,,,51947,,,2542,2542,130,0,,,,,2774,218,,0,54721,3201,,,,,53104,3053,54721,3201
4/15/20,VA,A,195,,41,,978,978,1298,75,,394,37669,1077,,,,,234,6500,,329,0,,,,,9948,752,58358,2047,58358,2047,,,,,,0,,0
4/15/20,VI,,1,,0,,,,,0,,,331,5,,,,,,51,,0,0,,,,,,44,,0,382,5,,,,,,0,,0
4/15/20,VT,A,30,,1,,,,63,0,,,9326,351,,,,,,770,770,9,0,,,,,,15,,0,10768,426,,,,,10096,360,10768,426
4/15/20,WA,C,551,,9,,,,645,0,,194,139041,4170,,,,,,11074,11074,371,0,,,,,,,150699,4498,150699,4498,,,,,144393,4146,,0
4/15/20,WI,A,182,,12,,1091,1091,406,42,290,162,39326,1329,,,,,,4453,3721,207,0,,,,,,,46244,1751,46244,1751,,,,,,0,,0
4/15/20,WV,B,10,,1,,164,164,82,0,73,36,16954,556,,,,50,23,702,702,62,0,,,,,,211,,0,17656,618,,,,,,0,,0
4/15/20,WY,A,2,,1,,43,43,,0,,,6042,353,,,6748,,,393,288,10,0,,,,,318,129,,0,7066,235,,,,,,0,7066,235
4/14/20,AK,A,9,,1,,33,33,,0,,,8063,510,,,,,,285,,8,0,,,,,,98,,0,8348,518,,,,,,0,8348,518
4/14/20,AL,B,110,,11,,493,493,380,36,210,,29241,3793,,,,132,,3876,3876,142,0,,,,,,,,0,33117,3935,,,,,33117,3935,,0
4/14/20,AR,A,30,,0,,130,130,81,0,43,,19651,257,,,,39,29,1480,1480,70,0,,,,,,427,,0,21131,327,,,,,,0,21131,327
4/14/20,AS,,,,0,,,,,0,,,3,0,,,,,,0,0,0,0,,,,,,,,0,3,0,,,,,,0,3,0
4/14/20,AZ,B,131,,9,,1171,1171,580,49,,286,40290,645,,,,,216,3806,,104,0,,,,,,249,,0,55491,2304,,,,,44096,749,55491,2304
4/14/20,CA,B,758,,71,,,,5163,0,,1552,178870,10336,,,,,,23338,,990,0,,,,,,,,0,202208,11326,,,,,,0,202208,11326
4/14/20,CO,A,329,,21,,1556,1556,878,63,,,31639,588,,,,,,7941,,250,0,,,,,,,43501,1018,43501,1018,,,,,39580,838,,0
4/14/20,CT,A,671,380,69,,,,1779,0,,,31852,924,,,,,,13989,,608,0,,,,,,,,0,45841,1532,,,,,,0,44309,3089
4/14/20,DC,A,67,,14,,,,295,0,,95,9226,247,,,,,31,2058,,103,0,,,,,,518,11284,350,11284,350,,,,,,0,,0
4/14/20,DE,A,60,53,7,7,,,204,0,,,10543,348,,,,,,1761,,136,0,,,,,2405,277,17303,553,17303,553,,,,,,0,,0
4/14/20,FL,A,537,,54,,3060,3060,,227,,,181813,6207,,,,,,20135,,922,0,,,,,,,195443,8691,195443,8691,,,,,,0,,0
4/14/20,GA,A,501,,37,,2769,2769,,180,,,47572,3866,,,,,,14223,,908,0,,,,,11524,,,0,61808,4719,,,,,,0,61808,4719
4/14/20,GU,,5,,0,,,,13,0,,2,811,41,,,,,2,133,,0,0,,,,,,66,,0,944,41,,,,,,0,,0
4/14/20,HI,A,9,,0,,44,44,,0,,,18916,571,,,,,,504,,5,0,,,,,457,315,19837,702,19837,702,,,,,,0,,0
4/14/20,IA,A,49,,6,,,,163,0,,73,16986,0,,,,,41,1899,1899,189,0,,,,,,741,,0,18885,189,,,,,,0,,0
4/14/20,ID,A,33,,6,,135,135,59,3,38,,13661,206,,,,,,1453,,27,0,,,,,,,,0,15114,233,,,,,15114,233,,0
4/14/20,IL,A,868,,74,,,,4283,0,,1189,87369,3626,,,,,796,23247,,1222,0,,,,,,,,0,110616,4848,,,,,,0,,0
4/14/20,IN,B,388,,38,,,,,0,,721,37490,1187,,,,,435,8527,,291,0,,,,,8780,,,0,60244,3887,,,,,,0,60244,3887
4/14/20,KS,B,69,,7,,327,327,,18,,,12721,233,,,,,,1426,,50,0,,,,,,,,0,14147,283,,,,,,0,,0
4/14/20,KY,A,104,,7,,673,673,299,6,259,136,24635,732,,,,,,2048,,85,0,,,,,,629,,0,26683,817,,,,,,0,26683,817
4/14/20,LA,A,1013,,129,,,,1977,0,,,96904,9829,,,,,436,21518,21518,502,0,,,,,,,,0,118422,10331,,,,,,0,,0
4/14/20,MA,B,1329,,118,,3616,3616,3616,131,,,98820,3320,,,,,,28109,,1315,0,,,,,36432,,,0,158730,11345,,,,,,0,158730,11345
4/14/20,MD,A,421,396,37,25,2122,2122,,147,,,44261,1446,,,,,,9472,9472,536,0,,,,,11399,607,,0,60051,1583,,,,,,0,60051,1583
4/14/20,ME,A,20,,1,,124,124,58,0,,21,11608,0,,,,,9,734,734,36,0,,,,,,292,,0,12342,36,,,,,,0,,0
4/14/20,MI,B,2532,2537,141,131,,,3910,0,,1497,70675,3612,,,70675,,1235,33613,32572,911,0,,,,,35508,452,,0,104288,4523,,,,,,0,106183,5000
4/14/20,MN,A,79,,9,,405,405,177,44,155,75,39705,1038,,,,,,2165,2165,153,0,,,,,,830,41870,1191,41870,1191,,,,,,0,,0
4/14/20,MO,A,133,,19,,,,1041,0,,,43292,2252,,3,40667,,,4686,4686,298,0,,,0,,5262,,,0,45977,788,,,3,,,0,45977,788
4/14/20,MP,,2,,0,,,,,0,,,27,0,,,,,,13,,2,0,,,,,,,,0,40,2,,,,,,0,,0
4/14/20,MS,A,111,,13,,596,596,,47,,154,34791,6749,,,,,99,3087,,145,0,,,,,,,,0,37878,6894,,,,,,0,,0
4/14/20,MT,A,7,,0,,50,50,24,3,,,8835,131,,,,,,399,,5,0,,,,,,197,,0,9234,136,,,,,,0,9234,136
4/14/20,NC,A,108,,22,,,,418,0,,,60015,1443,,,,,,5024,,208,0,,,,,,,,0,65039,1651,,,,,,0,,0
4/14/20,ND,B,9,,1,,42,42,13,2,,,10575,125,,,,,,341,341,10,0,,,,,,138,11070,206,11070,206,,,,,10492,185,11169,209
4/14/20,NE,A,18,,1,,,,,0,,,10486,328,,,11199,,,871,,57,0,,,,,866,,,0,12168,455,,,,,11384,393,12168,455
4/14/20,NH,B,23,,0,,152,152,72,0,,,10590,368,,,,,,1020,,35,0,,,,,,249,,0,12323,225,,,,,,0,12323,225
4/14/20,NJ,A,3659,2805,411,854,,,8185,0,,2051,70950,6065,,,,,1626,68824,68824,4240,0,,,,,,,,0,139774,10305,,,,,139774,10305,,0
4/14/20,NM,A,36,,5,,181,181,87,0,,,31443,818,,,,,,1407,,62,0,,,,,,340,,0,32850,880,,,,,,0,,0
4/14/20,NV,A,141,,8,,,,,0,,,23573,1080,,,,,,3088,3088,117,0,,,,,,,30241,1263,30241,1263,,,,,,0,32178,1550
4/14/20,NY,A,10834,,778,,54653,54653,18697,1717,,5225,296935,13609,,,,,,202208,202208,7177,0,,,,,,25589,499143,20786,499143,20786,,,,,,0,,0
4/14/20,OH,B,324,309,50,15,2156,2156,,123,654,,60721,2584,,,,,,7280,7153,305,0,,,,,,,,0,68001,2889,,,,,,0,,0
4/14/20,OK,B,108,,9,,488,488,194,31,,107,26085,5295,,,,,,2184,2184,115,0,,,,,,1060,,0,28269,5410,,,,,,0,,0
4/14/20,OR,A,55,,2,,381,381,311,12,,88,30730,1193,,,26880,,44,1633,,49,0,,,,,4507,,,0,31387,1243,,,,,,0,31387,1243
4/14/20,PA,A,584,,60,,,,2317,0,,,108286,2693,,,,,675,25345,,1146,0,,,,,,,,0,133631,3839,,,,,133631,3839,,0
4/14/20,PR,A,45,,0,,,,,0,,,6284,324,,,,,,923,,20,0,,,,,,,,0,7207,344,,,,,,0,,0
4/14/20,RI,B,80,,7,,331,331,213,0,,48,20990,1559,,,23055,,,3596,3596,267,0,,,,,3706,135,24612,1096,24612,1096,,,,,24586,1826,26761,2077
4/14/20,SC,B,97,,15,,675,675,,179,,,30319,2213,,,,,,3553,3553,234,0,,,,,,,,0,33872,2447,,,,,,0,,0
4/14/20,SD,A,6,,0,,45,45,,1,,,8308,174,,,,,,988,,120,0,,,,,,261,,0,9296,294,,,,,9296,294,,0
4/14/20,TN,A,124,,15,,633,633,443,54,,,73008,2423,,,,,,5823,,213,0,,,,,,1969,,0,78831,2636,,,,,,0,,0
4/14/20,TX,A,318,,31,,,,1409,0,,,177777,8669,,,,,,14624,14624,718,0,,,,,20454,2580,,0,192401,9387,,,,,,0,192401,9387
4/14/20,UT,A,19,,1,,213,213,,12,,,47588,1607,,,48913,,,2412,2412,49,0,,,,,2607,218,,0,51520,1744,,,,,50051,1671,51520,1744
4/14/20,VA,A,154,,5,,903,903,1282,31,,422,36592,938,,,,,276,6171,,424,0,,,,,9551,721,56311,1613,56311,1613,,,,,,0,,0
4/14/20,VI,,1,,0,,,,,0,,,326,4,,,,,,51,,0,0,,,,,,44,,0,377,4,,,,,,0,,0
4/14/20,VT,A,29,,1,,,,64,0,,,8975,169,,,,,,761,761,7,0,,,,,,15,,0,10342,227,,,,,9736,176,10342,227
4/14/20,WA,C,542,,16,,,,387,0,,98,134871,4356,,,,,,10703,10703,90,0,,,,,,,146201,4658,146201,4658,,,,,140247,4309,,0
4/14/20,WI,A,170,,16,,1049,1049,441,56,283,161,37997,1228,,,,,,4246,3555,166,0,,,,,,,44493,1373,44493,1373,,,,,,0,,0
4/14/20,WV,B,9,,0,,164,164,87,0,73,38,16398,369,,,,50,25,640,640,14,0,,,,,,147,,0,17038,383,,,,,,0,,0
4/14/20,WY,A,1,,0,,43,43,,2,,,5689,0,,,6521,,,383,282,10,0,,,,,310,140,,0,6831,307,,,,,,0,6831,307
4/13/20,AK,A,8,,0,,33,33,,0,,,7553,-213,,,,,,277,,5,0,,,,,,85,,0,7830,-208,,,,,,0,7830,-208
4/13/20,AL,B,99,,6,,457,457,380,20,189,,25448,7390,,,,119,,3734,3734,209,0,,,,,,,,0,29182,7599,,,,,29182,7599,,0
4/13/20,AR,A,30,,3,,130,130,74,0,43,,19394,952,,,,39,28,1410,1410,130,0,,,,,,391,,0,20804,1082,,,,,,0,20804,1082
4/13/20,AS,,,,0,,,,,0,,,3,0,,,,,,0,0,0,0,,,,,,,,0,3,0,,,,,,0,3,0
4/13/20,AZ,B,122,,7,,1122,1122,525,48,,286,39645,1075,,,,,195,3702,,163,0,,,,,,,,0,53187,898,,,,,43347,1238,53187,898
4/13/20,CA,B,687,,36,,,,3015,0,,1178,168534,0,,,,,,22348,,554,0,,,,,,,,0,190882,554,,,,,,0,190882,554
4/13/20,CO,A,308,,18,,1493,1493,888,76,,,31051,1201,,,,,,7691,,388,0,,,,,,,42483,1794,42483,1794,,,,,38742,1589,,0
4/13/20,CT,A,602,277,48,,,,1760,0,,,30928,1743,,,,,,13381,,1346,0,,,,,,,,0,44309,3089,,,,,,0,41220,1389
4/13/20,DC,A,53,,3,,,,295,0,,95,8979,214,,,,,31,1955,,80,0,,,,,,507,10934,294,10934,294,,,,,,0,,0
4/13/20,DE,A,53,47,5,6,,,201,0,,,10195,571,,,,,,1625,,146,0,,,,,2230,213,16750,688,16750,688,,,,,,0,,0
4/13/20,FL,A,483,,18,,2833,2833,,61,,,175606,12208,,,,,,19213,,809,0,,,,,,,186752,8697,186752,8697,,,,,,0,,0
4/13/20,GA,A,464,,31,,2589,2589,,84,,,43706,1705,,,,,,13315,,863,0,,,,,10659,,,0,57089,476,,,,,,0,57089,476
4/13/20,GU,,5,,0,,,,12,0,,2,770,77,,,,,2,133,,0,0,,,,,,58,,0,903,77,,,,,,0,,0
4/13/20,HI,A,9,,1,,44,44,,0,,,18345,863,,,,,,499,,13,0,,,,,452,310,19135,867,19135,867,,,,,,0,,0
4/13/20,IA,A,43,,2,,,,142,0,,70,16986,981,,,,,41,1710,1710,123,0,,,,,,741,,0,18696,1104,,,,,,0,,0
4/13/20,ID,A,27,,0,,132,132,62,1,38,,13455,554,,,,,,1426,,19,0,,,,,,,,0,14881,573,,,,,14881,573,,0
4/13/20,IL,A,794,,74,,,,3680,0,,1166,83743,3860,,,,,821,22025,,1173,0,,,,,,,,0,105768,5033,,,,,,0,,0
4/13/20,IN,B,350,,7,,,,,0,,740,36303,1742,,,,,459,8236,,308,0,,,,,8222,,,0,56357,876,,,,,,0,56357,876
4/13/20,KS,B,62,,6,,309,309,,11,,,12488,572,,,,,,1376,,39,0,,,,,,,,0,13864,611,,,,,,0,,0
4/13/20,KY,A,97,,3,,667,667,289,208,256,136,23903,1176,,,,,,1963,,123,0,,,,,,607,,0,25866,1299,,,,,,0,25866,1299
4/13/20,LA,A,884,,44,,,,2134,0,,,87075,3625,,,,,461,21016,21016,421,0,,,,,,,,0,108091,4046,,,,,,0,,0
4/13/20,MA,B,1211,,155,,3485,3485,3485,971,,,95500,4037,,,,,,26794,,1413,0,,,,,33218,,,0,147385,7504,,,,,,0,147385,7504
4/13/20,MD,A,384,360,49,24,1975,1975,,115,,,42815,1276,,,,,,8936,8936,711,0,,,,,10971,603,,0,58468,3804,,,,,,0,58468,3804
4/13/20,ME,A,19,,0,,124,124,22,4,,,11608,5520,,,,,,698,698,65,0,,,,,,273,,0,12306,5585,,,,,,0,,0
4/13/20,MI,B,2391,2401,142,122,,,3986,0,,1570,67063,2508,,,67063,,1365,32702,31715,1036,0,,,,,34120,447,,0,99765,3544,,,,,,0,101183,3590
4/13/20,MN,A,70,,0,,361,361,157,0,146,74,38667,637,,,,,,2012,2012,148,0,,,,,,772,40679,785,40679,785,,,,,,0,,0
4/13/20,MO,A,114,,4,,,,988,0,,,41040,0,,3,39977,,,4388,4388,228,0,,,0,,5165,,,0,45189,948,,,3,,,0,45189,948
4/13/20,MP,,2,,0,,,,,0,,,27,0,,,,,,11,,0,0,,,,,,,,0,38,0,,,,,,0,,0
4/13/20,MS,A,98,,2,,549,549,,1,,124,28042,9410,,,,,84,2942,,161,0,,,,,,,,0,30984,9571,,,,,,0,,0
4/13/20,MT,A,7,,1,,47,47,21,0,,,8704,178,,,,,,394,,7,0,,,,,,171,,0,9098,185,,,,,,0,9098,185
4/13/20,NC,A,86,,5,,,,313,0,,,58572,953,,,,,,4816,,296,0,,,,,,,,0,63388,1249,,,,,,0,,0
4/13/20,ND,B,8,,0,,40,40,13,1,,,10450,408,,,,,,331,331,23,0,,,,,,127,10864,457,10864,457,,,,,10307,423,10960,465
4/13/20,NE,A,17,,0,,,,,0,,,10158,258,,,10805,,,814,,23,0,,,,,814,,,0,11713,734,,,,,10991,794,11713,734
4/13/20,NH,B,23,,0,,152,152,,6,,,10222,226,,,,,,985,,56,0,,,,,,239,,0,12098,385,,,,,,0,12098,385
4/13/20,NJ,A,3248,2443,164,805,,,7781,0,,1886,64885,0,,,,,1611,64584,64584,2734,0,,,,,,,,0,129469,2734,,,,,129469,2734,,0
4/13/20,NM,A,31,,5,,181,181,87,181,,,30625,1355,,,,,,1345,,100,0,,,,,,304,,0,31970,1455,,,,,,0,,0
4/13/20,NV,A,133,,5,,,,,0,,,22493,718,,,,,,2971,2971,135,0,,,,,,,28978,387,28978,387,,,,,,0,30628,1049
4/13/20,NY,A,10056,,671,,52936,52936,18825,2017,,5156,283326,10419,,,,,,195031,195031,6337,0,,,,,,23887,478357,16756,478357,16756,,,,,,0,,0
4/13/20,OH,B,274,268,21,6,2033,2033,,85,613,,58137,1498,,,,,,6975,6881,371,0,,,,,,,,0,65112,1869,,,,,,0,,0
4/13/20,OK,B,99,,3,,457,457,383,11,,191,20790,0,,,,,,2069,,99,0,,,,,,865,,0,22859,99,,,,,,0,,0
4/13/20,OR,A,53,,1,,369,369,321,10,,96,29537,1306,,,25725,,50,1584,,57,0,,,,,4419,,,0,30144,1828,,,,,,0,30144,1828
4/13/20,PA,A,524,,17,,,,2243,0,,,105593,3536,,,,,669,24199,,1366,0,,,,,,,,0,129792,4902,,,,,129792,4902,,0
4/13/20,PR,A,45,,1,,,,,0,,,5960,141,,,,,,903,,6,0,,,,,,,,0,6863,147,,,,,,0,,0
4/13/20,RI,B,73,,10,,331,331,197,331,,50,19431,853,,,21267,,26,3329,3329,187,0,,,,,3417,135,23516,1984,23516,1984,,,,,22760,1040,24684,1100
4/13/20,SC,B,82,,0,,496,496,,0,,,28106,0,,,,,,3319,3319,0,0,,,,,,,,0,31425,0,,,,,,0,,0
4/13/20,SD,A,6,,0,,44,44,,1,,,8134,311,,,,,,868,,138,0,,,,,,207,,0,9002,449,,,,,9002,449,,0
4/13/20,TN,A,109,,8,,579,579,458,12,,,70585,5216,,,,,,5610,,302,0,,,,,,1671,,0,76195,5518,,,,,,0,,0
4/13/20,TX,A,287,,16,,,,1176,0,,,169108,1761,,,,,,13906,13906,422,0,,,,,19242,2269,,0,183014,2183,,,,,,0,183014,2183
4/13/20,UT,A,18,,0,,201,201,,6,,,45981,745,,,47238,,,2363,2363,60,0,,,,,2538,218,,0,49776,839,,,,,48380,790,49776,839
4/13/20,VA,A,149,,8,,872,872,1238,35,,428,35654,943,,,,,302,5747,,473,0,,,,,9221,,54698,2142,54698,2142,,,,,,0,,0
4/13/20,VI,,1,,0,,,,,0,,,322,23,,,,,,51,,0,0,,,,,,43,,0,373,23,,,,,,0,,0
4/13/20,VT,A,28,,1,,,,33,0,,,8806,490,,,,,,754,754,21,0,,,,,,15,,0,10115,506,,,,,9560,511,10115,506
4/13/20,WA,C,526,,17,,,,527,0,,166,130515,4215,,,,,,10613,10613,155,0,,,,,,,141543,4586,141543,4586,,,,,135938,4220,,0
4/13/20,WI,A,154,,10,,993,993,431,19,264,163,36769,853,,,,,,4080,3428,116,0,,,,,,,43120,1103,43120,1103,,,,,,0,,0
4/13/20,WV,B,9,,1,,164,164,95,164,73,43,16029,383,,,,50,23,626,626,15,0,,,,,,85,,0,16655,398,,,,,,0,,0
4/13/20,WY,A,1,,1,,41,41,,1,,,5689,491,,,6229,,,373,275,9,0,,,,,295,138,,0,6524,314,,,,,,0,6524,314
4/12/20,AK,A,8,,0,,33,33,,1,,,7766,291,,,,,,272,,15,0,,,,,,66,,0,8038,306,,,,,,0,8038,306
4/12/20,AL,B,93,,2,,437,437,290,35,189,,18058,0,,,,119,,3525,3525,334,0,,,,,,,,0,21583,334,,,,,21583,334,,0
4/12/20,AR,A,27,,3,,130,130,74,0,43,,18442,1090,,,,39,30,1280,1280,54,0,,,,,,367,,0,19722,1144,,,,,,0,19722,1144
4/12/20,AS,,,,0,,,,,0,,,3,0,,,,,,0,0,0,0,,,,,,,,0,3,0,,,,,,0,3,0
4/12/20,AZ,B,115,,7,,1074,1074,,37,,,38570,1433,,,,,,3539,,146,0,,,,,,,,0,52289,854,,,,,42109,1579,52289,854
4/12/20,CA,B,651,,42,,,,5234,0,,1539,168534,15930,,,,,,21794,,1179,0,,,,,,,,0,190328,17109,,,,,,0,190328,17109
4/12/20,CO,A,290,,16,,1417,1417,842,41,,,29850,1870,,,,,,7303,,410,0,,,,,,,40689,2585,40689,2585,,,,,37153,2280,,0
4/12/20,CT,A,554,277,60,,,,1654,0,,,29185,864,,,,,,12035,,525,0,,,,,,,,0,41220,1389,,,,,,0,39831,3543
4/12/20,DC,A,50,,3,,,,,0,,,8765,504,,,,,,1875,,97,0,,,,,,493,10640,601,10640,601,,,,,,0,,0
4/12/20,DE,A,48,42,5,6,,,190,0,,,9624,0,,,,,,1479,,0,0,,,,,2080,191,16062,1098,16062,1098,,,,,,0,,0
4/12/20,FL,A,465,,27,,2772,2772,,111,,,163398,8959,,,,,,18404,,1064,0,,,,,,,178055,11251,178055,11251,,,,,,0,,0
4/12/20,GA,A,433,,5,,2505,2505,,26,,,42001,2445,,,,,,12452,,293,0,,,,,10610,,,0,56613,4844,,,,,,0,56613,4844
4/12/20,GU,,5,,0,,,,13,0,,2,693,0,,,,,2,133,,0,0,,,,,,58,,0,826,0,,,,,,0,,0
4/12/20,HI,A,8,,0,,44,44,,1,,,17482,416,,,,,,486,,21,0,,,,,440,300,18268,1013,18268,1013,,,,,,0,,0
4/12/20,IA,A,41,,7,,,,129,0,,55,16005,383,,,,,30,1587,1587,77,0,,,,,,674,,0,17592,460,,,,,,0,,0
4/12/20,ID,A,27,,2,,131,131,63,3,38,,12901,533,,,,,,1407,,11,0,,,,,,,,0,14308,544,,,,,14308,544,,0
4/12/20,IL,A,720,,43,,,,3680,0,,1166,79883,6914,,,,,821,20852,,1672,0,,,,,,,,0,100735,8586,,,,,,0,,0
4/12/20,IN,B,343,,13,,,,,0,,820,34561,2781,,,,,497,7928,,493,0,,,,,8083,,,0,55481,1725,,,,,,0,55481,1725
4/12/20,KS,B,56,,1,,298,298,,5,,,11916,841,,,,,,1337,,69,0,,,,,,,,0,13253,910,,,,,,0,,0
4/12/20,KY,A,94,,4,,459,459,271,0,177,105,22727,132,,,,,,1840,,147,0,,,,,,464,,0,24567,279,,,,,,0,24567,279
4/12/20,LA,A,840,,34,,,,2084,0,,,83450,6549,,,,,458,20595,20595,581,0,,,,,,,,0,104045,7130,,,,,,0,,0
4/12/20,MA,B,1056,,110,,2514,2514,2514,7,,,91463,5348,,,,,,25381,,2615,0,,,,,30955,,,0,139881,3802,,,,,,0,139881,3802
4/12/20,MD,A,335,317,37,18,1860,1860,,151,,,41539,1995,,,,,,8225,8225,531,0,,,,,10004,456,,0,54664,2175,,,,,,0,54664,2175
4/12/20,ME,A,19,,0,,120,120,,6,,,6088,0,,,,,,633,633,17,0,,,,,,266,,0,6721,17,,,,,,0,,0
4/12/20,MI,B,2249,2269,168,113,,,3636,0,,1582,64555,2314,,,64555,,1441,31666,30727,686,0,,,,,33038,433,,0,96221,3000,,,,,,0,97593,3286
4/12/20,MN,A,70,,6,,361,361,157,21,146,74,38030,1132,,,,,,1864,1864,58,0,,,,,,772,39894,1190,39894,1190,,,,,,0,,0
4/12/20,MO,A,110,,1,,,,988,0,,,41040,1892,,2,39135,,,4160,4160,136,0,,,0,,5060,,,0,44241,2090,,,2,,,0,44241,2090
4/12/20,MP,,2,,0,,,,,0,,,27,0,,,,,,11,,0,0,,,,,,,,0,38,0,,,,,,0,,0
4/12/20,MS,A,96,,3,,548,548,,20,,,18632,0,,,,,,2781,,139,0,,,,,,,,0,21413,139,,,,,,0,,0
4/12/20,MT,A,6,,0,,47,47,22,1,,,8526,322,,,,,,387,,10,0,,,,,,169,,0,8913,332,,,,,,0,8913,332
4/12/20,NC,A,81,,1,,,,331,0,,,57619,1538,,,,,,4520,,208,0,,,,,,,,0,62139,1746,,,,,,0,,0
4/12/20,ND,B,8,,1,,39,39,12,3,,,10042,255,,,,,,308,308,15,0,,,,,,121,10407,396,10407,396,,,,,9884,367,10495,401
4/12/20,NE,A,17,,0,,,,,0,,,9900,615,,,10166,,,791,,91,0,,,,,721,,,0,10979,809,,,,,10197,190,10979,809
4/12/20,NH,B,23,,1,,146,146,,12,,,9996,388,,,,,,929,,44,0,,,,,,236,,0,11713,375,,,,,,0,11713,375
4/12/20,NJ,A,3084,2350,240,734,,,7604,0,,1914,64885,2843,,,,,1644,61850,61850,3699,0,,,,,,,,0,126735,6542,,,,,126735,6542,,0
4/12/20,NM,A,26,,6,,,,80,0,,,29270,1752,,,,,,1245,,71,0,,,,,,235,,0,30515,1823,,,,,,0,,0
4/12/20,NV,A,128,,3,,,,282,0,,,21775,888,,,,,,2836,2836,136,0,,,,,,,28591,815,28591,815,,,,,,0,29579,1244
4/12/20,NY,A,9385,,758,,50919,50919,18707,2622,,5198,272907,12385,,,,,,188694,188694,8236,0,,,,,,23887,461601,20621,461601,20621,,,,,,0,,0
4/12/20,OH,B,253,248,6,5,1948,1948,,89,595,,56639,2418,,,,,,6604,6518,354,0,,,,,,,,0,63243,2772,,,,,,0,,0
4/12/20,OK,B,96,,2,,446,446,383,0,,191,20790,0,,,,,,1970,,102,0,,,,,,865,,0,22760,102,,,,,,0,,0
4/12/20,OR,A,52,,4,,359,359,295,21,,81,28231,2378,,,24032,,52,1527,,156,0,,,,,4284,,,0,28316,1768,,,,,,0,28316,1768
4/12/20,PA,A,507,,13,,,,2097,0,,,102057,3559,,,,,649,22833,,1178,0,,,,,,,,0,124890,4737,,,,,124890,4737,,0
4/12/20,PR,A,44,,2,,,,,0,,,5819,236,,,,,,897,,109,0,,,,,,,,0,6716,345,,,,,,0,,0
4/12/20,RI,B,63,,7,,,,201,0,,50,18578,1448,,,20329,,26,3142,3142,289,0,,,,,3255,35,21532,2202,21532,2202,,,,,21720,1737,23584,1989
4/12/20,SC,B,82,,2,,496,496,,0,,,28106,1220,,,,,,3319,3319,112,0,,,,,,,,0,31425,1332,,,,,,0,,0
4/12/20,SD,A,6,,0,,43,43,,10,,,7823,445,,,,,,730,,104,0,,,,,,197,,0,8553,549,,,,,8553,549,,0
4/12/20,TN,A,101,,0,,567,567,324,11,,,65369,3655,,,,,,5308,,194,0,,,,,,1504,,0,70677,3849,,,,,,0,,0
4/12/20,TX,A,271,,17,,,,1338,0,,,167347,3451,,,,,,13484,13484,923,0,,,,,18974,2014,,0,180831,4374,,,,,,0,180831,4374
4/12/20,UT,A,18,,0,,195,195,,5,,,45236,1364,,,46447,,,2303,2303,97,0,,,,,2490,,,0,48937,1511,,,,,47590,1438,48937,1511
4/12/20,VA,A,141,,11,,837,837,751,65,,440,34711,1789,,,,,294,5274,,197,0,,,,,8813,,52556,2365,52556,2365,,,,,,0,,0
4/12/20,VI,,1,,0,,,,3,0,,,299,0,,,,,,51,,0,0,,,,,,43,,0,350,0,,,,,,0,,0
4/12/20,VT,A,27,,2,,,,34,0,,,8316,542,,,,,,733,733,20,0,,,,,,15,,0,9609,548,,,,,9049,562,9609,548
4/12/20,WA,C,509,,15,,,,642,0,,191,126300,1392,,,,,,10458,10458,309,0,,,,,,,136957,1481,136957,1481,,,,,131718,1431,,0
4/12/20,WI,A,144,,7,,974,974,443,24,261,176,35916,1236,,,,,,3964,3341,142,0,,,,,,,42017,1527,42017,1527,,,,,,0,,0
4/12/20,WV,B,8,,3,,,,81,0,,36,15646,771,,,,,24,611,611,34,0,,,,,,83,,0,16257,805,,,,,,0,,0
4/12/20,WY,A,0,,0,,40,40,,3,,,5198,0,,,5923,,,364,270,21,0,,,,,287,137,,0,6210,47,,,,,,0,6210,47
4/11/20,AK,A,8,,1,,32,32,,2,,,7475,289,,,,,,257,,11,0,,,,,,63,,0,7732,300,,,,,,0,7732,300
4/11/20,AL,B,91,,11,,402,402,343,34,177,,18058,0,,,,113,,3191,3191,223,0,,,,,,,,0,21249,223,,,,,21249,223,,0
4/11/20,AR,A,24,,1,,130,130,86,0,43,,17352,1403,,,,39,33,1226,1226,55,0,,,,,,340,,0,18578,1458,,,,,,0,18578,1458
4/11/20,AS,,,,0,,,,,0,,,3,0,,,,,,0,0,0,0,,,,,,,,0,3,0,,,,,,0,3,0
4/11/20,AZ,B,108,,11,,1037,1037,,42,,,37137,2515,,,,,,3393,,281,0,,,,,,,,0,51435,1961,,,,,40530,2796,51435,1961
4/11/20,CA,B,609,,68,,,,5236,0,,1591,152604,7213,,,,,,20615,,1143,0,,,,,,,,0,173219,8356,,,,,,0,173219,8356
4/11/20,CO,A,274,,24,,1376,1376,822,64,,,27980,1837,,,,,,6893,,383,0,,,,,,,38104,2462,38104,2462,,,,,34873,2220,,0
4/11/20,CT,A,494,206,46,,,,1593,0,,,28321,2571,,,,,,11510,,972,0,,,,,,,,0,39831,3543,,,,,,0,36288,2786
4/11/20,DC,A,47,,9,,,,,0,,,8261,566,,,,,,1778,,118,0,,,,,,447,10039,684,10039,684,,,,,,0,,0
4/11/20,DE,A,43,37,7,6,,,190,0,,,9624,-791,,,,,,1479,,153,0,,,,,1852,191,14964,661,14964,661,,,,,,0,,0
4/11/20,FL,A,438,,48,,2661,2661,,174,,,154439,9140,,,,,,17340,,1088,0,,,,,,,166804,9442,166804,9442,,,,,,0,,0
4/11/20,GA,A,428,,12,,2479,2479,,128,,,39556,4892,,,,,,12159,,676,0,,,,,9912,,,0,51769,5581,,,,,,0,51769,5581
4/11/20,GU,,5,,1,,,,14,0,,2,693,31,,,,,2,133,,3,0,,,,,,58,,0,826,34,,,,,,0,,0
4/11/20,HI,A,8,,2,,43,43,,1,,,17066,1359,,,,,,465,,23,0,,,,,420,284,17255,717,17255,717,,,,,,0,,0
4/11/20,IA,A,34,,3,,,,118,0,,55,15622,1057,,,,,30,1510,1510,122,0,,,,,,585,,0,17132,1179,,,,,,0,,0
4/11/20,ID,A,25,,1,,128,128,61,1,35,,12368,627,,,,,,1396,,43,0,,,,,,,,0,13764,670,,,,,13764,670,,0
4/11/20,IL,A,677,,81,,,,3680,0,,1166,72969,3329,,,,,821,19180,,1293,0,,,,,,,,0,92149,4622,,,,,,0,,0
4/11/20,IN,B,330,,30,,,,,0,,820,31780,3647,,,,,497,7435,,528,0,,,,,7861,,,0,53756,3131,,,,,,0,53756,3131
4/11/20,KS,B,55,,5,,293,293,,19,,,11075,827,,,,,,1268,,102,0,,,,,,,,0,12343,929,,,,,,0,,0
4/11/20,KY,A,90,,0,,459,459,271,0,177,105,22595,0,,,,,,1693,,0,0,,,,,,464,,0,24288,0,,,,,,0,24288,0
4/11/20,LA,A,806,,51,,,,2067,0,,,76901,3874,,,,,470,20014,20014,761,0,,,,,,,,0,96915,4635,,,,,,0,,0
4/11/20,MA,B,946,,114,,2507,2507,2507,72,,,86115,4551,,,,,,22766,,1888,0,,,,,29883,,,0,136079,5306,,,,,,0,136079,5306
4/11/20,MD,A,298,286,43,12,1709,1709,,296,,,39544,2064,,,,,,7694,7694,726,0,,,,,9469,431,,0,52489,3632,,,,,,0,52489,3632
4/11/20,ME,A,19,,2,,114,114,,3,,,6088,0,,,,,,616,616,30,0,,,,,,256,,0,6704,30,,,,,,0,,0
4/11/20,MI,B,2081,2136,164,103,,,3636,0,,1582,62241,2644,,,62241,,1441,30980,30085,808,0,,,,,32066,595,,0,93221,3452,,,,,,0,94307,3755
4/11/20,MN,A,64,,7,,340,340,145,23,138,69,36898,1552,,,,,,1806,1806,74,0,,,,,,729,38704,1626,38704,1626,,,,,,0,,0
4/11/20,MO,A,109,,13,,,,506,0,,,39148,2207,,2,37292,,,4024,4024,225,0,,,0,,4818,,,0,42151,1978,,,2,,,0,42151,1978
4/11/20,MP,,2,,0,,,,,0,,,27,0,,,,,,11,,0,0,,,,,,,,0,38,0,,,,,,0,,0
4/11/20,MS,A,93,,11,,528,528,,46,,,18632,0,,,,,,2642,,173,0,,,,,,,,0,21274,173,,,,,,0,,0
4/11/20,MT,A,6,,0,,46,46,21,5,,,8204,272,,,,,,377,,12,0,,,,,,169,,0,8581,284,,,,,,0,8581,284
4/11/20,NC,A,80,,6,,,,362,0,,,56081,2344,,,,,,4312,,404,0,,,,,,,,0,60393,2748,,,,,,0,,0
4/11/20,ND,B,7,,1,,36,36,10,0,,,9787,457,,,,,,293,293,15,0,,,,,,119,10011,610,10011,610,,,,,9517,561,10094,616
4/11/20,NE,A,17,,2,,,,,0,,,9285,566,,,9412,,,700,,65,0,,,,,668,,,0,10170,675,,,,,10007,632,10170,675
4/11/20,NH,B,22,,1,,134,134,,10,,,9608,469,,,,,,885,,66,0,,,,,,234,,0,11338,549,,,,,,0,11338,549
4/11/20,NJ,A,2844,2183,323,661,,,7618,0,,1746,62042,3107,,,,,1650,58151,58151,3563,0,,,,,,,,0,120193,6670,,,,,120193,6670,,0
4/11/20,NM,A,20,,1,,,,78,0,,,27518,1511,,,,,18,1174,,83,0,,,,,,235,,0,28692,1594,,,,,,0,,0
4/11/20,NV,A,125,,5,,,,282,0,,,20887,722,,,,,,2700,2700,116,0,,,,,,,27776,1239,27776,1239,,,,,,0,28335,1049
4/11/20,NY,A,8627,,783,,48297,48297,18654,2529,,5009,260522,13149,,,,,,180458,180458,9946,0,,,,,,22025,440980,23095,440980,23095,,,,,,0,,0
4/11/20,OH,B,247,242,16,5,1859,1859,,104,572,,54221,1526,,,,,,6250,6187,372,0,,,,,,,,0,60471,1898,,,,,,0,,0
4/11/20,OK,B,94,,6,,446,446,383,18,,191,20790,420,,,,,,1868,,74,0,,,,,,865,,0,22658,494,,,,,,0,,0
4/11/20,OR,A,48,,4,,338,338,140,12,,58,25853,1547,,,22414,,46,1371,,50,0,,,,,4134,,,0,26548,2258,,,,,,0,26548,2258
4/11/20,PA,A,494,,78,,,,2115,0,,,98498,5458,,,,,639,21655,,1676,0,,,,,,,,0,120153,7134,,,,,120153,7134,,0
4/11/20,PR,A,42,,3,,,,,0,,,5583,462,,,,,,788,,63,0,,,,,,,,0,6371,525,,,,,,0,,0
4/11/20,RI,B,56,,7,,,,183,0,,50,17130,1727,,,18655,,26,2853,2853,280,0,,,,,2940,35,19330,2993,19330,2993,,,,,19983,2007,21595,2210
4/11/20,SC,B,80,,8,,496,496,,0,,,26886,1768,,,,,,3207,3207,142,0,,,,,,,,0,30093,1910,,,,,,0,,0
4/11/20,SD,A,6,,0,,33,33,,4,,,7378,267,,,,,,626,,90,0,,,,,,189,,0,8004,357,,,,,8004,357,,0
4/11/20,TN,A,101,,3,,556,556,411,20,,,61714,3777,,,,,,5114,,252,0,,,,,,1386,,0,66828,4029,,,,,,0,,0
4/11/20,TX,A,254,,28,,,,1514,0,,,163896,9426,,,,,,12561,12561,890,0,,,,,18484,1617,,0,176457,10316,,,,,,0,176457,10316
4/11/20,UT,A,18,,1,,190,190,,7,,,43872,1936,,,45020,,,2206,2206,104,0,,,,,2406,,,0,47426,2185,,,,,46152,2049,47426,2185
4/11/20,VA,A,130,,9,,772,772,1252,87,,426,32922,1972,,,,,283,5077,,568,0,,,,,8351,,50191,2799,50191,2799,,,,,,0,,0
4/11/20,VI,,1,,0,,,,3,0,,,299,26,,,,,,51,,1,0,,,,,,43,,0,350,27,,,,,,0,,0
4/11/20,VT,A,25,,1,,,,77,0,,,7774,525,,,,,,713,713,33,0,,,,,,15,,0,9061,589,,,,,8487,558,9061,589
4/11/20,WA,C,494,,18,,,,649,0,,191,124908,2032,,,,,,10149,10149,363,0,,,,,,,135476,2187,135476,2187,,,,,130287,2076,,0
4/11/20,WI,A,137,,9,,950,950,445,46,257,184,34680,1455,,,,,,3822,3213,157,0,,,,,,,40490,1787,40490,1787,,,,,,0,,0
4/11/20,WV,B,5,,0,,,,85,0,,40,14875,874,,,,,22,577,577,23,0,,,,,,63,,0,15452,897,,,,,,0,,0
4/11/20,WY,A,0,,0,,37,37,,0,,,5198,462,,,5876,,,343,261,3,0,,,,,287,129,,0,6163,104,,,,,,0,6163,104
4/10/20,AK,A,7,,0,,30,30,,0,,,7186,198,,,,,,246,,11,0,,,,,,55,,0,7432,209,,,,,,0,7432,209
4/10/20,AL,B,80,,6,,368,368,350,35,,,18058,0,,,,,,2968,2968,199,0,,,,,,,,0,21026,199,,,,,21026,199,,0
4/10/20,AR,A,23,,2,,130,130,86,0,43,,15949,2117,,,,39,33,1171,1171,52,0,,,,,,312,,0,17120,2169,,,,,,0,17120,2169
4/10/20,AS,,0,,0,,,,,0,,,3,0,,,,,,0,0,0,0,,,,,,,,0,3,0,,,,,,0,3,0
4/10/20,AZ,B,97,,8,,995,995,,45,,,34622,462,,,,,,3112,,94,0,,,,,,,,0,49474,2106,,,,,37734,556,49474,2106
4/10/20,CA,B,541,,49,,,,2897,0,,1145,145391,200,,,,,,19472,,1163,0,,,,,,,,0,164863,1363,,,,,,0,164863,1363
4/10/20,CO,A,250,,24,,1312,1312,841,91,,,26143,0,,,,,,6510,,308,0,,,,,,,35642,1675,35642,1675,,,,,32653,1473,,0
4/10/20,CT,A,448,189,68,,,,1562,0,,,25750,2032,,,,,,10538,,754,0,,,,,,,,0,36288,2786,,,,,,0,33502,1802
4/10/20,DC,A,38,,6,,,,,0,,,7695,494,,,,,,1660,,137,0,,,,,,426,9355,631,9355,631,,,,,,0,,0
4/10/20,DE,A,36,30,2,6,,,181,0,,,10415,1732,,,,,,1326,,119,0,,,,,1729,177,14303,869,14303,869,,,,,,0,,0
4/10/20,FL,A,390,,36,,2487,2487,,219,,,145299,9114,,,,,,16252,,1033,0,,,,,,,157362,14011,157362,14011,,,,,,0,,0
4/10/20,GA,A,416,,37,,2351,2351,,192,,,34664,4145,,,,,,11483,,917,0,,,,,9391,,,0,46188,1360,,,,,,0,46188,1360
4/10/20,GU,,4,,0,,,,14,0,,2,662,69,,,,,2,130,,2,0,,,,,,41,,0,792,71,,,,,,0,,0
4/10/20,HI,A,6,,1,,42,42,,0,,,15707,391,,,,,,442,,7,0,,,,,410,251,16538,553,16538,553,,,,,,0,,0
4/10/20,IA,A,31,,2,,,,125,0,,55,14565,862,,,,,30,1388,1388,118,0,,,,,,506,,0,15953,980,,,,,,0,,0
4/10/20,ID,A,24,,6,,127,127,67,14,33,,11741,442,,,,,,1353,,121,0,,,,,,,,0,13094,563,,,,,13094,563,,0
4/10/20,IL,A,596,,68,,,,3680,0,,1166,69640,5205,,,,,821,17887,,1465,0,,,,,,,,0,87527,6670,,,,,,0,,0
4/10/20,IN,B,300,,55,,,,,0,,820,28133,2351,,,,,497,6907,,556,0,,,,,7434,,,0,50625,3050,,,,,,0,50625,3050
4/10/20,KS,B,50,,8,,274,274,,11,,,10248,579,,,,,,1166,,60,0,,,,,,,,0,11414,639,,,,,,0,,0
4/10/20,KY,A,90,,17,,459,459,271,459,177,105,22595,2140,,,,,,1693,,347,0,,,,,,464,,0,24288,2487,,,,,,0,24288,2487
4/10/20,LA,A,755,,53,,,,2054,0,,,73027,4391,,,,,479,19253,19253,970,0,,,,,,,,0,92280,5361,,,,,,0,,0
4/10/20,MA,B,832,,107,,2435,2435,2435,133,,,81564,5418,,,,,,20878,,2035,0,,,,,28410,,,0,130773,8851,,,,,,0,130773,8851
4/10/20,MD,A,255,244,34,11,1413,1413,,65,,,37480,2136,,,,,,6968,6968,783,0,,,,,8595,397,,0,48857,3924,,,,,,0,48857,3924
4/10/20,ME,A,17,,1,,111,111,,6,,,6088,0,,,,,,586,586,26,0,,,,,,246,,0,6674,26,,,,,,0,,0
4/10/20,MI,B,1917,1978,161,95,,,3823,0,,1663,59597,3167,,,59597,,1394,30172,29327,1076,0,,,,,30955,56,,0,89769,4243,,,,,,0,90552,4580
4/10/20,MN,A,57,,7,,317,317,143,24,131,64,35346,1664,,,,,,1732,1732,95,0,,,,,,675,37078,1759,37078,1759,,,,,,0,,0
4/10/20,MO,A,96,,19,,,,568,0,,,36941,1986,,2,35533,,,3799,3799,260,0,,,0,,4603,,,0,40173,2271,,,2,,,0,40173,2271
4/10/20,MP,,2,,0,,,,,0,,,27,0,,,,,,11,,0,0,,,,,,,,0,38,0,,,,,,0,,0
4/10/20,MS,A,82,,6,,482,482,,41,,,18632,0,,,,,,2469,,209,0,,,,,,,,0,21101,209,,,,,,0,,0
4/10/20,MT,A,6,,0,,41,41,29,5,,,7932,426,,,,,,365,,11,0,,,,,,165,,0,8297,437,,,,,,0,8297,437
4/10/20,NC,A,74,,9,,,,423,0,,,53737,9579,,,,,,3908,,257,0,,,,,,,,0,57645,9836,,,,,,0,,0
4/10/20,ND,B,6,,1,,36,36,13,2,,,9330,609,,,,,,278,278,9,0,,,,,,105,9401,427,9401,427,,,,,8956,399,9478,432
4/10/20,NE,A,15,,1,,,,,0,,,8719,603,,,8806,,,635,,68,0,,,,,605,,,0,9495,812,,,,,9375,523,9495,812
4/10/20,NH,B,21,,3,,124,124,,6,,,9139,376,,,,,,819,,31,0,,,,,,234,,0,10789,454,,,,,,0,10789,454
4/10/20,NJ,A,2521,1932,285,589,,,7570,0,,1679,58935,2770,,,,,1663,54588,54588,3561,0,,,,,,682,,0,113523,6331,,,,,113523,6331,,0
4/10/20,NM,A,19,,0,,,,75,0,,,26007,0,,,,,18,1091,,0,0,,,,,,235,,0,27098,0,,,,,,0,,0
4/10/20,NV,A,120,,10,,,,282,0,,,20165,850,,,,,,2584,2584,128,0,,,,,,,26537,1141,26537,1141,,,,,,0,27286,1212
4/10/20,NY,A,7844,,777,,45768,45768,18569,2916,,4908,247373,15761,,,,,,170512,170512,10575,0,,,,,,20249,417885,26336,417885,26336,,,,,,0,,0
4/10/20,OH,B,231,227,18,4,1755,1755,,143,548,,52695,2222,,,,,,5878,5836,366,0,,,,,,,,0,58573,2588,,,,,,0,,0
4/10/20,OK,B,88,,8,,428,428,186,13,,122,20370,1775,,,,,,1794,,110,0,,,,,,790,,0,22164,1885,,,,,,0,,0
4/10/20,OR,A,44,,0,,326,326,146,0,,66,24306,0,,,20321,,54,1321,,0,0,,,,,3969,,,0,24290,2185,,,,,,0,24290,2185
4/10/20,PA,A,416,,78,,,,2072,0,,,93040,5666,,,,,611,19979,,1751,0,,,,,,,,0,113019,7417,,,,,113019,7417,,0
4/10/20,PR,A,39,,6,,,,,0,,,5121,418,,,,,,725,,42,0,,,,,,,,0,5846,460,,,,,,0,,0
4/10/20,RI,B,49,,6,,,,169,0,,45,15403,2374,,,16744,,26,2573,2573,404,0,,,,,2641,35,16337,1799,16337,1799,,,,,17976,2778,19385,2997
4/10/20,SC,B,72,,5,,496,496,,255,,,25118,543,,,,,,3065,3065,273,0,,,,,,,,0,28183,816,,,,,,0,,0
4/10/20,SD,A,6,,0,,29,29,,2,,,7111,411,,,,,,536,,89,0,,,,,,177,,0,7647,500,,,,,7647,500,,0
4/10/20,TN,A,98,,4,,536,536,561,31,,,57937,2722,,,,,,4862,,228,0,,,,,,1145,,0,62799,2950,,,,,,0,,0
4/10/20,TX,A,226,,27,,,,1532,0,,,154470,8575,,,,,,11671,11671,1441,0,,,,,17430,1366,,0,166141,10016,,,,,,0,166141,10016
4/10/20,UT,A,17,,4,,183,183,,15,,,41936,1957,,,42954,,,2102,2102,126,0,,,,,2287,,,0,45241,2151,,,,,44103,2053,45241,2151
4/10/20,VA,A,121,,12,,685,685,1238,122,,457,30950,1966,,,,,287,4509,,467,0,,,,,7915,,47392,3372,47392,3372,,,,,,0,,0
4/10/20,VI,,1,,0,,,,3,0,,,273,22,,,,,,50,,4,0,,,,,,43,,0,323,26,,,,,,0,,0
4/10/20,VT,A,24,,1,,,,32,0,,,7249,274,,,,,,680,680,49,0,,,,,,15,,0,8472,308,,,,,7929,323,8472,308
4/10/20,WA,C,476,,17,,,,642,0,,191,122876,4172,,,,,,9786,9786,346,0,,,,,,,133289,4481,133289,4481,,,,,128211,4299,,0
4/10/20,WI,A,128,,17,,904,904,443,61,247,185,33225,1801,,,,,,3665,3068,222,0,,,,,,,38703,1998,38703,1998,,,,,,0,,0
4/10/20,WV,B,5,,0,,,,85,0,,20,14001,661,,,,,22,554,554,31,0,,,,,,63,,0,14555,692,,,,,,0,,0
4/10/20,WY,A,0,,0,,37,37,,3,,,4736,816,,,5778,,,340,253,20,0,,,,,281,105,,0,6059,272,,,,,,0,6059,272
4/9/20,AK,A,7,,0,,30,30,,2,,,6988,146,,,,,,235,,9,0,,,,,,49,,0,7223,155,,,,,,0,7223,155
4/9/20,AL,B,74,,8,,333,333,324,19,,,18058,1305,,,,,,2769,2769,400,0,,,,,,,,0,20827,1705,,,,,20827,1705,,0
4/9/20,AR,A,21,,3,,130,130,73,0,43,,13832,302,,,,39,31,1119,1119,119,0,,,,,,288,,0,14951,421,,,,,,0,14951,421
4/9/20,AS,,0,,0,,,,,0,,,3,0,,,,,,0,0,0,0,,,,,,,,0,3,0,,,,,,0,3,0
4/9/20,AZ,B,89,,9,,950,950,,44,,,34160,2322,,,,,,3018,,292,0,,,,,,,,0,47368,1889,,,,,37178,2614,47368,1889
4/9/20,CA,B,492,,50,,,,2825,0,,1132,145191,17884,,,,,,18309,,1352,0,,,,,,,,0,163500,19236,,,,,,0,163500,19236
4/9/20,CO,A,226,,33,,1221,1221,842,59,,,26143,2599,,,,,,6202,,547,0,,,,,,,33967,2199,33967,2199,,,,,31180,1981,,0
4/9/20,CT,A,380,165,103,,,,1464,0,,,23718,2463,,,,,,9784,,2003,0,,,,,,,,0,33502,4466,,,,,,0,31700,2664
4/9/20,DC,A,32,,5,,,,,0,,,7201,358,,,,,,1523,,83,0,,,,,,393,8724,441,8724,441,,,,,,0,,0
4/9/20,DE,A,34,28,2,6,,,201,0,,,8683,1055,,,,,,1207,,279,0,,,,,1547,173,13434,1218,13434,1218,,,,,,0,,0
4/9/20,FL,A,354,,45,,2268,2268,,206,,,136185,8506,,,,,,15219,,1046,0,,,,,,,143351,6493,143351,6493,,,,,,0,,0
4/9/20,GA,A,379,,17,,2159,2159,,166,,,30519,1633,,,,,,10566,,665,0,,,,,9153,,,0,44828,3829,,,,,,0,44828,3829
4/9/20,GU,,4,,0,,,,14,0,,2,593,31,,,,,2,128,,3,0,,,,,,33,,0,721,34,,,,,,0,,0
4/9/20,HI,A,5,,0,,42,42,,0,,,15316,577,,,,,,435,,25,0,,,,,401,113,15985,756,15985,756,,,,,,0,,0
4/9/20,IA,A,29,,2,,,,122,-193,,,13703,882,,,,,,1270,1270,125,0,,,,,,476,,0,14973,1007,,,,,,0,,0
4/9/20,ID,A,18,,3,,113,113,70,20,29,,11299,611,,,,,,1232,,22,0,,,,,,,,0,12531,633,,,,,12531,633,,0
4/9/20,IL,A,528,,66,,,,3680,0,,1166,64435,4447,,,,,821,16422,,1344,0,,,,,,,,0,80857,5791,,,,,,0,,0
4/9/20,IN,B,245,,42,,,,,0,,924,25782,856,,,,,507,6351,,408,0,,,,,7032,,,0,47575,3381,,,,,,0,47575,3381
4/9/20,KS,B,42,,4,,263,263,,40,,,9669,532,,,,,,1106,,60,0,,,,,,,,0,10775,592,,,,,,0,,0
4/9/20,KY,A,73,,8,,,,,0,,,20455,0,,,,,,1346,,197,0,,,,,,,,0,21801,197,,,,,,0,21801,197
4/9/20,LA,A,702,,50,,,,2014,0,,,68636,4260,,,,,473,18283,18283,1253,0,,,,,,,,0,86919,5513,,,,,,0,,0
4/9/20,MA,B,725,,110,,2302,2302,2302,183,,,76146,5297,,,,,,18843,,2151,0,,,,,26096,,,0,121922,7775,,,,,,0,121922,7775
4/9/20,MD,A,221,210,30,11,1348,1348,,138,,,35344,2411,,,,,,6185,6185,656,0,,,,,7660,376,,0,44933,3155,,,,,,0,44933,3155
4/9/20,ME,A,16,,2,,105,105,,4,,,6088,0,,,,,,560,560,23,0,,,,,,202,,0,6648,23,,,,,,0,,0
4/9/20,MI,B,1756,1822,156,88,,,3826,0,,1628,56430,3254,,,56430,,1434,29096,28303,1032,0,,,,,29542,56,,0,85526,4286,,,,,,0,85972,4786
4/9/20,MN,A,50,,11,,293,293,145,22,119,63,33682,1728,,,,,,1637,1637,103,0,,,,,,625,35319,1831,35319,1831,,,,,,0,,0
4/9/20,MO,A,77,,19,,,,568,0,,,34955,4172,,2,33518,,,3539,3539,212,0,,,0,,4348,,,0,37902,2303,,,2,,,0,37902,2303
4/9/20,MP,,2,,0,,,,,0,,,27,0,,,,,,11,,0,0,,,,,,,,0,38,0,,,,,,0,,0
4/9/20,MS,A,76,,9,,441,441,,31,,,18632,0,,,,,,2260,,257,0,,,,,,,,0,20892,257,,,,,,0,,0
4/9/20,MT,A,6,,0,,36,36,13,5,,,7506,440,,,,,,354,,22,0,,,,,,157,,0,7860,462,,,,,,0,7860,462
4/9/20,NC,A,65,,12,,,,398,0,,,44158,4597,,,,,,3651,,225,0,,,,,,,,0,47809,4822,,,,,,0,,0
4/9/20,ND,B,5,,1,,34,34,14,0,,,8721,420,,,,,,269,269,18,0,,,,,,101,8974,543,8974,543,,,,,8557,498,9046,550
4/9/20,NE,A,14,,2,,,,,0,,,8116,674,,,8056,,,567,,48,0,,,,,549,,,0,8683,667,,,,,8852,785,8683,667
4/9/20,NH,B,18,,0,,118,118,,0,,,8763,374,,,,,,788,,0,0,,,,,,227,,0,10335,447,,,,,,0,10335,447
4/9/20,NJ,A,2236,1700,267,536,,,7363,0,,1523,56165,3186,,,,,1551,51027,51027,3590,0,,,,,,,,0,107192,6776,,,,,107192,6776,,0
4/9/20,NM,A,19,,3,,,,73,0,,,26007,3065,,,,,18,1091,,226,0,,,,,,217,,0,27098,3291,,,,,,0,,0
4/9/20,NV,A,110,,9,,,,282,0,,,19315,1067,,,,,,2456,2456,138,0,,,,,,,25396,1245,25396,1245,,,,,,0,26074,1440
4/9/20,NY,A,7067,,799,,42852,42852,18279,2870,,4925,231612,15775,,,,,,159937,159937,10621,0,,,,,,18297,391549,26396,391549,26396,,,,,,0,,0
4/9/20,OH,B,213,,20,,1612,1612,,117,497,,50473,2280,,,,,,5512,5512,364,0,,,,,,,,0,55985,2644,,,,,,0,,0
4/9/20,OK,B,80,,1,,415,415,188,25,,120,18595,6774,,,,,,1684,,160,0,,,,,,686,,0,20279,6934,,,,,,0,,0
4/9/20,OR,A,44,,11,,326,326,146,2,,66,24306,981,,,18277,,54,1321,,82,0,,,,,3828,,,0,22105,1916,,,,,,0,22105,1916
4/9/20,PA,A,338,,29,,,,2051,0,,,87374,5075,,,,,592,18228,,1989,0,,,,,,,,0,105602,7064,,,,,105602,7064,,0
4/9/20,PR,A,33,,9,,,,,0,,,4703,437,,,,,,683,,63,0,,,,,,,,0,5386,500,,,,,,0,,0
4/9/20,RI,B,43,,8,,,,160,0,,45,13029,1362,,,14167,,26,2169,2169,279,0,,,,,2221,35,14538,2010,14538,2010,,,,,15198,1641,16388,1805
4/9/20,SC,B,67,,4,,241,241,,0,,,24575,2493,,,,,,2792,2792,240,0,,,,,,,,0,27367,2733,,,,,,0,,0
4/9/20,SD,A,6,,0,,27,27,,1,,,6700,345,,,,,,447,,54,0,,,,,,161,,0,7147,399,,,,,7147,399,,0
4/9/20,TN,A,94,,15,,505,505,639,56,,,55215,2959,,,,,,4634,,272,0,,,,,,921,,0,59849,3231,,,,,,0,,0
4/9/20,TX,A,199,,22,,,,1439,0,,,145895,8771,,,,,,10230,10230,877,0,,,,,16406,1101,,0,156125,9648,,,,,,0,156125,9648
4/9/20,UT,A,13,,0,,168,168,,10,,,39979,2101,,,40906,,,1976,1976,130,0,,,,,2184,,,0,43090,2287,,,,,42050,2186,43090,2287
4/9/20,VA,A,109,,34,,563,563,669,0,,469,28984,1984,,,,,285,4042,,397,0,,,,,7378,,44020,2310,44020,2310,,,,,,0,,0
4/9/20,VI,,1,,0,,,,,0,,,251,9,,,,,,46,,1,0,,,,,,39,,0,297,10,,,,,,0,,0
4/9/20,VT,A,23,,0,,,,33,-50,,,6975,198,,,,,,631,631,23,0,,,,,,15,,0,8164,377,,,,,7606,221,8164,377
4/9/20,WA,A,459,,16,,,,650,0,,191,118704,4128,,,,,,9440,9440,413,0,,,,,,,128808,4491,128808,4491,,,,,123912,4306,,0
4/9/20,WI,A,111,,12,,843,843,446,53,230,196,31424,1309,,,,,,3443,2885,164,0,,,,,,,36705,1870,36705,1870,,,,,,0,,0
4/9/20,WV,B,5,,1,,,,,0,,,13340,1257,,,,,,523,523,61,0,,,,,,,,0,13863,1318,,,,,,0,,0
4/9/20,WY,A,0,,0,,34,34,,1,,,3920,77,,,5517,,,320,239,17,0,,,,,270,94,,0,5787,328,,,,,,0,5787,328
4/8/20,AK,A,7,,1,,28,28,,2,,,6842,142,,,,,,226,,13,0,,,,,,32,,0,7068,155,,,,,,0,7068,155
4/8/20,AL,B,66,,10,,314,314,308,43,,,16753,3956,,,,,,2369,2369,250,0,,,,,,,,0,19122,4206,,,,,19122,4206,,0
4/8/20,AR,A,18,,2,,130,130,76,-18,43,,13530,838,,,,39,30,1000,1000,54,0,,,,,,208,,0,14530,892,,,,,,0,14530,892
4/8/20,AS,,0,,0,,,,,0,,,3,0,,,,,,0,0,0,0,,,,,,,,0,3,0,,,,,,0,3,0
4/8/20,AZ,B,80,,7,,906,906,,53,,,31838,1038,,,,,,2726,,151,0,,,,,,,,0,45479,2420,,,,,34564,1189,45479,2420
4/8/20,CA,B,442,,68,,,,2714,0,,1154,127307,11943,,,,,,16957,,1092,0,,,,,,,,0,144264,13035,,,,,,0,144264,13035
4/8/20,CO,A,193,,14,,1162,1162,848,83,,,23544,879,,,,,,5655,,226,0,,,,,,,31768,1233,31768,1233,,,,,29199,1105,,0
4/8/20,CT,A,277,131,0,,,,1308,0,,,21255,0,,,,,,7781,,0,0,,,,,,,,0,29036,0,,,,,,0,29036,2350
4/8/20,DC,A,27,,5,,,,,0,,,6843,231,,,,,,1440,,229,0,,,,,,361,8283,460,8283,460,,,,,,0,,0
4/8/20,DE,A,32,27,4,5,,,147,0,,,7628,0,,,,,,928,,0,0,,,,,1298,144,12216,661,12216,661,,,,,,0,,0
4/8/20,FL,A,309,,13,,2062,2062,,63,,,127679,4264,,,,,,14173,,1006,0,,,,,,,136858,11510,136858,11510,,,,,,0,,0
4/8/20,GA,A,362,,33,,1993,1993,,219,,,28886,3991,,,,,,9901,,1083,0,,,,,8525,,,0,40999,3002,,,,,,0,40999,3002
4/8/20,GU,,4,,0,,,,21,0,,2,562,33,,,,,2,125,,4,0,,,,,,31,,0,687,37,,,,,,0,,0
4/8/20,HI,A,5,,0,,42,42,,16,,,14739,1584,,,,,,410,,23,0,,,,,372,113,15229,830,15229,830,,,,,,0,,0
4/8/20,IA,A,27,,1,,193,193,122,0,,,12821,1151,,,,,,1145,1145,97,0,,,,,,431,,0,13966,1248,,,,,,0,,0
4/8/20,ID,A,15,,2,,93,93,62,10,24,,10688,612,,,,,,1210,,40,0,,,,,,,,0,11898,652,,,,,11898,652,,0
4/8/20,IL,A,462,,82,,,,3680,0,,1166,59988,4805,,,,,821,15078,,1529,0,,,,,,,,0,75066,6334,,,,,,0,,0
4/8/20,IN,B,203,,30,,,,,0,,924,24926,1669,,,,,507,5943,,436,0,,,,,6475,,,0,44194,3016,,,,,,0,44194,3016
4/8/20,KS,B,38,,11,,223,223,,0,,,9137,523,,,,,,1046,,146,0,,,,,,,,0,10183,669,,,,,,0,,0
4/8/20,KY,A,65,,6,,,,,0,,,20455,1508,,,,,,1149,,141,0,,,,,,,,0,21604,1649,,,,,,0,21604,1649
4/8/20,LA,A,652,,70,,,,1983,0,,,64376,6005,,,,,490,17030,17030,746,0,,,,,,,,0,81406,6751,,,,,,0,,0
4/8/20,MA,B,615,,100,,2119,2119,2119,288,,,70849,4579,,,,,,16692,,1588,0,,,,,23820,,,0,114147,7958,,,,,,0,114147,7958
4/8/20,MD,A,191,181,31,10,1210,1210,,104,,,32933,5677,,,,,,5529,5529,1158,0,,,,,6976,365,,0,41778,7936,,,,,,0,41778,7936
4/8/20,ME,A,14,,2,,101,101,,2,,,6088,0,,,,,,537,537,18,0,,,,,,187,,0,6625,18,,,,,,0,,0
4/8/20,MI,B,1600,1668,151,78,,,,0,,,53176,2832,,,53176,,,28064,27334,1100,0,,,,,28010,56,,0,81240,3932,,,,,,0,81186,4053
4/8/20,MN,A,39,,5,,271,271,135,29,105,64,31954,1351,,,,,,1534,1534,102,0,,,,,,593,33488,1453,33488,1453,,,,,,0,,0
4/8/20,MO,A,58,,5,,,,519,0,,,30783,1851,,2,31459,,,3327,3327,290,0,,,0,,4106,,,0,35599,2744,,,2,,,0,35599,2744
4/8/20,MP,,2,,0,,,,,0,,,27,12,,,,,,11,,3,0,,,,,,,,0,38,15,,,,,,0,,0
4/8/20,MS,A,67,,8,,410,410,,33,,,18632,0,,,,,,2003,,88,0,,,,,,,,0,20635,88,,,,,,0,,0
4/8/20,MT,A,6,,0,,31,31,,3,,,7066,400,,,,,,332,,13,0,,,,,,135,,0,7398,413,,,,,,0,7398,413
4/8/20,NC,A,53,,7,,,,386,0,,,39561,1700,,,,,,3426,,205,0,,,,,,,,0,42987,1905,,,,,,0,,0
4/8/20,ND,B,4,,0,,34,34,16,1,,,8301,835,,,,,,251,251,14,0,,,,,,98,8431,877,8431,877,,,,,8059,828,8496,884
4/8/20,NE,A,12,,2,,,,,0,,,7442,631,,,7439,,,519,,72,0,,,,,502,,,0,8016,561,,,,,8067,798,8016,561
4/8/20,NH,B,18,,9,,118,118,,15,,,8389,370,,,,,,788,,73,0,,,,,,211,,0,9888,431,,,,,,0,9888,431
4/8/20,NJ,A,1969,1504,338,465,,,7026,0,,1617,52979,2421,,,,,1576,47437,47437,3021,0,,,,,,,,0,100416,5442,,,,,100416,5442,,0
4/8/20,NM,A,16,,3,,,,59,0,,,22942,1491,,,,,18,865,,71,0,,,,,,201,,0,23807,1562,,,,,,0,,0
4/8/20,NV,A,101,,10,,,,282,0,,,18248,1696,,,,,,2318,2318,231,0,,,,,,,24151,1081,24151,1081,,,,,,0,24634,2816
4/8/20,NY,A,6268,,779,,39982,39982,18079,3050,,4841,215837,14642,,,,,,149316,149316,10453,0,,,,,,16353,365153,25095,365153,25095,,,,,,0,,0
4/8/20,OH,B,193,,26,,1495,1495,,141,472,,48193,2137,,,,,,5148,5148,366,0,,,,,,,,0,53341,2503,,,,,,0,,0
4/8/20,OK,B,79,,12,,390,390,188,14,,120,11821,0,,,,,,1524,,52,0,,,,,,686,,0,13345,52,,,,,,0,,0
4/8/20,OR,A,33,,0,,324,324,156,0,,61,23325,1499,,,16529,,58,1239,,58,0,,,,,3660,,,0,20189,2168,,,,,,0,20189,2168
4/8/20,PA,A,309,,69,,,,1898,0,,,82299,5580,,,,,603,16239,,1680,0,,,,,,,,0,98538,7260,,,,,98538,7260,,0
4/8/20,PR,A,24,,1,,,,,0,,,4266,300,,,,,,620,,47,0,,,,,,,,0,4886,347,,,,,,0,,0
4/8/20,RI,B,35,,5,,,,143,0,,45,11667,1572,,,12646,,26,1890,1890,273,0,,,,,1937,35,12528,1913,12528,1913,,,,,13557,1845,14583,2013
4/8/20,SC,B,63,,12,,241,241,,0,,,22082,819,,,,,,2552,2552,135,0,,,,,,,,0,24634,954,,,,,,0,,0
4/8/20,SD,A,6,,0,,26,26,,3,,,6355,407,,,,,,393,,73,0,,,,,,146,,0,6748,480,,,,,6748,480,,0
4/8/20,TN,A,79,,7,,449,449,708,41,,,52256,3520,,,,,,4362,,224,0,,,,,,592,,0,56618,3744,,,,,,0,,0
4/8/20,TX,A,177,,23,,,,1491,0,,,137124,9682,,,,,,9353,9353,1092,0,,,,,15378,38,,0,146477,10774,,,,,,0,146477,10774
4/8/20,UT,A,13,,0,,158,158,,10,,,37878,2276,,,38725,,,1846,1846,108,0,,,,,2078,,,0,40803,2493,,,,,39864,2399,40803,2493
4/8/20,VA,A,75,,12,,563,563,,66,,,27000,1688,,,,,,3645,,312,0,,,,,6923,,41710,2391,41710,2391,,,,,,0,,0
4/8/20,VI,,1,,0,,,,,0,,,242,20,,,,,,45,,2,0,,,,,,39,,0,287,22,,,,,,0,,0
4/8/20,VT,A,23,,0,,50,50,35,5,,,6777,324,,,,,,608,608,33,0,,,,,,15,,0,7787,393,,,,,7385,357,7787,393
4/8/20,WA,A,443,,14,,,,655,0,,186,114576,4720,,,,,,9027,9027,395,0,,,,,,,124317,5065,124317,5065,,,,,119606,4804,,0
4/8/20,WI,A,99,,7,,790,790,351,45,218,157,30115,1603,,,,,,3279,2756,215,0,,,,,,,34835,1778,34835,1778,,,,,,0,,0
4/8/20,WV,B,4,,0,,,,,0,,,12083,436,,,,,,462,462,50,0,,,,,,,,0,12545,486,,,,,,0,,0
4/8/20,WY,A,0,,0,,33,33,,0,,,3843,54,,,5203,,,303,230,87,0,,,,,256,62,,0,5459,279,,,,,,0,5459,279
4/7/20,AK,A,6,,0,,26,26,,1,,,6700,8,,,,,,213,,22,0,,,,,,29,,0,6913,30,,,,,,0,6913,30
4/7/20,AL,B,56,,6,,271,271,302,31,,,12797,0,,,,,,2119,2119,151,0,,,,,,,,0,14916,151,,,,,14916,151,,0
4/7/20,AR,A,16,,0,,148,148,74,11,,,12692,722,,,,43,26,946,946,71,0,,,,,,142,,0,13638,793,,,,,,0,13638,793
4/7/20,AS,,0,,0,,,,,0,,,3,0,,,,,,0,0,0,0,,,,,,,,0,3,0,,,,,,0,3,0
4/7/20,AZ,B,73,,8,,853,853,,34,,,30800,722,,,,,,2575,,119,0,,,,,,,,0,43059,3664,,,,,33375,841,43059,3664
4/7/20,CA,B,374,,31,,,,2611,0,,1108,115364,12269,,,,,,15865,,1529,0,,,,,,,,0,131229,13798,,,,,,0,131229,13798
4/7/20,CO,A,179,,29,,1079,1079,833,85,,,22665,962,,,,,,5429,,257,0,,,,,,,30535,1634,30535,1634,,,,,28094,1219,,0
4/7/20,CT,A,277,112,71,,,,1308,0,,,21255,1475,,,,,,7781,,875,0,,,,,,,,0,29036,2350,,,,,,0,26686,3416
4/7/20,DC,A,22,,-2,,,,,0,,,6612,256,,,,,,1211,,114,0,,,,,,318,7823,370,7823,370,,,,,,0,,0
4/7/20,DE,A,28,23,4,5,,,147,0,,,7628,1307,,,,,,928,,255,0,,,,,1203,144,11555,861,11555,861,,,,,,0,,0
4/7/20,FL,A,296,,60,,1999,1999,,317,,,123415,13465,,,,,,13167,,1159,0,,,,,,,125348,11063,125348,11063,,,,,,0,,0
4/7/20,GA,A,329,,100,,1774,1774,,442,,,24895,935,,,,,,8818,,1504,0,,,,,7817,,,0,37997,6647,,,,,,0,37997,6647
4/7/20,GU,,4,,0,,,,21,0,,2,529,24,,,,,2,121,,8,0,,,,,,27,,0,650,32,,,,,,0,,0
4/7/20,HI,A,5,,1,,26,26,,5,,,13155,0,,,,,,387,,16,0,,,,,347,89,14399,701,14399,701,,,,,,0,,0
4/7/20,IA,A,26,,1,,193,193,104,14,,,11670,1017,,,,,,1048,1048,102,0,,,,,,341,,0,12718,1119,,,,,,0,,0
4/7/20,ID,A,13,,3,,83,83,67,6,21,,10076,182,,,,,,1170,,69,0,,,,,,,,0,11246,251,,,,,11246,251,,0
4/7/20,IL,A,380,,73,,,,3680,0,,1166,55183,4503,,,,,821,13549,,1287,0,,,,,,,,0,68732,5790,,,,,,0,,0
4/7/20,IN,B,173,,34,,,,,0,,924,23257,2010,,,,,507,5507,,563,0,,,,,6008,,,0,41178,2697,,,,,,0,41178,2697
4/7/20,KS,B,27,,2,,223,223,,25,,,8614,375,,,,,,900,,55,0,,,,,,,,0,9514,430,,,,,,0,,0
4/7/20,KY,A,59,,14,,,,,0,,,18947,1135,,,,,,1008,,53,0,,,,,,,,0,19955,1188,,,,,,0,19955,1188
4/7/20,LA,A,582,,70,,,,1996,0,,,58371,4072,,,,,519,16284,16284,1417,0,,,,,,,,0,74655,5489,,,,,,0,,0
4/7/20,MA,B,515,,67,,1831,1831,1831,164,,,66270,3550,,,,,,15104,,1365,0,,,,,21713,,,0,106189,7622,,,,,,0,106189,7622
4/7/20,MD,A,160,152,22,8,1106,1106,,47,,,27256,1684,,,,,,4371,4371,326,0,,,,,5376,288,,0,33842,1404,,,,,,0,33842,1404
4/7/20,ME,A,12,,2,,99,99,,7,,,6088,0,,,,,,519,519,20,0,,,,,,176,,0,6607,20,,,,,,0,,0
4/7/20,MI,B,1449,1522,158,72,,,,0,,,50344,3082,,,50344,,,26964,26290,1179,0,,,,,26789,56,,0,77308,4261,,,,,,0,77133,4852
4/7/20,MN,A,34,,4,,242,242,120,19,100,64,30603,1448,,,,,,1432,1432,102,0,,,,,,515,32035,1550,32035,1550,,,,,,0,,0
4/7/20,MO,A,53,,14,,,,508,0,,,28932,1819,,2,29042,,,3037,3037,315,0,,,0,,3786,,,0,32855,901,,,2,,,0,32855,901
4/7/20,MP,,2,,1,,,,,0,,,15,2,,,,,,8,,0,0,,,,,,,,0,23,2,,,,,,0,,0
4/7/20,MS,A,59,,8,,377,377,,-98,,,18632,0,,,,,,1915,,177,0,,,,,,,,0,20547,177,,,,,,0,,0
4/7/20,MT,A,6,,0,,28,28,,4,,,6666,175,,,,,,319,,20,0,,,,,,,,0,6985,195,,,,,,0,6985,196
4/7/20,NC,A,46,,13,,,,354,0,,,37861,5,,,,,,3221,,351,0,,,,,,,,0,41082,356,,,,,,0,,0
4/7/20,ND,B,4,,1,,33,33,18,1,,,7466,478,,,,,,237,237,12,0,,,,,,82,7554,437,7554,437,,,,,7231,416,7612,443
4/7/20,NE,A,10,,2,,,,,0,,,6811,433,,,6933,,,447,,38,0,,,,,452,,,0,7455,1083,,,,,7269,473,7455,1083
4/7/20,NH,B,9,,0,,103,103,,11,,,8019,318,,,,,,715,,46,0,,,,,,151,,0,9457,360,,,,,,0,9457,360
4/7/20,NJ,A,1631,1232,297,399,,,7017,0,,1651,50558,2616,,,,,1540,44416,44416,3326,0,,,,,,,,0,94974,5942,,,,,94974,5942,,0
4/7/20,NM,A,13,,1,,,,51,0,,,21451,312,,,,,18,794,,108,0,,,,,,171,,0,22245,420,,,,,,0,,0
4/7/20,NV,A,91,,12,,,,282,0,,,16552,876,,,,,,2087,2087,134,0,,,,,,,23070,1328,23070,1328,,,,,,0,21818,1062
4/7/20,NY,A,5489,,731,,36932,36932,17493,2555,,4539,201195,11073,,,,,,138863,138863,8174,0,,,,,,14590,340058,19247,340058,19247,,,,,,0,,0
4/7/20,OH,B,167,,25,,1354,1354,,140,417,,46056,2128,,,,,,4782,4782,332,0,,,,,,,,0,50838,2460,,,,,,0,,0
4/7/20,OK,B,67,,16,,376,376,186,36,,137,11821,10399,,,,,,1472,,145,0,,,,,,612,,0,13293,10544,,,,,,0,,0
4/7/20,OR,A,33,,6,,324,324,,66,,,21826,1157,,,14897,,69,1181,,49,0,,,,,3124,,,0,18021,2291,,,,,,0,18021,2291
4/7/20,PA,A,240,,78,,,,1665,-1145,,,76719,5845,,,,,548,14559,,1579,0,,,,,,,,0,91278,7424,,,,,91278,7424,,0
4/7/20,PR,A,23,,2,,,,,0,,,3966,534,,,,,,573,,60,0,,,,,,,,0,4539,594,,,,,,0,,0
4/7/20,RI,B,30,,3,,,,123,0,,40,10095,1486,,,10923,,26,1617,1617,261,0,,,,,1647,35,10615,1924,10615,1924,,,,,11712,1747,12570,1916
4/7/20,SC,B,51,,7,,241,241,,0,,,21263,4336,,,,,,2417,2417,368,0,,,,,,,,0,23680,4704,,,,,,0,,0
4/7/20,SD,A,6,,2,,23,23,,0,,,5948,216,,,,,,320,,32,0,,,,,,98,,0,6268,248,,,,,6268,248,,0
4/7/20,TN,A,72,,7,,408,408,802,56,,,48736,5188,,,,,,4138,,336,0,,,,,,466,,0,52874,5524,,,,,,0,,0
4/7/20,TX,A,154,,14,,,,1252,0,,,127442,9147,,,,,,8261,8261,988,0,,,,,14319,38,,0,135703,10135,,,,,,0,135703,10135
4/7/20,UT,A,13,,0,,148,148,,10,,,35602,2202,,,36359,,,1738,1738,63,0,,,,,1951,,,0,38310,2395,,,,,37465,2310,38310,2395
4/7/20,VA,A,63,,9,,497,497,,66,,,25312,3669,,,,,,3333,,455,0,,,,,6533,,39319,2962,39319,2962,,,,,,0,,0
4/7/20,VI,,1,,0,,,,,0,,,222,0,,,,,,43,,0,0,,,,,,36,,0,265,0,,,,,,0,,0
4/7/20,VT,A,23,,0,,45,45,29,0,,,6453,469,,,,,,575,575,32,0,,,,,,15,,0,7394,512,,,,,7028,501,7394,512
4/7/20,WA,A,429,,22,,,,641,0,,190,109856,5063,,,,,,8632,8632,171,0,,,,,,,119252,5476,119252,5476,,,,,114802,5229,,0
4/7/20,WI,A,92,,15,,745,745,334,77,200,157,28512,1938,,,,,,3064,2578,198,0,,,,,,,33057,1420,33057,1420,,,,,,0,,0
4/7/20,WV,B,4,,0,,,,,0,,,11647,2052,,,,,,412,412,67,0,,,,,,,,0,12059,2119,,,,,,0,,0
4/7/20,WY,A,0,,0,,33,33,,10,,,3789,70,,,4939,,,216,216,6,0,,,,,241,62,,0,5180,367,,,,,,0,5180,367
4/6/20,AK,A,6,,0,,25,25,,4,,,6692,593,,,,,,191,,6,0,,,,,,,,0,6883,599,,,,,,0,6883,599
4/6/20,AL,B,50,,5,,240,240,297,9,,,12797,1515,,,,,,1968,1968,172,0,,,,,,,,0,14765,1687,,,,,14765,1687,,0
4/6/20,AR,A,16,,0,,137,137,74,7,,,11970,1558,,,,39,22,875,875,45,0,,,,,,102,,0,12845,1603,,,,,,0,12845,1603
4/6/20,AS,,0,,0,,,,,0,,,3,0,,,,,,0,0,0,0,,,,,,,,0,3,0,,,,,,0,3,0
4/6/20,AZ,B,65,,1,,819,819,,59,,,30078,4937,,,,,,2456,,187,0,,,,,,,,0,39395,948,,,,,32534,5124,39395,948
4/6/20,CA,B,343,,24,,,,2509,0,,1085,103095,0,,,,,,14336,,898,0,,,,,,,,0,117431,898,,,,,,0,117431,898
4/6/20,CO,A,150,,10,,994,994,786,70,,,21703,880,,,,,,5172,,222,0,,,,,,,28901,1202,28901,1202,,,,,26875,1102,,0
4/6/20,CT,A,206,85,17,,,,1221,0,,,19780,2185,,,,,,6906,,1231,0,,,,,,,,0,26686,3416,,,,,,0,23270,1241
4/6/20,DC,A,24,,2,,,,,0,,,6356,520,,,,,,1097,,99,0,,,,,,287,7453,619,7453,619,,,,,,0,,0
4/6/20,DE,A,24,20,5,4,,,101,0,,,6321,0,,,,,,673,,0,0,,,,,1053,71,10694,1247,10694,1247,,,,,,0,,0
4/6/20,FL,A,236,,18,,1682,1682,,110,,,109950,8697,,,,,,12008,,763,0,,,,,,,114285,7018,114285,7018,,,,,,0,,0
4/6/20,GA,A,229,,18,,1332,1332,,49,,,23960,2775,,,,,,7314,,667,0,,,,,6154,,,0,31350,3409,,,,,,0,31350,3409
4/6/20,GU,,4,,0,,,,21,0,,2,505,12,,,,,,113,,1,0,,,,,,25,,0,618,13,,,,,,0,,0
4/6/20,HI,A,4,,0,,21,21,,2,,,13155,551,,,,,,371,,20,0,,,,,330,85,13698,450,13698,450,,,,,,0,,0
4/6/20,IA,A,25,,3,,179,179,99,14,,,10653,680,,,,,,946,946,78,0,,,,,,284,,0,11599,758,,,,,,0,,0
4/6/20,ID,A,10,,0,,77,77,62,11,16,,9894,710,,,,,,1101,,24,0,,,,,,,,0,10995,734,,,,,10995,734,,0
4/6/20,IL,A,307,,33,,,,,0,,,50680,2953,,,,,,12262,,1006,0,,,,,,,,0,62942,3959,,,,,,0,,0
4/6/20,IN,B,139,,12,,,,,0,,924,21247,3006,,,,,507,4944,,533,0,,,,,5526,,,0,38481,1231,,,,,,0,38481,1231
4/6/20,KS,B,25,,3,,198,198,,15,,,8239,763,,,,,,845,,98,0,,,,,,,,0,9084,861,,,,,,0,,0
4/6/20,KY,A,45,,5,,,,,0,,,17812,2066,,,,,,955,,38,0,,,,,,,,0,18767,2104,,,,,,0,18767,2104
4/6/20,LA,A,512,,35,,,,1981,0,,,54299,6984,,,,,552,14867,14867,1857,0,,,,,,,,0,69166,8841,,,,,,0,,0
4/6/20,MA,B,448,,78,,1667,1667,1667,35,,,62720,3155,,,,,,13739,,1337,0,,,,,19472,,,0,98567,7580,,,,,,0,98567,7580
4/6/20,MD,A,138,131,16,7,1059,1059,,123,,,25572,844,,,,,,4045,4045,436,0,,,,,5070,184,,0,32438,2633,,,,,,0,32438,2633
4/6/20,ME,A,10,,0,,92,92,,6,,,6088,0,,,,,,499,499,29,0,,,,,,158,,0,6587,29,,,,,,0,,0
4/6/20,MI,B,1291,1377,141,66,,,,0,,,47262,3108,,,47262,,,25785,25186,1327,0,,,,,25019,56,,0,73047,4435,,,,,,0,72281,5226
4/6/20,MN,A,30,,1,,223,223,115,21,90,57,29155,1065,,,,,,1330,1330,113,0,,,,,,440,30485,1178,30485,1178,,,,,,0,,0
4/6/20,MO,A,39,,5,,,,439,0,,,27113,2231,,2,28257,,,2722,2722,355,0,,,0,,3673,,,0,31954,1103,,,2,,,0,31954,1103
4/6/20,MP,,1,,0,,,,,0,,,13,0,,,,,,8,,0,0,,,,,,,,0,21,0,,,,,,0,,0
4/6/20,MS,A,51,,8,,475,475,,0,,,18632,13052,,,,,,1738,,100,0,,,,,,,,0,20370,13152,,,,,,0,,0
4/6/20,MT,A,6,,0,,24,24,,0,,,6491,174,,,,,,299,,13,0,,,,,,,,0,6790,187,,,,,,0,6789,186
4/6/20,NC,A,33,,2,,,,270,0,,,37856,396,,,,,,2870,,285,0,,,,,,,,0,40726,681,,,,,,0,,0
4/6/20,ND,B,3,,0,,32,32,19,1,,,6988,408,,,,,,225,225,18,0,,,,,,74,7117,357,7117,357,,,,,6815,339,7169,362
4/6/20,NE,A,8,,0,,,,,0,,,6378,820,,,5917,,,409,,46,0,,,,,385,,,0,6372,423,,,,,6796,863,6372,423
4/6/20,NH,B,9,,0,,92,92,,6,,,7701,290,,,,,,669,,48,0,,,,,,147,,0,9097,336,,,,,,0,9097,336
4/6/20,NJ,A,1334,1003,150,331,,,6390,0,,,47942,3281,,,,,1263,41090,41090,3585,0,,,,,,,,0,89032,6866,,,,,89032,6866,,0
4/6/20,NM,A,12,,0,,,,48,0,,,21139,2627,,,,,18,686,,62,0,,,,,,133,,0,21825,2689,,,,,,0,,0
4/6/20,NV,A,79,,3,,,,,0,,,15676,681,,,,,,1953,1953,117,0,,,,,,,21742,536,21742,536,,,,,,0,20756,848
4/6/20,NY,A,4758,,599,,34377,34377,16837,2084,,4504,190122,9873,,,,,,130689,130689,8658,0,,,,,,13366,320811,18531,320811,18531,,,,,,0,,0
4/6/20,OH,B,142,,23,,1214,1214,,110,371,,43928,4215,,,,,,4450,4450,407,0,,,,,,,,0,48378,4622,,,,,,0,,0
4/6/20,OK,B,51,,5,,340,340,161,10,,143,1422,21,,,,,,1327,,75,0,,,,,,522,,0,2749,96,,,,,,0,,0
4/6/20,OR,A,27,,0,,258,258,,0,,,20669,1113,,,12775,,40,1132,,64,0,,,,,2955,,,0,15730,1524,,,,,,0,15730,1524
4/6/20,PA,A,162,,12,,1145,1145,,73,,,70874,4613,,,,,533,12980,,1470,0,,,,,,,,0,83854,6083,,,,,83854,6083,,0
4/6/20,PR,A,21,,1,,,,,0,,,3432,359,,,,,,513,,38,0,,,,,,,,0,3945,397,,,,,,0,,0
4/6/20,RI,B,27,,2,,,,109,0,,37,8609,1577,,,9292,,26,1356,1356,206,0,,,,,1362,35,8691,1343,8691,1343,,,,,9965,1783,10654,1925
4/6/20,SC,B,44,,0,,241,241,,0,,,16927,0,,,,,,2049,2049,0,0,,,,,,,,0,18976,0,,,,,,0,,0
4/6/20,SD,A,4,,2,,23,23,,1,,,5732,379,,,,,,288,,48,0,,,,,,91,,0,6020,427,,,,,6020,427,,0
4/6/20,TN,A,65,,21,,352,352,834,24,,,43548,1881,,,,,,3802,,169,0,,,,,,356,,0,47350,2050,,,,,,0,,0
4/6/20,TX,A,140,,13,,,,1153,0,,,118295,6222,,,,,,7273,7273,480,0,,,,,13274,38,,0,125568,6702,,,,,,0,125568,6702
4/6/20,UT,A,13,,5,,138,138,,14,,,33400,1304,,,34081,,,1675,1675,70,0,,,,,1834,,,0,35915,1438,,,,,35155,1373,35915,1438
4/6/20,VA,A,54,,3,,431,431,,41,,,21643,609,,,,,,2878,,241,0,,,,,6122,,36357,3809,36357,3809,,,,,,0,,0
4/6/20,VI,,1,,0,,,,,0,,,222,16,,,,,,43,,1,0,,,,,,36,,0,265,17,,,,,,0,,0
4/6/20,VT,A,23,,1,,45,45,28,0,,,5984,324,,,,,,543,543,31,0,,,,,,15,,0,6882,389,,,,,6527,355,6882,389
4/6/20,WA,A,407,,21,,,,638,0,,191,104793,4989,,,,,,8461,8461,207,0,,,,,,,113776,5383,113776,5383,,,,,109573,5136,,0
4/6/20,WI,A,77,,9,,668,668,300,44,186,136,26574,1405,,,,,,2866,2440,223,0,,,,,,,31637,1603,31637,1603,,,,,,0,,0
4/6/20,WV,B,4,,1,,,,,0,,,9595,1081,,,,,,345,345,21,0,,,,,,,,0,9940,1102,,,,,,0,,0
4/6/20,WY,A,0,,0,,23,23,,0,,,3719,679,,,4585,,,210,210,13,0,,,,,228,52,,0,4813,433,,,,,,0,4813,433
4/5/20,AK,A,6,,1,,21,21,,4,,,6099,230,,,,,,185,,14,0,,,,,,,,0,6284,244,,,,,,0,6284,244
4/5/20,AL,B,45,,2,,231,231,282,19,,,11282,2009,,,,,,1796,1796,216,0,,,,,,,,0,13078,2225,,,,,13078,2225,,0
4/5/20,AR,A,16,,2,,130,130,67,24,,,10412,785,,,,39,27,830,830,87,0,,,,,,97,,0,11242,872,,,,,,0,11242,872
4/5/20,AS,,0,,0,,,,,0,,,3,0,,,,,,0,0,0,0,,,,,,,,0,3,0,,,,,,0,3,0
4/5/20,AZ,B,64,,12,,760,760,,49,,,25141,0,,,,,,2269,,250,0,,,,,,,,0,38447,1138,,,,,27410,250,38447,1138
4/5/20,CA,B,319,,43,,,,2398,0,,1040,103095,1421,,,,,,13438,,1412,0,,,,,,,,0,116533,2833,,,,,,0,116533,2833
4/5/20,CO,A,140,,14,,924,924,786,49,,,20823,1488,,,,,,4950,,385,0,,,,,,,27699,2120,27699,2120,,,,,25773,1873,,0
4/5/20,CT,A,189,69,24,,,,1142,0,,,17595,842,,,,,,5675,,399,0,,,,,,,,0,23270,1241,,,,,,0,22029,2014
4/5/20,DC,A,22,,1,,,,,0,,,5836,300,,,,,,998,,96,0,,,,,,258,6834,396,6834,396,,,,,,0,,0
4/5/20,DE,C,19,16,2,3,,,101,0,,,6321,447,,,,,,673,,80,0,,,,,834,71,9447,1071,9447,1071,,,,,,0,,0
4/5/20,FL,A,218,,27,,1572,1572,,110,,,101253,10297,,,,,,11245,,1148,0,,,,,,,107267,12143,107267,12143,,,,,,0,,0
4/5/20,GA,A,211,,10,,1283,1283,,44,,,21185,1051,,,,,,6647,,487,0,,,,,5573,,,0,27941,1604,,,,,,0,27941,1604
4/5/20,GU,,4,,0,,,,21,0,,2,493,21,,,,,,112,,19,0,,,,,,23,,0,605,40,,,,,,0,,0
4/5/20,HI,A,4,,1,,19,19,,1,,,12604,645,,,,,,351,,32,0,,,,,317,82,13248,760,13248,760,,,,,,0,,0
4/5/20,IA,C,22,,8,,165,165,91,12,,,9973,519,,,,,,868,868,82,0,,,,,,188,,0,10841,601,,,,,,0,,0
4/5/20,ID,A,10,,0,,66,66,51,4,11,,9184,1327,,,,,,1077,,64,0,,,,,,,,0,10261,1391,,,,,10261,1391,,0
4/5/20,IL,A,274,,31,,,,,0,,,47727,4503,,,,,,11256,,899,0,,,,,,,,0,58983,5402,,,,,,0,,0
4/5/20,IN,B,127,,11,,,,,0,,,18241,2394,,,,,,4411,,458,0,,,,,5300,,,0,37250,1789,,,,,,0,37250,1789
4/5/20,KS,B,22,,1,,183,183,,11,,,7476,596,,,,,,747,,49,0,,,,,,,,0,8223,645,,,,,,0,,0
4/5/20,KY,A,40,,3,,,,,0,,,15746,1005,,,,,,917,,86,0,,,,,,,,0,16663,1091,,,,,,0,16663,1091
4/5/20,LA,A,477,,68,,,,1803,0,,,47315,1313,,,,,561,13010,13010,514,0,,,,,,,,0,60325,1827,,,,,,0,,0
4/5/20,MA,B,370,,66,,1632,1632,1632,262,,,59565,2374,,,,,,12402,,765,0,,,,,17371,,,0,90987,4102,,,,,,0,90987,4102
4/5/20,MD,A,122,115,21,7,936,936,,115,,,24728,2243,,,,,,3609,3609,484,0,,,,,4444,159,,0,29805,3401,,,,,,0,29805,3401
4/5/20,ME,A,10,,0,,86,86,,3,,,6088,0,,,,,,470,470,14,0,,,,,,156,,0,6558,14,,,,,,0,,0
4/5/20,MI,B,1150,1225,120,58,,,,0,,,44154,2949,,,44154,,,24458,23908,877,0,,,,,22901,56,,0,68612,3826,,,,,,0,67055,4850
4/5/20,MN,A,29,,5,,202,202,106,22,77,48,28090,1403,,,,,,1217,1217,59,0,,,,,,422,29307,1462,29307,1462,,,,,,0,,0
4/5/20,MO,C,34,,10,,,,424,0,,,24882,2268,,1,27303,,,2367,2367,76,0,,,0,,3526,,,0,30851,1974,,,1,,,0,30851,1974
4/5/20,MP,,1,,0,,,,,0,,,13,0,,,,,,8,,0,0,,,,,,,,0,21,0,,,,,,0,,0
4/5/20,MS,B,43,,8,,475,475,,39,,,5580,447,,,,,,1638,,183,0,,,,,,,,0,7218,630,,,,,,0,,0
4/5/20,MT,A,6,,1,,24,24,,0,,,6317,405,,,,,,286,,21,0,,,,,,,,0,6603,426,,,,,,0,6603,374
4/5/20,NC,A,31,,7,,,,261,0,,,37460,1089,,,,,,2585,,183,0,,,,,,,,0,40045,1272,,,,,,0,,0
4/5/20,ND,B,3,,0,,31,31,20,1,,,6580,559,,,,,,207,207,21,0,,,,,,63,6760,440,6760,440,,,,,6476,412,6807,446
4/5/20,NE,A,8,,2,,,,,0,,,5558,500,,,5535,,,363,,42,0,,,,,346,,,0,5949,659,,,,,5933,544,5949,659
4/5/20,NH,B,9,,2,,86,86,,6,,,7411,446,,,,,,621,,81,0,,,,,,146,,0,8761,479,,,,,,0,8761,479
4/5/20,NJ,A,1184,917,126,267,,,4000,0,,,44661,3429,,,,,,37505,37505,3381,0,,,,,,,,0,82166,6810,,,,,82166,6810,,0
4/5/20,NM,A,12,,1,,,,45,0,,,18512,2227,,,,,18,624,,81,0,,,,,,130,,0,19136,2308,,,,,,0,,0
4/5/20,NV,A,76,,6,,,,,0,,,14995,574,,,,,,1836,1836,94,0,,,,,,,21206,849,21206,849,,,,,,0,19908,709
4/5/20,NY,A,4159,,594,,32293,32293,16479,2822,,4376,180249,10332,,,,,,122031,122031,8327,0,,,,,,12187,302280,18659,302280,18659,,,,,,0,,0
4/5/20,OH,B,119,,17,,1104,1104,,98,346,,39713,1581,,,,,,4043,4043,304,0,,,,,,,,0,43756,1885,,,,,,0,,0
4/5/20,OK,B,46,,4,,330,330,,14,,,1401,39,,,,,,1252,,93,0,,,,,,,,0,2653,132,,,,,,0,,0
4/5/20,OR,A,27,,1,,258,258,,19,,,19556,3021,,,11359,,40,1068,,69,0,,,,,2847,,,0,14206,1884,,,,,,0,14206,1884
4/5/20,PA,A,150,,14,,1072,1072,,68,,,66261,6248,,,,,,11510,,1493,0,,,,,,,,0,77771,7741,,,,,77771,7741,,0
4/5/20,PR,A,20,,2,,,,,0,,,3073,468,,,,,,475,,23,0,,,,,,,,0,3548,491,,,,,,0,,0
4/5/20,RI,B,25,,8,,,,103,0,,33,7032,1070,,,7585,,6,1150,1150,182,0,,,,,1144,35,7348,803,7348,803,,,,,8182,1252,8729,1343
4/5/20,SC,B,44,,4,,241,241,,0,,,16927,530,,,,,,2049,2049,132,0,,,,,,,,0,18976,662,,,,,,0,,0
4/5/20,SD,A,2,,0,,22,22,,3,,,5353,341,,,,,,240,,28,0,,,,,,84,,0,5593,369,,,,,5593,369,,0
4/5/20,TN,A,44,,1,,328,328,637,17,,,41667,3597,,,,,,3633,,312,0,,,,,,295,,0,45300,3909,,,,,,0,,0
4/5/20,TX,A,127,,22,,,,827,0,,,112073,4244,,,,,,6793,6793,681,0,,,,,12693,38,,0,118866,4925,,,,,,0,118866,4925
4/5/20,UT,A,8,,0,,124,124,,7,,,32096,1865,,,32713,,,1605,1605,177,0,,,,,1764,,,0,34477,2048,,,,,33782,1978,34477,2048
4/5/20,VA,A,51,,-1,,390,390,,78,,,21034,1889,,,,,,2637,,230,0,,,,,5637,,32548,2193,32548,2193,,,,,,0,,0
4/5/20,VI,,1,,1,,,,,0,,,206,22,,,,,,42,,2,0,,,,,,34,,0,248,24,,,,,,0,,0
4/5/20,VT,A,22,,2,,45,45,29,0,,,5660,570,,,,,,512,512,52,0,,,,,,15,,0,6493,602,,,,,6172,622,6493,602
4/5/20,WA,A,386,,21,,,,581,0,,178,99804,1925,,,,,,8254,8254,416,0,,,,,,,108393,2096,108393,2096,,,,,104437,1952,,0
4/5/20,WI,A,68,,12,,624,624,294,36,175,134,25169,1310,,,,,,2643,2267,167,0,,,,,,,30034,1838,30034,1838,,,,,,0,,0
4/5/20,WV,B,3,,1,,,,,0,,,8514,1110,,,,,,324,324,42,0,,,,,,,,0,8838,1152,,,,,,0,,0
4/5/20,WY,A,0,,0,,23,23,,0,,,3040,95,,,4159,,,197,200,10,0,,,,,221,50,,0,4380,148,,,,,,0,4380,148
4/4/20,AK,A,5,,2,,17,17,,0,,,5869,13,,,,,,171,,11,0,,,,,,,,0,6040,24,,,,,,0,6040,24
4/4/20,AL,B,43,,8,,212,212,238,212,,,9273,1086,,,,,,1580,1580,148,0,,,,,,,,0,10853,1234,,,,,10853,1234,,0
4/4/20,AR,A,14,,2,,106,106,72,1,,,9627,632,,,,39,23,743,743,39,0,,,,,,79,,0,10370,671,,,,,,0,10370,671
4/4/20,AS,,0,,0,,,,,0,,,3,0,,,,,,0,0,0,0,,,,,,,,0,3,0,,,,,,0,3,0
4/4/20,AZ,B,52,,11,,711,711,,44,,,25141,2237,,,,,,2019,,250,0,,,,,,,,0,37309,2241,,,,,27160,2487,37309,2241
4/4/20,CA,B,276,,39,,,,2300,0,,1008,101674,77075,,,,,,12026,,1325,0,,,,,,,,0,113700,78400,,,,,,0,113700,78400
4/4/20,CO,A,126,,15,,875,875,783,52,,,19335,1437,,,,,,4565,,392,0,,,,,,,25579,1968,25579,1968,,,,,23900,1829,,0
4/4/20,CT,A,165,36,34,,,,1033,0,,,16753,1652,,,,,,5276,,362,0,,,,,,,,0,22029,2014,,,,,,0,20015,1715
4/4/20,DC,A,21,,6,,,,,0,,,5536,709,,,,,,902,,145,0,,,,,,235,6438,854,6438,854,,,,,,0,,0
4/4/20,DE,C,17,16,0,1,,,95,0,,,5874,879,,,,,,593,,143,0,,,,,665,71,8376,1206,8376,1206,,,,,,0,,0
4/4/20,FL,A,191,,28,,1462,1462,,175,,,90956,8819,,,,,,10097,,1281,0,,,,,,,95124,10738,95124,10738,,,,,,0,,0
4/4/20,GA,A,201,,17,,1239,1239,,81,,,20134,700,,,,,,6160,,329,0,,,,,5292,,,0,26337,1051,,,,,,0,26337,1051
4/4/20,GU,,4,,0,,,,20,0,,2,472,13,,,,,,93,,9,0,,,,,,20,,0,565,22,,,,,,0,,0
4/4/20,HI,A,3,,1,,18,18,,3,,,11959,1753,,,,,,319,,34,0,,,,,300,78,12488,915,12488,915,,,,,,0,,0
4/4/20,IA,C,14,,3,,153,153,85,15,,,9454,700,,,,,,786,786,87,0,,,,,,188,,0,10240,787,,,,,,0,,0
4/4/20,ID,A,10,,1,,62,62,53,6,8,,7857,803,,,,,,1013,,122,0,,,,,,,,0,8870,925,,,,,8870,925,,0
4/4/20,IL,A,243,,33,,,,,0,,,43224,4080,,,,,,10357,,1453,0,,,,,,,,0,53581,5533,,,,,,0,,0
4/4/20,IN,B,116,,14,,,,,0,,,15847,1449,,,,,,3953,,516,0,,,,,5021,,,0,35461,3009,,,,,,0,35461,3009
4/4/20,KS,B,21,,4,,172,172,,21,,,6880,426,,,,,,698,,78,0,,,,,,,,0,7578,504,,,,,,0,,0
4/4/20,KY,A,37,,6,,,,,0,,,14741,2707,,,,,,831,,61,0,,,,,,,,0,15572,2768,,,,,,0,15572,2768
4/4/20,LA,A,409,,39,,,,1726,0,,,46002,2654,,,,,571,12496,12496,2199,0,,,,,,,,0,58498,4853,,,,,,0,,0
4/4/20,MA,B,304,,39,,1370,1370,1370,404,,,57191,4506,,,,,,11637,,1334,0,,,,,16294,,,0,86885,4744,,,,,,0,86885,4744
4/4/20,MD,A,101,94,17,7,821,821,,157,,,22485,1553,,,,,,3125,3125,367,0,,,,,3825,159,,0,26404,2629,,,,,,0,26404,2629
4/4/20,ME,A,10,,1,,83,83,,8,,,6088,0,,,,,,456,456,24,0,,,,,,140,,0,6544,24,,,,,,0,,0
4/4/20,MI,B,1030,1092,112,45,,,,0,,,41205,4145,,,41205,,,23581,23071,1002,0,,,,,21000,56,,0,64786,5147,,,,,,0,62205,7109
4/4/20,MN,A,24,,2,,180,180,95,24,69,42,26687,1624,,,,,,1158,1158,39,0,,,,,,416,27845,1663,27845,1663,,,,,,0,,0
4/4/20,MO,C,24,,5,,,,413,0,,,22614,3257,,,25580,,,2291,2291,178,0,,,,,3277,,,0,28877,2167,,,,,,0,28877,2167
4/4/20,MP,,1,,0,,,,,0,,,13,0,,,,,,8,,0,0,,,,,,,,0,21,0,,,,,,0,,0
4/4/20,MS,B,35,,6,,436,436,,16,,,5133,380,,,,,,1455,,97,0,,,,,,,,0,6588,477,,,,,,0,,0
4/4/20,MT,A,5,,0,,24,24,,0,,,5912,579,,,,,,265,,22,0,,,,,,,,0,6177,601,,,,,,0,6229,511
4/4/20,NC,A,24,,5,,,,271,0,,,36371,6866,,,,,,2402,,309,0,,,,,,,,0,38773,7175,,,,,,0,,0
4/4/20,ND,B,3,,0,,30,30,,1,,,6021,396,,,,,,186,186,13,0,,,,,,63,6320,496,6320,496,,,,,6064,466,6361,504
4/4/20,NE,A,6,,0,,,,,0,,,5058,571,,,4922,,,321,,42,0,,,,,302,,,0,5290,391,,,,,5389,612,5290,391
4/4/20,NH,B,7,,2,,80,80,,7,,,6965,390,,,,,,540,,61,0,,,,,,144,,0,8282,536,,,,,,0,8282,536
4/4/20,NJ,A,1058,846,242,212,,,4000,0,,,41232,3624,,,,,,34124,34124,4229,0,,,,,,,,0,75356,7853,,,,,75356,7853,,0
4/4/20,NM,A,11,,1,,,,37,0,,,16285,1148,,,,,18,543,,48,0,,,,,,54,,0,16828,1196,,,,,,0,,0
4/4/20,NV,A,70,,11,,,,,0,,,14421,1403,,,,,,1742,1742,228,0,,,,,,,20357,1458,20357,1458,,,,,,0,19199,1758
4/4/20,NY,A,3565,,630,,29471,29471,15905,3261,,4126,169917,12260,,,,,,113704,113704,10841,0,,,,,,10478,283621,23101,283621,23101,,,,,,0,,0
4/4/20,OH,B,102,,11,,1006,1006,,111,326,,38132,3069,,,,,,3739,3739,427,0,,,,,,,,0,41871,3496,,,,,,0,,0
4/4/20,OK,B,42,,4,,316,316,,27,,,1362,47,,,,,,1159,,171,0,,,,,,,,0,2521,218,,,,,,0,,0
4/4/20,OR,A,26,,4,,239,239,,35,,,16535,0,,,9623,,38,999,,100,0,,,,,2699,,,0,12322,2753,,,,,,0,12322,2753
4/4/20,PA,A,136,,34,,1004,1004,,152,,,60013,6318,,,,,,10017,,1597,0,,,,,,,,0,70030,7915,,,,,70030,7915,,0
4/4/20,PR,A,18,,3,,,,,0,,,2605,556,,,,,,452,,74,0,,,,,,,,0,3057,630,,,,,,0,,0
4/4/20,RI,B,17,,3,,,,93,0,,31,5962,620,,,6429,,6,968,968,137,0,,,,,957,35,6545,882,6545,882,,,,,6930,757,7386,803
4/4/20,SC,B,40,,9,,241,241,,0,,,16397,10956,,,,,,1917,1917,363,0,,,,,,,,0,18314,11319,,,,,,0,,0
4/4/20,SD,A,2,,0,,19,19,,2,,,5012,419,,,,,,212,,25,0,,,,,,76,,0,5224,444,,,,,5224,444,,0
4/4/20,TN,A,43,,6,,311,311,601,18,,,38070,3298,,,,,,3321,,254,0,,,,,,416,,0,41391,3552,,,,,,0,,0
4/4/20,TX,A,105,,15,,,,196,0,,,107829,8782,,,,,,6112,6112,788,0,,,,,12043,38,,0,113941,9570,,,,,,0,113941,9570
4/4/20,UT,A,8,,1,,117,117,,11,,,30231,2279,,,30783,,,1428,1428,182,0,,,,,1646,,,0,32429,2492,,,,,31804,2405,32429,2492
4/4/20,VA,A,52,,6,,312,312,,66,,,19145,2152,,,,,,2407,,395,0,,,,,5230,,30355,2709,30355,2709,,,,,,0,,0
4/4/20,VI,,,,0,,,,,0,,,184,30,,,,,,40,,2,0,,,,,,34,,0,224,32,,,,,,0,,0
4/4/20,VT,A,20,,3,,45,45,29,0,,,5090,432,,,,,,460,460,70,0,,,,,,15,,0,5891,511,,,,,5550,502,5891,511
4/4/20,WA,A,365,,27,,,,574,0,,174,97879,2492,,,,,,7838,7838,399,0,,,,,,,106297,2699,106297,2699,,,,,102485,2614,,0
4/4/20,WI,A,56,,19,,588,588,279,101,,117,23859,1482,,,,,,2476,2112,213,0,,,,,,,28196,2153,28196,2153,,,,,,0,,0
4/4/20,WV,B,2,,0,,,,,-1,,,7404,1274,,,,,,282,282,45,0,,,,,,,,0,7686,1319,,,,,,0,,0
4/4/20,WY,A,0,,0,,23,23,,2,,,2945,241,,,4015,,,187,187,25,0,,,,,217,49,,0,4232,165,,,,,,0,4232,165
4/3/20,AK,A,3,,0,,17,17,,1,,,5856,983,,,,,,160,,11,0,,,,,,,,0,6016,994,,,,,,0,6016,994
4/3/20,AL,B,35,,3,,,,238,0,,,8187,684,,,,,,1432,1432,199,0,,,,,,,,0,9619,883,,,,,9619,883,,0
4/3/20,AR,A,12,,0,,105,105,71,5,,,8995,1115,,,,39,26,704,704,61,0,,,,,,60,,0,9699,1176,,,,,,0,9699,1176
4/3/20,AS,,0,,0,,,,,0,,,3,0,,,,,,0,0,0,0,,,,,,,,0,3,0,,,,,,0,3,0
4/3/20,AZ,B,41,,9,,667,667,,51,,,22904,1793,,,,,,1769,,171,0,,,,,,,,0,35068,2412,,,,,24673,1964,35068,2412
4/3/20,CA,B,237,,34,,,,2188,0,,901,24599,790,,,,,,10701,,1510,0,,,,,,,,0,35300,2300,,,,,,0,35300,2300
4/3/20,CO,A,111,,14,,823,823,777,113,,,17898,1215,,,,,,4173,,445,0,,,,,,,23611,1816,23611,1816,,,,,22071,1660,,0
4/3/20,CT,A,131,34,19,,,,909,0,,,15101,625,,,,,,4914,,1090,0,,,,,,,,0,20015,1715,,,,,,0,18300,1700
4/3/20,DC,A,15,,3,,,,,0,,,4827,410,,,,,,757,,104,0,,,,,,206,5584,514,5584,514,,,,,,0,,0
4/3/20,DE,C,17,16,1,1,,,63,0,,,4995,429,,,,,,450,,57,0,,,,,504,71,7170,570,7170,570,,,,,,0,,0
4/3/20,FL,A,163,,35,,1287,1287,,164,,,82137,12851,,,,,,8816,,1268,0,,,,,,,84386,12683,84386,12683,,,,,,0,,0
4/3/20,GA,A,184,,21,,1158,1158,,102,,,19434,1825,,,,,,5831,,483,0,,,,,5010,,,0,25286,2316,,,,,,0,25286,2316
4/3/20,GU,,4,,1,,,,19,0,,2,459,17,,,,,,84,,2,0,,,,,,14,,0,543,19,,,,,,0,,0
4/3/20,HI,A,2,,1,,15,15,,0,,,10206,0,,,,,,285,,27,0,,,,,273,72,11573,917,11573,917,,,,,,0,,0
4/3/20,IA,C,11,,0,,138,138,80,18,,,8754,700,,,,,,699,699,85,0,,,,,,188,,0,9453,785,,,,,,0,,0
4/3/20,ID,A,9,,0,,56,56,45,7,7,,7054,441,,,,,,891,,222,0,,,,,,,,0,7945,663,,,,,7945,663,,0
4/3/20,IL,A,210,,53,,,,,0,,,39144,3183,,,,,,8904,,1209,0,,,,,,,,0,48048,4392,,,,,,0,,0
4/3/20,IN,B,102,,24,,,,,0,,,14398,1152,,,,,,3437,,398,0,,,,,4618,,,0,32452,2862,,,,,,0,32452,2862
4/3/20,KS,B,17,,4,,151,151,,13,,,6454,395,,,,,,620,,68,0,,,,,,,,0,7074,463,,,,,,0,,0
4/3/20,KY,A,31,,11,,,,,0,,,12034,4814,,,,,,770,,90,0,,,,,,,,0,12804,4904,,,,,,0,12804,4904
4/3/20,LA,A,370,,60,,,,1707,0,,,43348,1412,,,,,535,10297,10297,1147,0,,,,,,,,0,53645,2559,,,,,,0,,0
4/3/20,MA,B,265,,36,,966,966,,153,,,52685,4918,,,,,,10303,,1436,0,,,,,14972,,,0,82141,6567,,,,,,0,82141,6567
4/3/20,MD,A,84,79,20,5,664,664,,82,,,20932,2042,,,,,,2758,2758,427,0,,,,,3364,159,,0,23775,3036,,,,,,0,23775,3036
4/3/20,ME,A,9,,2,,75,75,,7,,,6088,0,,,,,,432,432,56,0,,,,,,113,,0,6520,56,,,,,,0,,0
4/3/20,MI,B,918,985,117,39,,,,0,,,37060,3617,,,37060,,,22579,22102,1203,0,,,,,18036,56,,0,59639,4820,,,,,,0,55096,6001
4/3/20,MN,A,22,,4,,156,156,86,18,40,40,25063,1283,,,,,,1119,1119,63,0,,,,,,,26182,1346,26182,1346,,,,,,0,,0
4/3/20,MO,C,19,,0,,,,,0,,,19357,1508,,,23715,,,2113,2113,279,0,,,,,2978,,,0,26710,2295,,,,,,0,26710,2295
4/3/20,MP,,1,,0,,,,,0,,,13,0,,,,,,8,,0,0,,,,,,,,0,21,0,,,,,,0,,0
4/3/20,MS,B,29,,3,,420,420,,60,,,4753,0,,,,,,1358,,181,0,,,,,,,,0,6111,181,,,,,,0,,0
4/3/20,MT,A,5,,0,,24,24,,4,,,5333,240,,,,,,243,,16,0,,,,,,,,0,5576,256,,,,,,0,5718,530
4/3/20,NC,A,19,,3,,,,184,0,,,29505,2683,,,,,,2093,,236,0,,,,,,,,0,31598,2919,,,,,,0,,0
4/3/20,ND,B,3,,0,,29,29,,1,,,5625,804,,,,,,173,173,14,0,,,,,,55,5824,535,5824,535,,,,,5598,508,5857,536
4/3/20,NE,A,6,,1,,,,,0,,,4487,509,,,4560,,,279,,33,0,,,,,276,,,0,4899,762,,,,,4777,542,4899,762
4/3/20,NH,B,5,,1,,73,73,,15,,,6575,497,,,,,,479,,64,0,,,,,,101,,0,7746,480,,,,,,0,7746,480
4/3/20,NJ,A,816,646,136,170,,,3016,0,,,37608,4088,,,,,,29895,29895,4305,0,,,,,,,,0,67503,8393,,,,,67503,8393,,0
4/3/20,NM,A,10,,3,,,,41,0,,,15137,762,,,,,18,495,,92,0,,,,,,26,,0,15632,854,,,,,,0,,0
4/3/20,NV,A,59,,8,,,,,0,,,13018,430,,,,,,1514,1514,56,0,,,,,,,18899,1276,18899,1276,,,,,,0,17441,737
4/3/20,NY,A,2935,,562,,26210,26210,14810,3424,,3731,157657,11073,,,,,,102863,102863,10482,0,,,,,,8886,260520,21555,260520,21555,,,,,,0,,0
4/3/20,OH,B,91,,10,,895,895,,93,288,,35063,3047,,,,,,3312,3312,410,0,,,,,,,,0,38375,3457,,,,,,0,,0
4/3/20,OK,B,38,,4,,289,289,171,32,,123,1315,50,,,,,,988,,109,0,,,,,,383,,0,2303,159,,,,,,0,,0
4/3/20,OR,A,22,,1,,204,204,188,16,,,16535,1276,,,7156,,38,899,,73,0,,,,,2413,,,0,9569,2259,,,,,,0,9569,2259
4/3/20,PA,A,102,,12,,852,852,,122,,,53695,5997,,,,,,8420,,1404,0,,,,,,,,0,62115,7401,,,,,62115,7401,,0
4/3/20,PR,A,15,,3,,,,,0,,,2049,445,,,,,,378,,62,0,,,,,,,,0,2427,507,,,,,,0,,0
4/3/20,RI,B,14,,2,,,,77,0,,14,5342,717,,,5769,,6,831,831,101,0,,,,,814,35,5663,529,5663,529,,,,,6173,818,6583,883
4/3/20,SC,B,31,,0,,241,241,,0,,,5441,0,,,,,,1554,1554,0,0,,,,,,,,0,6995,0,,,,,,0,,0
4/3/20,SD,A,2,,0,,17,17,,0,,,4593,376,,,,,,187,,22,0,,,,,,69,,0,4780,398,,,,,4780,398,,0
4/3/20,TN,A,37,,5,,293,293,625,30,,,34772,3006,,,,,,3067,,222,0,,,,,,248,,0,37839,3228,,,,,,0,,0
4/3/20,TX,A,90,,20,,,,196,0,,,99047,8408,,,,,,5324,5324,659,0,,,,,11059,38,,0,104371,9067,,,,,,0,104371,9067
4/3/20,UT,A,7,,0,,106,106,,6,,,27952,2521,,,28428,,,1246,1246,172,0,,,,,1509,,,0,29937,2718,,,,,29399,2651,29937,2718
4/3/20,VA,A,46,,5,,246,246,,38,,,16993,1110,,,,,,2012,,306,0,,,,,4880,,27646,1964,27646,1964,,,,,,0,,0
4/3/20,VI,,,,0,,,,,0,,,154,5,,,,,,38,,5,0,,,,,,29,,0,192,10,,,,,,0,,0
4/3/20,VT,A,17,,0,,45,45,29,0,,,4658,473,,,,,,390,390,31,0,,,,,,15,,0,5380,509,,,,,5048,504,5380,509
4/3/20,WA,A,338,,28,,,,,0,,,95387,4638,,,,,,7439,7439,452,0,,,,,,,103598,5053,103598,5053,,,,,99871,4854,,0
4/3/20,WI,A,37,,6,,487,487,257,26,,117,22377,2060,,,,,,2263,1912,223,0,,,,,,,26043,1904,26043,1904,,,,,,0,,0
4/3/20,WV,B,2,,0,,1,1,,0,,,6130,854,,,,,,237,237,20,0,,,,,,,,0,6367,874,,,,,,0,,0
4/3/20,WY,A,0,,0,,21,21,,2,,,2704,265,,,3857,,,162,162,12,0,,,,,210,37,,0,4067,404,,,,,,0,4067,404
4/2/20,AK,A,3,,0,,16,16,,1,,,4873,411,,,,,,149,,8,0,,,,,,,,0,5022,419,,,,,,0,5022,419
4/2/20,AL,B,32,,6,,,,226,0,,,7503,806,,,,,,1233,1233,156,0,,,,,,,,0,8736,962,,,,,8736,962,,0
4/2/20,AR,A,12,,2,,100,100,66,10,,,7880,526,,,,32,23,643,643,59,0,,,,,,47,,0,8523,585,,,,,,0,8523,585
4/2/20,AS,,0,,0,,,,,0,,,3,0,,,,,,0,0,0,0,,,,,,,,0,3,0,,,,,,0,3,0
4/2/20,AZ,B,32,,3,,616,616,,34,,,21111,1466,,,,,,1598,,185,0,,,,,,,,0,32656,2383,,,,,22709,1651,32656,2383
4/2/20,CA,B,203,,32,,,,1922,0,,816,23809,2037,,,,,,9191,,1036,0,,,,,,,,0,33000,3073,,,,,,0,33000,3073
4/2/20,CO,A,97,,17,,710,710,739,90,,,16683,1380,,,,,,3728,,386,0,,,,,,,21795,1589,21795,1589,,,,,20411,1766,,0
4/2/20,CT,A,112,27,27,,,,827,0,,,14476,1433,,,,,,3824,,267,0,,,,,,,,0,18300,1700,,,,,,0,16600,1000
4/2/20,DC,A,12,,1,,,,,0,,,4417,1155,,,,,,653,,67,0,,,,,,173,5070,1222,5070,1222,,,,,,0,,0
4/2/20,DE,C,16,15,3,1,,,56,0,,,4566,551,,,,,,393,,25,0,,,,,437,49,6600,542,6600,542,,,,,,0,,0
4/2/20,FL,A,128,,41,,1123,1123,,174,,,69286,9757,,,,,,7548,,1032,0,,,,,,,71703,8444,71703,8444,,,,,,0,,0
4/2/20,GA,A,163,,24,,1056,1056,,104,,,17609,1921,,,,,,5348,,710,0,,,,,4560,,,0,22970,2632,,,,,,0,22970,2632
4/2/20,GU,,3,,0,,,,19,0,,2,442,36,,,,,,82,,5,0,,,,,,12,,0,524,41,,,,,,0,,0
4/2/20,HI,A,1,,0,,15,15,,2,,,10206,1485,,,,,,258,,50,0,,,,,248,69,10656,1338,10656,1338,,,,,,0,,0
4/2/20,IA,C,11,,2,,120,120,74,21,,,8054,750,,,,,,614,614,65,0,,,,,,46,,0,8668,815,,,,,,0,,0
4/2/20,ID,A,9,,0,,49,49,49,3,7,,6613,537,,,,,,669,,144,0,,,,,,,,0,7282,681,,,,,7282,681,,0
4/2/20,IL,A,157,,16,,,,,0,,,35961,2557,,,,,,7695,,715,0,,,,,,,,0,43656,3272,,,,,,0,,0
4/2/20,IN,B,78,,13,,,,,0,,,13246,1436,,,,,,3039,,474,0,,,,,4182,,,0,29590,2698,,,,,,0,29590,2698
4/2/20,KS,B,13,,3,,138,138,,24,,,6059,648,,,,,,552,,70,0,,,,,,,,0,6611,718,,,,,,0,,0
4/2/20,KY,A,20,,3,,,,,0,,,7220,255,,,,,,680,,89,0,,,,,,,,0,7900,344,,,,,,0,7900,344
4/2/20,LA,A,310,,37,,,,1639,0,,,41936,2584,,,,,507,9150,9150,2726,0,,,,,,,,0,51086,5310,,,,,,0,,0
4/2/20,MA,B,229,,42,,813,813,,131,,,47767,3642,,,,,,8867,,1228,0,,,,,13347,,,0,75574,6004,,,,,,0,75574,6004
4/2/20,MD,A,64,60,12,4,582,582,,60,,,18890,1657,,,,,,2331,2331,346,0,,,,,2806,81,,0,20739,2536,,,,,,0,20739,2536
4/2/20,ME,A,7,,0,,68,68,,5,,,6088,0,,,,,,376,376,32,0,,,,,,94,,0,6464,32,,,,,,0,,0
4/2/20,MI,B,801,879,125,36,,,,0,,,33443,3492,,,33443,,,21376,20937,1130,0,,,,,15652,,,0,54819,4622,,,,,,0,49095,5907
4/2/20,MN,A,18,,1,,138,138,75,16,38,38,23780,1900,,,,,,1056,1056,83,0,,,,,,,24836,1983,24836,1983,,,,,,0,,0
4/2/20,MO,C,19,,1,,,,,0,,,17849,2003,,,21700,,,1834,1834,253,0,,,,,2700,,,0,24415,2459,,,,,,0,24415,2459
4/2/20,MP,,1,,1,,,,,0,,,13,13,,,,,,8,,2,0,,,,,,,,0,21,15,,,,,,0,,0
4/2/20,MS,B,26,,4,,360,360,,28,,,4753,1041,,,,,,1177,,104,0,,,,,,,,0,5930,1145,,,,,,0,,0
4/2/20,MT,A,5,,0,,20,20,,3,,,5093,383,,,,,,227,,19,0,,,,,,,,0,5320,402,,,,,,0,5188,343
4/2/20,NC,A,16,,6,,,,184,0,,,26822,2163,,,,,,1857,,273,0,,,,,,,,0,28679,2436,,,,,,0,,0
4/2/20,ND,B,3,,0,,28,28,,5,,,4821,470,,,,,,159,159,20,0,,,,,,43,5289,649,5289,649,,,,,5090,612,5321,655
4/2/20,NE,A,5,,1,,,,,0,,,3978,503,,,3862,,,246,,36,0,,,,,216,,,0,4137,718,,,,,4235,542,4137,718
4/2/20,NH,B,4,,0,,58,58,,2,,,6078,93,,,,,,415,,0,0,,,,,,91,,0,7266,577,,,,,,0,7266,577
4/2/20,NJ,A,680,537,205,143,,,2000,0,,,33520,3133,,,,,,25590,25590,3335,0,,,,,,,,0,59110,6468,,,,,59110,6468,,0
4/2/20,NM,A,7,,1,,,,31,0,,,14375,727,,,,,,403,,40,0,,,,,,26,,0,14778,767,,,,,,0,,0
4/2/20,NV,A,51,,6,,,,,0,,,12588,1069,,,,,,1458,1458,179,0,,,,,,,17623,1548,17623,1548,,,,,,0,16704,1403
4/2/20,NY,A,2373,,432,,22786,22786,13383,2857,,3396,146584,9362,,,,,,92381,92381,8669,0,,,,,,7434,238965,18031,238965,18031,,,,,,0,,0
4/2/20,OH,B,81,,16,,802,802,,123,260,,32016,5024,,,,,,2902,2902,355,0,,,,,,,,0,34918,5379,,,,,,0,,0
4/2/20,OK,B,34,,4,,257,257,182,38,,144,1265,17,,,,,,879,,160,0,,,,,,,,0,2144,177,,,,,,0,,0
4/2/20,OR,A,21,,3,,188,188,134,34,,,15259,2123,,,5071,,38,826,,90,0,,,,,2239,,,0,7310,1782,,,,,,0,7310,1782
4/2/20,PA,A,90,,16,,730,730,,110,,,47698,5271,,,,,,7016,,1211,0,,,,,,,,0,54714,6482,,,,,54714,6482,,0
4/2/20,PR,A,12,,1,,,,,0,,,1604,195,,,,,,316,,30,0,,,,,,,,0,1920,225,,,,,,0,,0
4/2/20,RI,B,12,,2,,,,72,0,,14,4625,436,,,4994,,6,730,730,62,0,,,,,706,35,5134,797,5134,797,,,,,5355,498,5700,529
4/2/20,SC,B,31,,5,,241,241,,139,,,5441,408,,,,,,1554,1554,261,0,,,,,,,,0,6995,669,,,,,,0,,0
4/2/20,SD,A,2,,0,,17,17,,5,,,4217,314,,,,,,165,,36,0,,,,,,57,,0,4382,350,,,,,4382,350,,0
4/2/20,TN,A,32,,8,,263,263,656,63,,,31766,1997,,,,,,2845,,162,0,,,,,,220,,0,34611,2159,,,,,,0,,0
4/2/20,TX,A,70,,12,,,,196,0,,,90639,8306,,,,,,4665,4665,669,0,,,,,10054,38,,0,95304,8975,,,,,,0,95304,8975
4/2/20,UT,A,7,,0,,100,100,,9,,,25431,2202,,,25844,,,1074,1074,62,0,,,,,1375,,,0,27219,2376,,,,,26748,2324,27219,2376
4/2/20,VA,A,41,,7,,208,208,246,43,,,15883,2023,,,,,,1706,,222,0,,,,,4550,,25682,2392,25682,2392,,,,,,0,,0
4/2/20,VI,,,,0,,,,,0,,,149,23,,,,,,33,,3,0,,,,,,25,,0,182,26,,,,,,0,,0
4/2/20,VT,A,17,,1,,45,45,29,0,,,4185,166,,,,,,359,359,39,0,,,,,,15,,0,4871,209,,,,,4544,205,4871,209
4/2/20,WA,A,310,,28,,,,,0,,,90749,4774,,,,,,6987,6987,462,0,,,,,,,98545,5171,98545,5171,,,,,95017,4907,,0
4/2/20,WI,A,31,,7,,461,461,192,63,,103,20317,1498,,,,,,2040,1730,219,0,,,,,,,24139,1693,24139,1693,,,,,,0,,0
4/2/20,WV,B,2,,1,,1,1,,0,,,5276,892,,,,,,217,217,26,0,,,,,,,,0,5493,918,,,,,,0,,0
4/2/20,WY,A,0,,0,,19,19,,1,,,2439,221,,,3460,,,150,153,20,0,,,,,203,31,,0,3663,425,,,,,,0,3663,425
4/1/20,AK,A,3,,0,,15,15,,3,,,4462,877,,,,,,141,,13,0,,,,,,,,0,4603,890,,,,,,0,4603,890
4/1/20,AL,B,26,,13,,,,258,0,,,6697,399,,,,,,1077,1077,96,0,,,,,,,,0,7774,495,,,,,7774,495,,0
4/1/20,AR,A,10,,2,,90,90,56,90,,,7354,1395,,,,32,25,584,584,61,0,,,,,,42,,0,7938,1456,,,,,,0,7938,1456
4/1/20,AS,,0,,0,,,,,0,,,3,0,,,,,,0,0,0,0,,,,,,,,0,3,0,,,,,,0,3,0
4/1/20,AZ,B,29,,5,,582,582,,48,,,19645,1563,,,,,,1413,,124,0,,,,,,,,0,30273,2274,,,,,21058,1687,30273,2274
4/1/20,CA,B,171,,18,,,,1855,0,,774,21772,0,,,,,,8155,,673,0,,,,,,,,0,29927,673,,,,,,0,29927,673
4/1/20,CO,A,80,,11,,620,620,698,111,,,15303,1420,,,,,,3342,,376,0,,,,,,,20206,1692,20206,1692,,,,,18645,1796,,0
4/1/20,CT,A,85,27,16,,,,766,0,,,13043,14,,,,,,3557,,429,0,,,,,,,,0,16600,443,,,,,,0,15600,1000
4/1/20,DC,A,11,,2,,,,,0,,,3262,0,,,,,,586,,91,0,,,,,,142,3848,91,3848,91,,,,,,0,,0
4/1/20,DE,C,13,13,1,0,,,51,0,,,4015,319,,,,,,368,,49,0,,,,,353,49,6058,590,6058,590,,,,,,0,,0
4/1/20,FL,A,87,,10,,949,949,,126,,,59529,5244,,,,,,6516,,904,0,,,,,,,63259,8213,63259,8213,,,,,,0,,0
4/1/20,GA,A,139,,28,,952,952,,119,,,15688,3436,,,,,,4638,,709,0,,,,,3713,,,0,20338,428,,,,,,0,20338,428
4/1/20,GU,,3,,1,,,,19,0,,2,406,35,,,,,,77,,8,0,,,,,,9,,0,483,43,,,,,,0,,0
4/1/20,HI,A,1,,1,,13,13,,1,,,8721,250,,,,,,208,,4,0,,,,,219,58,9318,488,9318,488,,,,,,0,,0
4/1/20,IA,C,9,,2,,99,99,63,5,,,7304,416,,,,,,549,549,52,0,,,,,,118,,0,7853,468,,,,,,0,,0
4/1/20,ID,A,9,,2,,46,46,49,1,7,,6076,779,,,,,,525,,110,0,,,,,,,,0,6601,889,,,,,6601,889,,0
4/1/20,IL,A,141,,42,,,,,0,,,33404,4173,,,,,,6980,,986,0,,,,,,,,0,40384,5159,,,,,,0,,0
4/1/20,IN,B,65,,16,,,,,0,,,11810,596,,,,,,2565,,406,0,,,,,3785,,,0,26892,2552,,,,,,0,26892,2552
4/1/20,KS,B,10,,1,,114,114,,35,,,5411,415,,,,,,482,,54,0,,,,,,,,0,5893,469,,,,,,0,,0
4/1/20,KY,A,17,,6,,,,,0,,,6965,635,,,,,,591,,111,0,,,,,,,,0,7556,746,,,,,,0,7556,746
4/1/20,LA,A,273,,34,,,,1498,0,,,39352,5622,,,,,490,6424,6424,1187,0,,,,,,,,0,45776,6809,,,,,,0,,0
4/1/20,MA,B,187,,34,,682,682,,120,,,44125,3685,,,,,,7639,,1118,0,,,,,11943,,,0,69570,5576,,,,,,0,69570,5576
4/1/20,MD,A,52,50,9,2,522,522,,93,,,17233,2365,,,,,,1985,1985,325,0,,,,,2356,,,0,18203,2945,,,,,,0,18203,2945
4/1/20,ME,A,7,,2,,63,63,,6,,,6088,0,,,,,,344,344,41,0,,,,,,80,,0,6432,41,,,,,,0,,0
4/1/20,MI,B,676,765,125,35,,,,0,,,29951,3617,,,29951,,,20246,19844,1592,0,,,,,13237,,,0,50197,5209,,,,,,0,43188,6133
4/1/20,MN,A,17,,5,,122,122,54,10,27,27,21880,945,,,,,,973,973,57,0,,,,,,,22853,1002,22853,1002,,,,,,0,,0
4/1/20,MO,C,18,,4,,,,,0,,,15846,1232,,,19540,,,1581,1581,254,0,,,,,2402,,,0,21956,2767,,,,,,0,21956,2767
4/1/20,MP,,,,0,,,,,0,,,,0,,,,,,6,,4,0,,,,,,,,0,6,4,,,,,,0,,0
4/1/20,MS,B,22,,2,,332,332,,121,,,3712,175,,,,,,1073,,136,0,,,,,,,,0,4785,311,,,,,,0,,0
4/1/20,MT,A,5,,1,,17,17,,3,,,4710,476,,,,,,208,,24,0,,,,,,,,0,4918,500,,,,,,0,4845,960
4/1/20,NC,A,10,,2,,,,204,0,,,24659,3051,,,,,,1584,,86,0,,,,,,,,0,26243,3137,,,,,,0,,0
4/1/20,ND,B,3,,0,,23,23,,2,,,4351,220,,,,,,139,139,22,0,,,,,,34,4640,565,4640,565,,,,,4478,536,4666,568
4/1/20,NE,A,4,,1,,,,,0,,,3475,544,,,3187,,,210,,38,0,,,,,175,,,0,3419,417,,,,,3693,582,3419,417
4/1/20,NH,B,4,,1,,56,56,,11,,,5985,572,,,,,,415,,101,0,,,,,,56,,0,6689,449,,,,,,0,6689,449
4/1/20,NJ,A,475,355,111,120,,,2000,0,,,30387,3310,,,,,,22255,22255,3559,0,,,,,,,,0,52642,6869,,,,,52642,6869,,0
4/1/20,NM,A,6,,1,,,,31,0,,,13648,723,,,,,,363,,48,0,,,,,,26,,0,14011,771,,,,,,0,,0
4/1/20,NV,A,45,,8,,,,,0,,,11519,838,,,,,,1279,1279,166,0,,,,,,,16075,1249,16075,1249,,,,,,0,15301,1157
4/1/20,NY,A,1941,,391,,19929,19929,12226,2844,,3022,137222,7784,,,,,,83712,83712,7917,0,,,,,,6142,220934,15701,220934,15701,,,,,,0,,0
4/1/20,OH,B,65,,10,,679,679,,94,222,,26992,0,,,,,,2547,2547,348,0,,,,,,,,0,29539,348,,,,,,0,,0
4/1/20,OK,B,30,,7,,219,219,174,42,,98,1248,19,,,,,,719,,154,0,,,,,,,,0,1967,173,,,,,,0,,0
4/1/20,OR,A,18,,0,,154,154,132,0,,,13136,0,,,3521,,40,736,,46,0,,,,,2007,,,0,5528,1922,,,,,,0,5528,1922
4/1/20,PA,A,74,,11,,620,620,,106,,,42427,4782,,,,,,5805,,962,0,,,,,,,,0,48232,5744,,,,,48232,5744,,0
4/1/20,PR,A,11,,3,,,,,0,,,1409,214,,,,,,286,,47,0,,,,,,,,0,1695,261,,,,,,0,,0
4/1/20,RI,B,10,,2,,,,60,0,,14,4189,645,,,4517,,6,668,668,100,0,,,,,654,35,4337,440,4337,440,,,,,4857,745,5171,798
4/1/20,SC,B,26,,4,,102,102,,0,,,5033,417,,,,,,1293,1293,210,0,,,,,,,,0,6326,627,,,,,,0,,0
4/1/20,SD,A,2,,1,,12,12,,0,,,3903,294,,,,,,129,,21,0,,,,,,51,,0,4032,315,,,,,4032,315,,0
4/1/20,TN,A,24,,1,,200,200,486,25,,,29769,4648,,,,,,2683,,444,0,,,,,,137,,0,32452,5092,,,,,,0,,0
4/1/20,TX,A,58,,17,,,,196,0,,,82333,7379,,,,,,3996,3996,730,0,,,,,9091,38,,0,86329,8109,,,,,,0,86329,8109
4/1/20,UT,A,7,,2,,91,91,,18,,,23229,2703,,,23602,,,1012,1012,125,0,,,,,1241,,,0,24843,2913,,,,,24424,2844,24843,2913
4/1/20,VA,A,34,,7,,165,165,,29,,,13860,1709,,,,,,1484,,234,0,,,,,4191,,23290,1897,23290,1897,,,,,,0,,0
4/1/20,VI,,,,0,,,,,0,,,126,0,,,,,,30,,0,0,,,,,,21,,0,156,0,,,,,,0,,0
4/1/20,VT,A,16,,3,,45,45,30,9,,,4019,180,,,,,,320,320,27,0,,,,,,15,,0,4662,215,,,,,4339,207,4662,215
4/1/20,WA,A,282,,20,,,,,0,,,85975,4512,,,,,,6525,6525,568,0,,,,,,,93374,4962,93374,4962,,,,,90110,4717,,0
4/1/20,WI,A,24,,8,,398,398,,61,,,18819,1444,,,,,,1821,1550,236,0,,,,,,,22446,2057,22446,2057,,,,,,0,,0
4/1/20,WV,B,1,,0,,1,1,,0,,,4384,403,,,,,,191,191,29,0,,,,,,,,0,4575,432,,,,,,0,,0
4/1/20,WY,A,0,,0,,18,18,,1,,,2218,219,,,3050,,,130,137,21,0,,,,,188,31,,0,3238,316,,,,,,0,3238,316
3/31/20,AK,A,3,,0,,12,12,,2,,,3585,49,,,,,,128,,10,0,,,,,,,,0,3713,59,,,,,,0,3713,59
3/31/20,AL,B,13,,7,,,,172,0,,,6298,604,,,,,,981,981,122,0,,,,,,,,0,7279,726,,,,,7279,726,,0
3/31/20,AR,A,8,,1,,,,64,0,,,5959,697,,,,,23,523,523,50,0,,,,,,35,,0,6482,747,,,,,,0,6482,747
3/31/20,AS,,0,,0,,,,,0,,,3,3,,,,,,0,0,0,0,,,,,,,,0,3,3,,,,,,0,3,3
3/31/20,AZ,B,24,,4,,534,534,,56,,,18082,2480,,,,,,1289,,132,0,,,,,,,,0,27999,2441,,,,,19371,2612,27999,2441
3/31/20,CA,B,153,,20,,,,1617,0,,657,21772,1223,,,,,,7482,,1035,0,,,,,,,,0,29254,2258,,,,,,0,29254,2258
3/31/20,CO,A,69,,18,,509,509,574,95,,,13883,1146,,,,,,2966,,339,0,,,,,,,18514,1407,18514,1407,,,,,16849,1485,,0
3/31/20,CT,A,69,21,33,,,,608,0,,,13029,1000,,,,,,3128,,557,0,,,,,,,,0,16157,1557,,,,,,0,14600,14600
3/31/20,DC,A,9,,0,,,,,0,,,3262,580,,,,,,495,,94,0,,,,,,121,3757,674,3757,674,,,,,,0,,0
3/31/20,DE,C,12,12,1,0,,,57,0,,,3696,1480,,,,,,319,,55,0,,,,,292,22,5468,457,5468,457,,,,,,0,,0
3/31/20,FL,A,77,,14,,823,823,,171,,,54285,6060,,,,,,5612,,852,0,,,,,,,55046,6927,55046,6927,,,,,,0,,0
3/31/20,GA,A,111,,24,,833,833,,126,,,12252,2337,,,,,,3929,,1120,0,,,,,3653,,,0,19910,3685,,,,,,0,19910,3685
3/31/20,GU,,2,,1,,,,19,0,,2,371,19,,,,,,69,,11,0,,,,,,7,,0,440,30,,,,,,0,,0
3/31/20,HI,A,,,0,,12,12,,0,,,8471,646,,,,,,204,,29,0,,,,,202,49,8830,685,8830,685,,,,,,0,,0
3/31/20,IA,C,7,,1,,94,94,61,20,,,6888,726,,,,,,497,497,73,0,,,,,,33,,0,7385,799,,,,,,0,,0
3/31/20,ID,A,7,,1,,45,45,45,6,6,,5297,901,,,,,,415,,105,0,,,,,,,,0,5712,1006,,,,,5712,1006,,0
3/31/20,IL,A,99,,26,,,,,0,,,29231,3842,,,,,,5994,,937,0,,,,,,,,0,35225,4779,,,,,,0,,0
3/31/20,IN,B,49,,14,,,,,0,,,11214,1342,,,,,,2159,,373,0,,,,,3394,,,0,24340,2059,,,,,,0,24340,2059
3/31/20,KS,B,9,,1,,79,79,,13,,,4996,442,,,,,,428,,60,0,,,,,,,,0,5424,502,,,,,,0,,0
3/31/20,KY,A,11,,2,,,,,0,,,6330,751,,,,,,480,,41,0,,,,,,,,0,6810,792,,,,,,0,6810,792
3/31/20,LA,A,239,,54,,,,1355,0,,,33730,3722,,,,,438,5237,5237,1212,0,,,,,,,,0,38967,4934,,,,,,0,,0
3/31/20,MA,B,153,,29,,562,562,,109,,,40440,3274,,,,,,6521,,868,0,,,,,10520,,,0,63994,5930,,,,,,0,63994,5930
3/31/20,MD,A,43,42,8,1,429,429,,76,,,14868,1552,,,,,,1660,1660,247,0,,,,,1861,,,0,15258,2054,,,,,,0,15258,2054
3/31/20,ME,A,5,,2,,57,57,,8,,,6088,2694,,,,,,303,303,28,0,,,,,,68,,0,6391,2722,,,,,,0,,0
3/31/20,MI,B,551,641,114,33,,,,0,,,26334,3071,,,26334,,,18654,18318,1291,0,,,,,10721,,,0,44988,4362,,,,,,0,37055,4883
3/31/20,MN,A,12,,2,,112,112,56,20,26,26,20935,1423,,,,,,916,916,93,0,,,,,,,21851,1516,21851,1516,,,,,,0,,0
3/31/20,MO,C,14,,1,,,,,0,,,14614,1410,,,17138,,,1327,1327,296,0,,,,,2037,,,0,19189,890,,,,,,0,19189,890
3/31/20,MP,,,,0,,,,,0,,,,0,,,,,,2,,0,0,,,,,,,,0,2,0,,,,,,0,,0
3/31/20,MS,B,20,,4,,211,211,,16,,,3537,548,,,,,,937,,90,0,,,,,,,,0,4474,638,,,,,,0,,0
3/31/20,MT,A,4,,0,,14,14,,4,,,4234,91,,,,,,184,,13,0,,,,,,,,0,4418,104,,,,,,0,3885,0
3/31/20,NC,A,8,,2,,,,157,0,,,21608,2051,,,,,,1498,,191,0,,,,,,,,0,23106,2242,,,,,,0,,0
3/31/20,ND,B,3,,1,,21,21,,2,,,4131,403,,,,,,117,117,10,0,,,,,,30,4075,207,4075,207,,,,,3942,199,4098,206
3/31/20,NE,A,3,,1,,,,,0,,,2931,347,,,2803,,,172,,27,0,,,,,148,,,0,3002,391,,,,,3111,377,3002,391
3/31/20,NH,B,3,,0,,45,45,,0,,,5413,27,,,,,,314,,0,0,,,,,,,,0,6240,250,,,,,,0,6240,250
3/31/20,NJ,A,364,267,98,97,,,2000,0,,,27077,1853,,,,,,18696,18696,2060,0,,,,,,,,0,45773,3913,,,,,45773,3913,,0
3/31/20,NM,A,5,,1,,,,24,0,,,12925,679,,,,,,315,,34,0,,,,,,26,,0,13240,713,,,,,,0,,0
3/31/20,NV,A,37,,5,,,,,0,,,10681,474,,,,,,1113,1113,117,0,,,,,,,14826,1250,14826,1250,,,,,,0,14144,795
3/31/20,NY,A,1550,,332,,17085,17085,10929,2507,,2710,129438,9350,,,,,,75795,75795,9298,0,,,,,,4975,205233,18648,205233,18648,,,,,,0,,0
3/31/20,OH,B,55,,16,,585,585,,110,198,,26992,1650,,,,,,2199,2199,266,0,,,,,,,,0,29191,1916,,,,,,0,,0
3/31/20,OK,B,23,,6,,177,177,,24,,83,1229,22,,,,,,565,,84,0,,,,,,,,0,1794,106,,,,,,0,,0
3/31/20,OR,A,18,,2,,154,154,132,14,,,13136,859,,,1790,,40,690,,84,0,,,,,1816,,,0,3606,1064,,,,,,0,3606,1064
3/31/20,PA,A,63,,14,,514,514,,128,,,37645,3868,,,,,,4843,,756,0,,,,,,,,0,42488,4624,,,,,42488,4624,,0
3/31/20,PR,A,8,,2,,,,,0,,,1195,264,,,,,,239,,65,0,,,,,,,,0,1434,329,,,,,,0,,0
3/31/20,RI,B,8,,4,,,,59,0,,9,3544,298,,,3818,,6,568,568,73,0,,,,,555,35,3897,284,3897,284,,,,,4112,371,4373,440
3/31/20,SC,B,22,,4,,102,102,,0,,,4616,456,,,,,,1083,1083,158,0,,,,,,,,0,5699,614,,,,,,0,,0
3/31/20,SD,A,1,,0,,12,12,,12,,,3609,131,,,,,,108,,7,0,,,,,,44,,0,3717,138,,,,,3717,138,,0
3/31/20,TN,A,23,,10,,175,175,9,27,,,25121,3651,,,,,,2239,,405,0,,,,,,121,,0,27360,4056,,,,,,0,,0
3/31/20,TX,A,41,,7,,,,196,0,,,74954,7035,,,,,,3266,3266,392,0,,,,,8249,38,,0,78220,7427,,,,,,0,78220,7427
3/31/20,UT,A,5,,1,,73,73,,73,,,20526,2194,,,20833,,,887,887,81,0,,,,,1097,,,0,21930,2363,,,,,21580,2314,21930,2363
3/31/20,VA,A,27,,2,,136,136,,24,,,12151,1133,,,,,,1250,,230,0,,,,,3847,,21393,1685,21393,1685,,,,,,0,,0
3/31/20,VI,,,,0,,,,,0,,,126,0,,,,,,30,,0,0,,,,,,21,,0,156,0,,,,,,0,,0
3/31/20,VT,A,13,,1,,36,36,21,18,,,3839,293,,,,,,293,293,37,0,,,,,,15,,0,4447,345,,,,,4132,330,4447,345
3/31/20,WA,A,262,,14,,,,,0,,,81463,4416,,,,,,5957,5957,241,0,,,,,,,88412,4881,88412,4881,,,,,85393,4706,,0
3/31/20,WI,A,16,,2,,337,337,,337,,,17375,1519,,,,,,1585,1351,163,0,,,,,,,20389,1394,20389,1394,,,,,,0,,0
3/31/20,WV,B,1,,0,,1,1,,0,,,3981,997,,,,,,162,162,36,0,,,,,,,,0,4143,1033,,,,,,0,,0
3/31/20,WY,A,0,,0,,17,17,,0,,,1999,159,,,2764,,,109,120,15,0,,,,,158,26,,0,2922,281,,,,,,0,2922,281
3/30/20,AK,A,3,,1,,10,10,,0,,,3536,312,,,,,,118,,8,0,,,,,,,,0,3654,320,,,,,,0,3654,320
3/30/20,AL,B,6,,2,,,,156,0,,,5694,1510,,,,,,859,859,53,0,,,,,,,,0,6553,1563,,,,,6553,1563,,0
3/30/20,AR,A,7,,1,,,,62,0,,,5262,2235,,,,,21,473,473,47,0,,,,,,29,,0,5735,2282,,,,,,0,5735,2282
3/30/20,AS,,0,,0,,,,,0,,,,0,,,,,,,0,0,0,,,,,,,,0,0,0,,,,,,0,0,0
3/30/20,AZ,B,20,,3,,478,478,,51,,,15602,2649,,,,,,1157,,238,0,,,,,,,,0,25558,781,,,,,16759,2887,25558,781
3/30/20,CA,B,133,,10,,,,1432,0,,597,20549,0,,,,,,6447,,739,0,,,,,,,,0,26996,739,,,,,,0,26996,739
3/30/20,CO,A,51,,4,,414,414,503,88,,,12737,0,,,,,,2627,,320,0,,,,,,,17107,1633,17107,1633,,,,,15364,894,,0
3/30/20,CT,A,36,19,2,,,,517,0,,,12029,2122,,,,,,2571,,578,0,,,,,,,,0,14600,2700,,,,,,0,,0
3/30/20,DC,A,9,,4,,,,,0,,,2682,213,,,,,,401,,59,0,,,,,,106,3083,272,3083,272,,,,,,0,,0
3/30/20,DE,C,11,11,1,0,,,45,0,,,2216,2180,,,,,,264,,32,0,,,,,244,9,5011,542,5011,542,,,,,,0,,0
3/30/20,FL,A,63,,7,,652,652,,58,,,48225,9155,,,,,,4760,,876,0,,,,,,,48119,7137,48119,7137,,,,,,0,,0
3/30/20,GA,A,87,,7,,707,707,,41,,,9915,2,,,,,,2809,,158,0,,,,,2920,,,0,16225,1596,,,,,,0,16225,1596
3/30/20,GU,,1,,0,,,,19,0,,2,352,18,,,,,,58,,2,0,,,,,,7,,0,410,20,,,,,,0,,0
3/30/20,HI,A,,,0,,12,12,,0,,,7825,976,,,,,,175,,24,0,,,,,175,,8145,1190,8145,1190,,,,,,0,,0
3/30/20,IA,C,6,,2,,74,74,51,6,,,6162,1149,,,,,,424,424,88,0,,,,,,23,,0,6586,1237,,,,,,0,,0
3/30/20,ID,A,6,,1,,39,39,42,3,,,4396,375,,,,,,310,,49,0,,,,,,,,0,4706,424,,,,,4706,424,,0
3/30/20,IL,A,73,,8,,,,,0,,,25389,2223,,,,,,5057,,461,0,,,,,,,,0,30446,2684,,,,,,0,,0
3/30/20,IN,B,35,,3,,,,,0,,,9872,1556,,,,,,1786,,272,0,,,,,3029,,,0,22281,1709,,,,,,0,22281,1709
3/30/20,KS,B,8,,2,,66,66,,11,,,4554,360,,,,,,368,,49,0,,,,,,,,0,4922,409,,,,,,0,,0
3/30/20,KY,A,9,,0,,,,,0,,,5579,432,,,,,,439,,45,0,,,,,,,,0,6018,477,,,,,,0,6018,477
3/30/20,LA,A,185,,34,,,,1185,0,,,30008,5677,,,,,385,4025,4025,485,0,,,,,,,,0,34033,6162,,,,,,0,,0
3/30/20,MA,B,124,,25,,453,453,,54,,,37166,2932,,,,,,5653,,797,0,,,,,9117,,,0,58064,5581,,,,,,0,58064,5581
3/30/20,MD,A,35,34,11,1,353,353,,76,,,13316,962,,,,,,1413,1413,174,0,,,,,1537,,,0,13204,1585,,,,,,0,13204,1585
3/30/20,ME,A,3,,0,,49,49,,49,,,3394,0,,,,,,275,275,22,0,,,,,,41,,0,3669,22,,,,,,0,,0
3/30/20,MI,B,437,518,86,29,,,,0,,,23263,5846,,,23263,,,17363,17058,1579,0,,,,,8909,,,0,40626,7425,,,,,,0,32172,7860
3/30/20,MN,A,10,,1,,92,92,56,17,24,24,19512,946,,,,,,823,823,98,0,,,,,,,20335,1044,20335,1044,,,,,,0,,0
3/30/20,MO,C,13,,3,,,,,0,,,13204,1657,,,16387,,,1031,1031,193,0,,,,,1898,,,0,18299,1274,,,,,,0,18299,1274
3/30/20,MP,,,,0,,,,,0,,,,0,,,,,,2,,0,0,,,,,,,,0,2,0,,,,,,0,,0
3/30/20,MS,B,16,,2,,195,195,,-40,,,2989,429,,,,,,847,,89,0,,,,,,,,0,3836,518,,,,,,0,,0
3/30/20,MT,A,4,,3,,10,10,,2,,,4143,0,,,,,,171,,17,0,,,,,,,,0,4314,17,,,,,,0,3885,0
3/30/20,NC,A,6,,2,,,,137,0,,,19557,1652,,,,,,1307,,267,0,,,,,,,,0,20864,1919,,,,,,0,,0
3/30/20,ND,B,2,,1,,19,19,,2,,,3728,373,,,,,,107,107,10,0,,,,,,19,3868,294,3868,294,,,,,3743,284,3892,295
3/30/20,NE,A,2,,0,,,,,0,,,2584,616,,,2434,,,145,,37,0,,,,,127,,,0,2611,353,,,,,2734,389,2611,353
3/30/20,NH,B,3,,1,,45,45,,12,,,5386,862,,,,,,314,,100,0,,,,,,,,0,5990,513,,,,,,0,5990,513
3/30/20,NJ,A,266,198,49,68,,,2000,0,,,25224,3008,,,,,,16636,16636,3250,0,,,,,,,,0,41860,6258,,,,,41860,6258,,0
3/30/20,NM,A,4,,2,,,,22,0,,,12246,1304,,,,,,281,,44,0,,,,,,26,,0,12527,1348,,,,,,0,,0
3/30/20,NV,A,32,,4,,,,,0,,,10207,1795,,,,,,996,996,258,0,,,,,,,13576,455,13576,455,,,,,,0,13349,2568
3/30/20,NY,A,1218,,253,,14578,14578,9517,1883,,2352,120088,7131,,,,,,66497,66497,6984,0,,,,,,4204,186585,14115,186585,14115,,,,,,0,,0
3/30/20,OH,B,39,,10,,475,475,,72,163,,25342,6330,,,,,,1933,1933,280,0,,,,,,,,0,27275,6610,,,,,,0,,0
3/30/20,OK,B,17,,1,,153,153,,13,,103,1207,2,,,,,,481,,52,0,,,,,,,,0,1688,54,,,,,,0,,0
3/30/20,OR,A,16,,3,,140,140,132,11,,,12277,1399,,,853,,39,606,,58,0,,,,,1689,,,0,2542,1206,,,,,,0,2542,1206
3/30/20,PA,A,49,,11,,386,386,,33,,,33777,3716,,,,,,4087,,693,0,,,,,,,,0,37864,4409,,,,,37864,4409,,0
3/30/20,PR,A,6,,1,,,,,0,,,931,90,,,,,,174,,47,0,,,,,,,,0,1105,137,,,,,,0,,0
3/30/20,RI,B,4,,1,,,,41,0,,9,3246,190,,,3449,,6,495,495,78,0,,,,,484,,3613,450,3613,450,,,,,3741,268,3933,284
3/30/20,SC,B,18,,2,,102,102,,0,,,4160,1145,,,,,,925,925,151,0,,,,,,,,0,5085,1296,,,,,,0,,0
3/30/20,SD,A,1,,0,,,,,0,,,3478,351,,,,,,101,,11,0,,,,,,34,,0,3579,362,,,,,3579,362,,0
3/30/20,TN,A,13,,6,,148,148,,15,,,21470,2433,,,,,,1834,,297,0,,,,,,,,0,23304,2730,,,,,,0,,0
3/30/20,TX,A,34,,0,,,,,0,,,67919,2483,,,,,,2874,2874,322,0,,,,,7387,38,,0,70793,2805,,,,,,0,70793,2805
3/30/20,UT,A,4,,2,,,,,0,,,18332,1294,,,18593,,,806,806,87,0,,,,,974,,,0,19567,1400,,,,,19266,1349,19567,1400
3/30/20,VA,A,25,,3,,112,112,,13,,,11018,1299,,,,,,1020,,130,0,,,,,3613,,19708,1386,19708,1386,,,,,,0,,0
3/30/20,VI,,,,0,,,,,0,,,126,3,,,,,,30,,7,0,,,,,,,,0,156,10,,,,,,0,,0
3/30/20,VT,A,12,,0,,18,18,,0,,,3546,172,,,,,,256,256,22,0,,,,,,,,0,4102,185,,,,,3802,194,4102,185
3/30/20,WA,A,248,,11,,,,,0,,,77047,4887,,,,,,5716,5716,287,0,,,,,,,83531,5450,83531,5450,,,,,80687,5150,,0
3/30/20,WI,A,14,,1,,,,,0,,,15856,-694,,,,,,1422,1221,146,0,,,,,,,18995,1274,18995,1274,,,,,,0,,0
3/30/20,WV,B,1,,1,,1,1,,0,,,2984,279,,,,,,126,126,13,0,,,,,,,,0,3110,292,,,,,,0,,0
3/30/20,WY,A,0,,0,,17,17,,2,,,1840,286,,,2496,,,94,95,8,0,,,,,145,24,,0,2641,257,,,,,,0,2641,257
3/29/20,AK,A,2,,0,,10,10,,0,,,3224,394,,,,,,110,,19,0,,,,,,,,0,3334,413,,,,,,0,3334,413
3/29/20,AL,B,4,,1,,,,158,0,,,4184,0,,,,,,806,806,110,0,,,,,,,,0,4990,110,,,,,4990,110,,0
3/29/20,AR,A,6,,1,,,,43,0,,,3027,89,,,,,16,426,426,22,0,,,,,,28,,0,3453,111,,,,,,0,3453,111
3/29/20,AS,,0,,0,,,,,0,,,,0,,,,,,,0,0,0,,,,,,,,0,0,0,,,,,,0,0,0
3/29/20,AZ,B,17,,2,,427,427,,41,,,12953,5498,,,,,,919,,46,0,,,,,,,,0,24777,1237,,,,,13872,5544,24777,1237
3/29/20,CA,B,123,,22,,,,1034,0,,410,20549,0,,,,,,5708,,1065,0,,,,,,,,0,26257,1065,,,,,,0,26257,1065
3/29/20,CO,A,47,,3,,326,326,358,52,,,12737,1522,,,,,,2307,,246,0,,,,,,,15474,1283,15474,1283,,,,,14470,1194,,0
3/29/20,CT,A,34,12,1,,,,404,0,,,9907,1231,,,,,,1993,,469,0,,,,,,,,0,11900,1700,,,,,,0,,0
3/29/20,DC,A,5,,1,,,,,0,,,2469,258,,,,,,342,,38,0,,,,,,66,2811,296,2811,296,,,,,,0,,0
3/29/20,DE,C,10,10,1,0,,,33,0,,,36,0,,,,,,232,,18,0,,,,,183,9,4469,476,4469,476,,,,,,0,,0
3/29/20,FL,A,56,,2,,594,594,,68,,,39070,3704,,,,,,3884,,705,0,,,,,,,40982,6375,40982,6375,,,,,,0,,0
3/29/20,GA,A,80,,11,,666,666,,49,,,9913,1228,,,,,,2651,,285,0,,,,,2508,,,0,14629,549,,,,,,0,14629,549
3/29/20,GU,,1,,0,,,,15,0,,,334,35,,,,,,56,,1,0,,,,,,7,,0,390,36,,,,,,0,,0
3/29/20,HI,A,,,0,,12,12,,4,,,6849,2492,,,,,,151,,31,0,,,,,146,,6955,1158,6955,1158,,,,,,0,,0
3/29/20,IA,C,4,,1,,68,68,51,7,,,5013,638,,,,,,336,336,38,0,,,,,,17,,0,5349,676,,,,,,0,,0
3/29/20,ID,A,5,,1,,36,36,35,11,,,4021,679,,,,,,261,,31,0,,,,,,,,0,4282,710,,,,,4282,710,,0
3/29/20,IL,A,65,,18,,,,,0,,,23166,1166,,,,,,4596,,1105,0,,,,,,,,0,27762,2271,,,,,,0,,0
3/29/20,IN,B,32,,1,,,,,0,,,8316,1141,,,,,,1514,,282,0,,,,,2813,,,0,20572,1433,,,,,,0,20572,1433
3/29/20,KS,B,6,,1,,55,55,,28,,,4194,523,,,,,,319,,58,0,,,,,,,,0,4513,581,,,,,,0,,0
3/29/20,KY,A,9,,1,,,,,0,,,5147,326,,,,,,394,,92,0,,,,,,,,0,5541,418,,,,,,0,5541,418
3/29/20,LA,A,151,,14,,,,1127,0,,,24331,2485,,,,,380,3540,3540,225,0,,,,,,,,0,27871,2710,,,,,,0,,0
3/29/20,MA,B,99,,27,,399,399,,49,,,34234,3319,,,,,,4856,,698,0,,,,,7800,,,0,52483,2473,,,,,,0,52483,2473
3/29/20,MD,D,24,23,7,1,277,277,,51,,,12354,838,,,,,,1239,1239,247,0,,,,,1294,,,0,11619,1308,,,,,,0,11619,1308
3/29/20,ME,A,3,,2,,,,,0,,,3394,0,,,,,,253,253,42,0,,,,,,41,,0,3647,42,,,,,,0,,0
3/29/20,MI,B,351,408,68,25,,,,0,,,17417,1515,,,17417,,,15784,15519,919,0,,,,,6895,,,0,33201,2434,,,,,,0,24312,2392
3/29/20,MN,A,9,,4,,75,75,39,18,17,,18566,1171,,,,,,725,725,38,0,,,,,,243,19291,1209,19291,1209,,,,,,0,,0
3/29/20,MO,C,10,,0,,,,,0,,,11547,1465,,,15311,,,838,838,0,0,,,,,1702,,,0,17025,2136,,,,,,0,17025,2136
3/29/20,MP,,,,0,,,,,0,,,,0,,,,,,2,,0,0,,,,,,,,0,2,0,,,,,,0,,0
3/29/20,MS,B,14,,1,,235,235,,16,,,2560,0,,,,,,758,,95,0,,,,,,,,0,3318,95,,,,,,0,,0
3/29/20,MT,A,1,,0,,8,8,,1,,,4143,887,,,,,,154,,25,0,,,,,,,,0,4297,912,,,,,,0,3885,468
3/29/20,NC,A,4,,0,,,,91,0,,,17905,1313,,,,,,1040,,105,0,,,,,,,,0,18945,1418,,,,,,0,,0
3/29/20,ND,B,1,,0,,17,17,,1,,,3355,546,,,,,,97,97,17,0,,,,,,18,3574,522,3574,522,,,,,3459,502,3597,525
3/29/20,NE,A,2,,0,,,,,0,,,1968,64,,,2103,,,108,,12,0,,,,,105,,,0,2258,338,,,,,2345,339,2258,338
3/29/20,NH,B,2,,0,,33,33,,3,,,4524,868,,,,,,214,,27,0,,,,,,,,0,5477,477,,,,,,0,5477,477
3/29/20,NJ,A,217,161,26,56,,,2000,0,,,22216,2830,,,,,,13386,13386,2262,0,,,,,,,,0,35602,5092,,,,,35602,5092,,0
3/29/20,NM,A,2,,0,,,,22,0,,,10942,173,,,,,,237,,0,0,,,,,,26,,0,11179,173,,,,,,0,,0
3/29/20,NV,A,28,,3,,,,,0,,,8412,511,,,,,,738,738,117,0,,,,,,,13121,560,13121,560,,,,,,0,10781,808
3/29/20,NY,A,965,,237,,12695,12695,8503,2241,,2037,112957,9206,,,,,,59513,59513,7195,0,,,,,,3572,172470,16401,172470,16401,,,,,,0,,0
3/29/20,OH,B,29,,4,,403,403,,59,139,,19012,0,,,,,,1653,1653,247,0,,,,,,,,0,20665,247,,,,,,0,,0
3/29/20,OK,A,16,,1,,140,140,,14,,,1205,25,,,,,,429,,52,0,,,,,,,,0,1634,77,,,,,,0,,0
3/29/20,OR,A,13,,0,,129,129,107,12,,,10878,1185,,,31,,37,548,,69,0,,,,,1305,,,0,1336,1336,,,,,,0,1336,1336
3/29/20,PA,A,38,,4,,353,353,,37,,,30061,4807,,,,,,3394,,643,0,,,,,,,,0,33455,5450,,,,,33455,5450,,0
3/29/20,PR,A,5,,2,,,,,0,,,841,102,,,,,,127,,27,0,,,,,,,,0,968,129,,,,,,0,,0
3/29/20,RI,B,3,,3,,,,35,0,,9,3056,314,,,3227,,6,417,417,105,0,,,,,422,,3163,319,3163,319,,,,,3473,419,3649,462
3/29/20,SC,B,16,,3,,102,102,,0,,,3015,607,,,,,,774,774,235,0,,,,,,,,0,3789,842,,,,,,0,,0
3/29/20,SD,A,1,,0,,,,,0,,,3127,535,,,,,,90,,22,0,,,,,,29,,0,3217,557,,,,,3217,557,,0
3/29/20,TN,A,7,,1,,133,133,,15,,,19037,2072,,,,,,1537,,164,0,,,,,,,,0,20574,2236,,,,,,0,,0
3/29/20,TX,A,34,,7,,,,,0,,,65436,3338,,,,,,2552,2552,504,0,,,,,6974,,,0,67988,3842,,,,,,0,67988,3842
3/29/20,UT,A,2,,0,,,,,0,,,17038,2557,,,17249,,,719,719,117,0,,,,,918,,,0,18167,2726,,,,,17917,2685,18167,2726
3/29/20,VA,A,22,,5,,99,99,,16,,,9719,1292,,,,,,890,,151,0,,,,,3403,,18322,1598,18322,1598,,,,,,0,,0
3/29/20,VI,,,,0,,,,,0,,,123,17,,,,,,23,,1,0,,,,,,,,0,146,18,,,,,,0,,0
3/29/20,VT,A,12,,0,,18,18,,0,,,3374,268,,,,,,234,234,21,0,,,,,,,,0,3917,309,,,,,3608,289,3917,309
3/29/20,WA,A,237,,17,,,,,0,,,72160,1745,,,,,,5429,5429,462,0,,,,,,,78081,1987,78081,1987,,,,,75537,1833,,0
3/29/20,WI,A,13,,0,,,,,0,,,16550,1318,,,,,,1276,1112,142,0,,,,,,,17721,1329,17721,1329,,,,,,0,,0
3/29/20,WV,B,0,,0,,1,1,,0,,,2705,374,,,,,,113,113,17,0,,,,,,,,0,2818,391,,,,,,0,,0
3/29/20,WY,A,0,,0,,15,15,,1,,,1554,79,,,2267,,,86,87,4,0,,,,,117,20,,0,2384,78,,,,,,0,2384,78
3/28/20,AK,A,2,,1,,10,10,,4,,,2830,516,,,,,,91,,17,0,,,,,,,,0,2921,533,,,,,,0,2921,533
3/28/20,AL,B,3,,0,,,,134,0,,,4184,0,,,,,,696,696,109,0,,,,,,,,0,4880,109,,,,,4880,109,,0
3/28/20,AR,A,5,,2,,,,48,0,,,2938,1393,,,,,17,404,404,23,0,,,,,,24,,0,3342,1416,,,,,,0,3342,1416
3/28/20,AS,,0,,0,,,,,0,,,,0,,,,,,,0,0,0,,,,,,,,0,0,0,,,,,,0,0,0
3/28/20,AZ,B,15,,2,,386,386,,43,,,7455,0,,,,,,873,,137,0,,,,,,,,0,23540,2407,,,,,8328,137,23540,2407
3/28/20,CA,B,101,,23,,,,1034,0,,410,20549,3169,,,,,,4643,,764,0,,,,,,,,0,25192,3933,,,,,,0,25192,3933
3/28/20,CO,A,44,,13,,274,274,332,35,,,11215,1273,,,,,,2061,,327,0,,,,,,,14191,1687,14191,1687,,,,,13276,1600,,0
3/28/20,CT,A,33,10,6,,,,205,0,,,8676,1567,,,,,,1524,,233,0,,,,,,,,0,10200,1800,,,,,,0,,0
3/28/20,DC,A,4,,1,,,,,0,,,2211,314,,,,,,304,,37,0,,,,,,51,2515,351,2515,351,,,,,,0,,0
3/28/20,DE,C,9,9,4,0,,,31,0,,,36,0,,,,,,214,,51,0,,,,,145,9,3993,431,3993,431,,,,,,0,,0
3/28/20,FL,A,54,,20,,526,526,,70,,,35366,7180,,,,,,3179,,659,0,,,,,,,34607,6244,34607,6244,,,,,,0,,0
3/28/20,GA,A,69,,5,,617,617,,51,,,8685,821,,,,,,2366,,365,0,,,,,2383,,,0,14080,3059,,,,,,0,14080,3059
3/28/20,GU,,1,,0,,,,15,0,,,299,0,,,,,,55,,4,0,,,,,,7,,0,354,4,,,,,,0,,0
3/28/20,HI,A,,,0,,8,8,,1,,,4357,0,,,,,,120,,14,0,,,,,118,,5797,729,5797,729,,,,,,0,,0
3/28/20,IA,C,3,,0,,61,61,46,11,,,4375,635,,,,,,298,298,63,0,,,,,,15,,0,4673,698,,,,,,0,,0
3/28/20,ID,A,4,,1,,25,25,37,25,,,3342,674,,,,,,230,,41,0,,,,,,,,0,3572,715,,,,,3572,715,,0
3/28/20,IL,A,47,,13,,,,,0,,,22000,3484,,,,,,3491,,465,0,,,,,,,,0,25491,3949,,,,,,0,,0
3/28/20,IN,B,31,,7,,,,,0,,,7175,1220,,,,,,1232,,251,0,,,,,2545,,,0,19139,2350,,,,,,0,19139,2350
3/28/20,KS,B,5,,1,,27,27,,0,,,3671,442,,,,,,261,,59,0,,,,,,,,0,3932,501,,,,,,0,,0
3/28/20,KY,A,8,,2,,,,,0,,,4821,1053,,,,,,302,,54,0,,,,,,,,0,5123,1107,,,,,,0,5123,1107
3/28/20,LA,A,137,,18,,,,927,0,,,21846,3233,,,,,336,3315,3315,569,0,,,,,,,,0,25161,3802,,,,,,0,,0
3/28/20,MA,B,72,,15,,350,350,,131,,,30915,4671,,,,,,4158,,1007,0,,,,,7224,,,0,50010,3202,,,,,,0,50010,3202
3/28/20,MD,D,17,17,7,,226,226,,53,,,11516,11422,,,,,,992,992,218,0,,,,,1117,,,0,10311,3075,,,,,,0,10311,3075
3/28/20,ME,A,1,,0,,,,,0,,,3394,0,,,,,,211,211,43,0,,,,,,36,,0,3605,43,,,,,,0,,0
3/28/20,MI,B,283,326,71,19,,,,0,,,15902,1762,,,15902,,,14865,14625,1066,0,,,,,6018,,,0,30767,2828,,,,,,0,21920,2787
3/28/20,MN,A,5,,1,,57,57,30,6,17,,17395,3790,,,,,,687,687,47,0,,,,,,215,18082,3837,18082,3837,,,,,,0,,0
3/28/20,MO,C,10,,2,,,,,0,,,10082,9713,,,13471,,,838,838,169,0,,,,,1406,,,0,14889,2410,,,,,,0,14889,2410
3/28/20,MP,,,,0,,,,,0,,,,0,,,,,,2,,2,0,,,,,,,,0,2,2,,,,,,0,,0
3/28/20,MS,B,13,,5,,219,219,,34,,,2560,0,,,,,,663,,84,0,,,,,,,,0,3223,84,,,,,,0,,0
3/28/20,MT,A,1,,1,,7,7,,0,,,3256,666,,,,,,129,,21,0,,,,,,,,0,3385,687,,,,,,0,3417,3417
3/28/20,NC,A,4,,1,,,,87,0,,,16592,2219,,,,,,935,,172,0,,,,,,,,0,17527,2391,,,,,,0,,0
3/28/20,ND,B,1,,1,,16,16,,3,,,2809,382,,,,,,80,80,19,0,,,,,,16,3052,503,3052,503,,,,,2957,475,3072,504
3/28/20,NE,A,2,,2,,,,,0,,,1904,143,,,1802,,,96,,11,0,,,,,78,,,0,1920,189,,,,,2006,103,1920,189
3/28/20,NH,B,2,,1,,30,30,,5,,,3656,261,,,,,,187,,29,0,,,,,,,,0,5000,662,,,,,,0,5000,662
3/28/20,NJ,A,191,140,51,51,,,2000,0,,,19386,2839,,,,,,11124,11124,2299,0,,,,,,,,0,30510,5138,,,,,30510,5138,,0
3/28/20,NM,A,2,,1,,,,19,0,,,10769,1573,,,,,,237,,46,0,,,,,,2,,0,11006,1619,,,,,,0,,0
3/28/20,NV,A,25,,4,,,,,0,,,7901,1740,,,,,,621,621,86,0,,,,,,,12561,1196,12561,1196,,,,,,0,9973,1845
3/28/20,NY,A,728,,209,,10454,10454,7328,1722,,1755,103751,9763,,,,,,52318,52318,7681,0,,,,,,2726,156069,17444,156069,17444,,,,,,0,,0
3/28/20,OH,B,25,,6,,344,344,,68,123,,19012,0,,,,,,1406,1406,269,0,,,,,,,,0,20418,269,,,,,,0,,0
3/28/20,OK,A,15,,7,,126,126,,21,,,1180,96,,,,,,377,,55,0,,,,,,,,0,1557,151,,,,,,0,,0
3/28/20,OR,A,13,,1,,117,117,107,15,,,9693,1183,,,,,31,479,,65,0,,,,,,,,0,,0,,,,,,0,,0
3/28/20,PA,A,34,,12,,316,316,,75,,,25254,4238,,,,,,2751,,533,0,,,,,,,,0,28005,4771,,,,,28005,4771,,0
3/28/20,PR,A,3,,0,,,,,0,,,739,220,,,,,,100,,21,0,,,,,,,,0,839,241,,,,,,0,,0
3/28/20,RI,B,,,0,,,,29,0,,9,2742,240,,,2871,,6,312,312,64,0,,,,,316,,2844,241,2844,241,,,,,3054,304,3187,319
3/28/20,SC,B,13,,4,,102,102,,0,,,2408,101,,,,,,539,539,83,0,,,,,,,,0,2947,184,,,,,,0,,0
3/28/20,SD,A,1,,0,,,,,0,,,2592,205,,,,,,68,,10,0,,,,,,26,,0,2660,215,,,,,2660,215,,0
3/28/20,TN,A,6,,0,,118,118,,15,,,16965,2077,,,,,,1373,,170,0,,,,,,,,0,18338,2247,,,,,,0,,0
3/28/20,TX,A,27,,4,,,,,0,,,62098,7978,,,,,,2048,2048,317,0,,,,,6498,,,0,64146,8295,,,,,,0,64146,8295
3/28/20,UT,A,2,,0,,,,,0,,,14481,2729,,,14655,,,602,602,122,0,,,,,786,,,0,15441,2896,,,,,15232,2862,15441,2896
3/28/20,VA,A,17,,3,,83,83,,18,,,8427,1694,,,,,,739,,135,0,,,,,3214,,16724,1946,16724,1946,,,,,,0,,0
3/28/20,VI,,,,0,,,,,0,,,106,51,,,,,,22,,3,0,,,,,,,,0,128,54,,,,,,0,,0
3/28/20,VT,A,12,,2,,18,18,,0,,,3106,320,,,,,,213,213,28,0,,,,,,,,0,3608,360,,,,,3319,348,3608,360
3/28/20,WA,A,220,,21,,,,,0,,,70415,2509,,,,,,4967,4967,435,0,,,,,,,76094,2797,76094,2797,,,,,73704,2601,,0
3/28/20,WI,A,13,,0,,,,,0,,,15232,2092,,,,,,1134,989,165,0,,,,,,,16392,1703,16392,1703,,,,,,0,,0
3/28/20,WV,B,0,,0,,1,1,,0,,,2331,552,,,,,,96,96,20,0,,,,,,,,0,2427,572,,,,,,0,,0
3/28/20,WY,A,0,,0,,14,14,,3,,,1475,264,,,2193,,,82,84,12,0,,,,,113,18,,0,2306,102,,,,,,0,2306,102
3/27/20,AK,A,1,,0,,6,6,,2,,,2314,517,,,,,,74,,11,0,,,,,,,,0,2388,528,,,,,,0,2388,528
3/27/20,AL,B,3,,2,,,,112,0,,,4184,591,,,,,,587,587,81,0,,,,,,,,0,4771,672,,,,,4771,672,,0
3/27/20,AR,A,3,,0,,,,48,0,,,1545,41,,,,,17,381,381,46,0,,,,,,19,,0,1926,87,,,,,,0,1926,87
3/27/20,AS,,0,,0,,,,,0,,,,0,,,,,,,0,0,0,,,,,,,,0,0,0,,,,,,0,0,0
3/27/20,AZ,B,13,,5,,343,343,,40,,,7455,7108,,,,,,736,,159,0,,,,,,,,0,21133,2426,,,,,8191,7267,21133,2426
3/27/20,CA,B,78,,13,,,,746,0,,200,17380,0,,,,,,3879,,873,0,,,,,,,,0,21259,873,,,,,,0,21259,873
3/27/20,CO,A,31,,7,,239,239,307,55,,,9942,1250,,,,,,1734,,304,0,,,,,,,12504,1593,12504,1593,,,,,11676,1554,,0
3/27/20,CT,A,27,5,6,,,,173,0,,,7109,1484,,,,,,1291,,279,0,,,,,,,,0,8400,1763,,,,,,0,,0
3/27/20,DC,A,3,,0,,,,,0,,,1897,271,,,,,,267,,36,0,,,,,,49,2164,307,2164,307,,,,,,0,,0
3/27/20,DE,C,5,5,2,0,,,15,0,,,36,0,,,,,,163,,33,0,,,,,101,9,3562,414,3562,414,,,,,,0,,0
3/27/20,FL,A,34,,6,,456,456,,50,,,28186,4445,,,,,,2520,,535,0,,,,,,,28363,5626,28363,5626,,,,,,0,,0
3/27/20,GA,A,64,,16,,566,566,,93,,,7864,463,,,,,,2001,,476,0,,,,,1789,,,0,11021,1059,,,,,,0,11021,1059
3/27/20,GU,,1,,0,,,,13,0,,,299,36,,,,,,51,,6,0,,,,,,,,0,350,42,,,,,,0,,0
3/27/20,HI,A,,,0,,7,7,,2,,,4357,0,,,,,,106,,11,0,,,,,104,,5068,514,5068,514,,,,,,0,,0
3/27/20,IA,C,3,,2,,50,50,32,4,,,3740,1162,,,,,,235,235,56,0,,,,,,18,,0,3975,1218,,,,,,0,,0
3/27/20,ID,A,3,,3,,,,31,0,,,2668,603,,,,,,189,,66,0,,,,,,,,0,2857,669,,,,,2857,669,,0
3/27/20,IL,A,34,,8,,,,,0,,,18516,4423,,,,,,3026,,488,0,,,,,,,,0,21542,4911,,,,,,0,,0
3/27/20,IN,B,24,,7,,,,,0,,,5955,1949,,,,,,981,,336,0,,,,,2163,,,0,16789,2740,,,,,,0,16789,2740
3/27/20,KS,B,4,,1,,27,27,,27,,,3229,360,,,,,,202,,34,0,,,,,,,,0,3431,394,,,,,,0,,0
3/27/20,KY,A,6,,2,,,,,0,,,3768,666,,,,,,248,,50,0,,,,,,,,0,4016,716,,,,,,0,4016,716
3/27/20,LA,A,119,,36,,,,773,0,,,18613,2889,,,,,270,2746,2746,441,0,,,,,,,,0,21359,3330,,,,,,0,,0
3/27/20,MA,B,57,,15,,219,219,,0,,,26244,4917,,,,,,3151,,833,0,,,,,6520,,,0,46808,4815,,,,,,0,46808,4815
3/27/20,MD,D,10,10,3,,173,173,,41,,,94,0,,,,,,774,774,194,0,,,,,769,25,,0,7236,1820,,,,,,0,7236,1820
3/27/20,ME,A,1,,1,,,,,0,,,3394,0,,,,,,168,168,13,0,,,,,,24,,0,3562,13,,,,,,0,,0
3/27/20,MI,B,212,264,53,15,,,,0,,,14140,2410,,,14140,,,13799,13585,1324,0,,,,,4993,,,0,27939,3734,,,,,,0,19133,3536
3/27/20,MN,A,4,,2,,51,51,34,10,17,,13605,1001,,,,,,640,640,75,0,,,,,,176,14245,1076,14245,1076,,,,,,0,,0
3/27/20,MO,C,8,,0,,,,,0,,,369,0,,,11324,,,669,669,167,0,,,,,1144,,,0,12479,2435,,,,,,0,12479,2435
3/27/20,MP,,0,,0,,,,,0,,,,0,,,,,,0,,0,0,,,,,,,,0,0,0,,,,,,0,,0
3/27/20,MS,B,8,,2,,185,185,,35,,,2560,269,,,,,,579,,94,0,,,,,,,,0,3139,363,,,,,,0,,0
3/27/20,MT,A,,,0,,7,7,,6,,,2590,462,,,,,,108,,37,0,,,,,,,,0,2698,499,,,,,,0,,0
3/27/20,NC,A,3,,1,,,,77,0,,,14373,2099,,,,,,763,,127,0,,,,,,,,0,15136,2226,,,,,,0,,0
3/27/20,ND,B,0,,0,,13,13,,3,,,2427,388,,,,,,61,61,9,0,,,,,,15,2549,462,2549,462,,,,,2482,446,2568,463
3/27/20,NE,A,0,,0,,,,,0,,,1761,177,,,1631,,,85,,12,0,,,,,61,,,0,1731,199,,,,,1903,1903,1731,199
3/27/20,NH,B,1,,0,,25,25,,6,,,3395,394,,,,,,158,,21,0,,,,,,,,0,4338,777,,,,,,0,4338,777
3/27/20,NJ,A,140,108,32,32,,,2000,0,,,16547,2886,,,,,,8825,8825,1949,0,,,,,,,,0,25372,4835,,,,,25372,4835,,0
3/27/20,NM,A,1,,0,,,,17,0,,,9196,819,,,,,,191,,55,0,,,,,,,,0,9387,874,,,,,,0,,0
3/27/20,NV,A,21,,4,,,,,0,,,6161,1464,,,,,,535,535,115,0,,,,,,,11365,1190,11365,1190,,,,,,0,8128,1984
3/27/20,NY,A,519,,134,,8732,8732,6481,1811,,1583,93988,8936,,,,,,44637,44637,7379,0,,,,,,2045,138625,16315,138625,16315,,,,,,0,,0
3/27/20,OH,B,19,,4,,276,276,,53,107,,19012,2563,,,,,,1137,1137,270,0,,,,,,,,0,20149,2833,,,,,,0,,0
3/27/20,OK,A,8,,1,,105,105,,19,,,1084,126,,,,,,322,,74,0,,,,,,,,0,1406,200,,,,,,0,,0
3/27/20,OR,A,12,,1,,102,102,91,12,,,8510,1557,,,,,31,414,,87,0,,,,,,,,0,,0,,,,,,0,,0
3/27/20,PA,A,22,,6,,241,241,,241,,,21016,4575,,,,,,2218,,531,0,,,,,,,,0,23234,5106,,,,,23234,5106,,0
3/27/20,PR,A,3,,1,,,,,0,,,519,142,,,,,,79,,15,0,,,,,,,,0,598,157,,,,,,0,,0
3/27/20,RI,B,,,0,,,,28,0,,9,2502,202,,,2611,,6,248,248,31,0,,,,,257,,2603,216,2603,216,,,,,2750,233,2868,242
3/27/20,SC,B,9,,0,,102,102,,0,,,2307,0,,,,,,456,456,0,0,,,,,,,,0,2763,0,,,,,,0,,0
3/27/20,SD,A,1,,0,,,,,0,,,2387,414,,,,,,58,,12,0,,,,,,21,,0,2445,426,,,,,2445,426,,0
3/27/20,TN,A,6,,3,,103,103,,27,,,14888,936,,,,,,1203,,246,0,,,,,,,,0,16091,1182,,,,,,0,,0
3/27/20,TX,A,23,,5,,,,,0,,,54120,6868,,,,,,1731,1731,337,0,,,,,5586,,,0,55851,7205,,,,,,0,55851,7205
3/27/20,UT,A,2,,1,,,,,0,,,11752,2582,,,11895,,,480,480,78,0,,,,,650,,,0,12545,2721,,,,,12370,2692,12545,2721
3/27/20,VA,A,14,,1,,65,65,,6,,,6733,1004,,,,,,604,,144,0,,,,,2967,,14778,1404,14778,1404,,,,,,0,,0
3/27/20,VI,,,,0,,,,,0,,,55,0,,,,,,19,,2,0,,,,,,,,0,74,2,,,,,,0,,0
3/27/20,VT,A,10,,1,,18,18,,18,,,2786,170,,,,,,185,185,25,0,,,,,,,,0,3248,197,,,,,2971,195,3248,197
3/27/20,WA,A,199,,16,,,,,0,,,67906,4153,,,,,,4532,4532,441,0,,,,,,,73297,4617,73297,4617,,,,,71103,4360,,0
3/27/20,WI,A,13,,5,,,,,0,,,13140,1557,,,,,,969,842,163,0,,,,,,,14689,1812,14689,1812,,,,,,0,,0
3/27/20,WV,B,0,,0,,1,1,,0,,,1779,748,,,,,,76,76,25,0,,,,,,,,0,1855,773,,,,,,0,,0
3/27/20,WY,A,0,,0,,11,11,,11,,,1211,159,,,2093,,,70,73,17,0,,,,,111,17,,0,2204,227,,,,,,0,2204,227
3/26/20,AK,A,1,,0,,4,4,,1,,,1797,155,,,,,,63,,14,0,,,,,,,,0,1860,169,,,,,,0,1860,169
3/26/20,AL,C,1,,1,,,,106,0,,,3593,1064,,,,,,506,506,223,0,,,,,,,,0,4099,1287,,,,,4099,1287,,0
3/26/20,AR,A,3,,1,,,,41,0,,,1504,67,,,,,13,335,335,55,0,,,,,,13,,0,1839,122,,,,,,0,1839,122
3/26/20,AS,,0,,0,,,,,0,,,,0,,,,,,,0,0,0,,,,,,,,0,0,0,,,,,,0,0,0
3/26/20,AZ,B,8,,2,,303,303,,39,,,347,24,,,,,,577,,127,0,,,,,,,,0,18707,2729,,,,,924,151,18707,2729
3/26/20,CA,B,65,,12,,,,,0,,,17380,1459,,,,,,3006,,651,0,,,,,,,,0,20386,2110,,,,,,0,20386,2110
3/26/20,CO,A,24,,5,,184,184,278,36,,,8692,1714,,,,,,1430,,344,0,,,,,,,10911,1833,10911,1833,,,,,10122,2058,,0
3/26/20,CT,A,21,4,2,,,,125,0,,,5625,602,,,,,,1012,,137,0,,,,,,,,0,6637,739,,,,,,0,,0
3/26/20,DC,A,3,,1,,,,,0,,,1626,203,,,,,,231,,48,0,,,,,,21,1857,251,1857,251,,,,,,0,,0
3/26/20,DE,C,3,3,1,0,,,13,0,,,36,0,,,,,,130,,15,0,,,,,94,4,3148,419,3148,419,,,,,,0,,0
3/26/20,FL,A,28,,6,,406,406,,90,,,23741,8367,,,,,,1985,,497,0,,,,,,,22737,6902,22737,6902,,,,,,0,,0
3/26/20,GA,A,48,,8,,473,473,,79,,,7401,2469,,,,,,1525,,278,0,,,,,1557,,,0,9962,655,,,,,,0,9962,655
3/26/20,GU,,1,,0,,,,11,0,,,263,30,,,,,,45,,8,0,,,,,,,,0,308,38,,,,,,0,,0
3/26/20,HI,A,,,0,,5,5,,-1,,,4357,0,,,,,,95,,5,0,,,,,92,,4554,337,4554,337,,,,,,0,,0
3/26/20,IA,C,1,,0,,46,46,31,10,,,2578,0,,,,,,179,179,34,0,,,,,,15,,0,2757,34,,,,,,0,,0
3/26/20,ID,A,0,,0,,,,34,0,,,2065,178,,,,,,123,,50,0,,,,,,,,0,2188,228,,,,,2188,228,,0
3/26/20,IL,A,26,,7,,,,,0,,,14093,1749,,,,,,2538,,673,0,,,,,,,,0,16631,2422,,,,,,0,,0
3/26/20,IN,B,17,,3,,,,,-1,,,4006,1127,,,,,,645,,168,0,,,,,1824,,,0,14049,2457,,,,,,0,14049,2457
3/26/20,KS,B,3,,0,,,,,0,,,2869,509,,,,,,168,,42,0,,,,,,,,0,3037,551,,,,,,0,,0
3/26/20,KY,A,4,,0,,,,,0,,,3102,237,,,,,,198,,41,0,,,,,,,,0,3300,278,,,,,,0,3300,278
3/26/20,LA,A,83,,18,,,,676,0,,,15724,6068,,,,,239,2305,2305,510,0,,,,,,,,0,18029,6578,,,,,,0,,0
3/26/20,MA,B,42,,9,,219,219,,116,,,21327,3248,,,,,,2318,,579,0,,,,,5513,,,0,41993,4836,,,,,,0,41993,4836
3/26/20,MD,D,7,7,2,,132,132,,132,,,94,0,,,,,,580,580,157,0,,,,,563,,,0,5416,3341,,,,,,0,5416,3341
3/26/20,ME,A,,,0,,,,,0,,,3394,217,,,,,,155,155,6,0,,,,,,16,,0,3549,223,,,,,,0,,0
3/26/20,MI,D,159,197,48,10,,,,0,,,11730,2888,,,11730,,,12475,12288,1140,0,,,,,3867,,,0,24205,4028,,,,,,0,15597,3815
3/26/20,MN,A,2,,1,,41,41,31,6,,,12604,1416,,,,,,565,565,63,0,,,,,,,13169,1479,13169,1479,,,,,,0,,0
3/26/20,MO,C,8,,0,,,,,0,,,369,0,,,9121,,,502,502,146,0,,,,,915,,,0,10044,2064,,,,,,0,10044,2064
3/26/20,MP,,0,,0,,,,,0,,,,0,,,,,,0,,0,0,,,,,,,,0,0,0,,,,,,0,,0
3/26/20,MS,B,6,,4,,150,150,,33,,,2291,725,,,,,,485,,108,0,,,,,,,,0,2776,833,,,,,,0,,0
3/26/20,MT,C,,,0,,1,1,,1,,,2128,180,,,,,,71,,18,0,,,,,,,,0,2199,198,,,,,,0,,0
3/26/20,NC,A,2,,1,,,,29,0,,,12274,2289,,,,,,636,,132,0,,,,,,,,0,12910,2421,,,,,,0,,0
3/26/20,ND,B,0,,0,,10,10,,2,,,2039,305,,,,,,52,52,13,0,,,,,,,2087,344,2087,344,,,,,2036,335,2105,345
3/26/20,NE,A,0,,0,,,,,0,,,1584,280,,,1440,,,73,,12,0,,,,,57,,,0,1532,123,,,,,,0,1532,123
3/26/20,NH,B,1,,0,,19,19,,6,,,3001,645,,,,,,137,,29,0,,,,,,,,0,3561,386,,,,,,0,3561,386
3/26/20,NJ,B,108,81,27,27,,,1080,0,,,13661,3209,,,,,,6876,6876,2474,0,,,,,,,,0,20537,5683,,,,,20537,5683,,0
3/26/20,NM,A,1,,0,,,,,0,,,8377,696,,,,,,136,,24,0,,,,,,,,0,8513,720,,,,,,0,,0
3/26/20,NV,A,17,,4,,,,,0,,,4697,446,,,,,,420,420,99,0,,,,,,,10175,1058,10175,1058,,,,,,0,6144,594
3/26/20,NY,B,385,,100,,6921,6921,5327,1795,,1290,85052,12203,,,,,,37258,37258,6448,0,,,,,,,122310,18651,122310,18651,,,,,,0,,0
3/26/20,OH,B,15,,5,,223,223,,41,91,,16449,2389,,,,,,867,867,163,0,,,,,,,,0,17316,2552,,,,,,0,,0
3/26/20,OK,A,7,,2,,86,86,,27,,,958,153,,,,,,248,,84,0,,,,,,,,0,1206,237,,,,,,0,,0
3/26/20,OR,A,11,,3,,90,90,,29,,,6953,2603,,,,,,327,,118,0,,,,,,,,0,,0,,,,,,0,,0
3/26/20,PA,A,16,,5,,,,,0,,,16441,5248,,,,,,1687,,560,0,,,,,,,,0,18128,5808,,,,,18128,5808,,0
3/26/20,PR,A,2,,0,,,,,0,,,377,60,,,,,,64,,13,0,,,,,,,,0,441,73,,,,,,0,,0
3/26/20,RI,B,,,0,,,,23,0,,9,2300,176,,,2396,,6,217,217,41,0,,,,,230,,2387,208,2387,208,,,,,2517,217,2626,216
3/26/20,SC,B,9,,2,,102,102,,0,,,2307,4,,,,,,456,456,32,0,,,,,,,,0,2763,36,,,,,,0,,0
3/26/20,SD,A,1,,0,,,,,0,,,1973,1154,,,,,,46,,5,0,,,,,,16,,0,2019,1159,,,,,2019,1159,,0
3/26/20,TN,A,3,,0,,76,76,,23,,,13952,2940,,,,,,957,,173,0,,,,,,,,0,14909,3113,,,,,,0,,0
3/26/20,TX,A,18,,6,,,,,0,,,47252,6352,,,,,,1394,1394,419,0,,,,,4726,,,0,48646,6771,,,,,,0,48646,6771
3/26/20,UT,A,1,,0,,,,,0,,,9170,1661,,,9285,,,402,402,56,0,,,,,539,,,0,9824,1792,,,,,9678,1763,9824,1792
3/26/20,VA,A,13,,4,,59,59,,14,,,5729,750,,,,,,460,,69,0,,,,,2777,,13374,1097,13374,1097,,,,,,0,,0
3/26/20,VI,,,,0,,,,,0,,,55,0,,,,,,17,,0,0,,,,,,,,0,72,0,,,,,,0,,0
3/26/20,VT,A,9,,1,,,,,0,,,2616,985,,,,,,160,160,35,0,,,,,,,,0,3051,907,,,,,2776,1020,3051,907
3/26/20,WA,A,183,,24,,,,,0,,,63753,4252,,,,,,4091,4091,438,0,,,,,,,68680,4687,68680,4687,,,,,66743,4471,,0
3/26/20,WI,A,8,,1,,,,,0,,,11583,1494,,,,,,806,707,139,0,,,,,,,12877,1625,12877,1625,,,,,,0,,0
3/26/20,WV,B,0,,0,,1,1,,0,,,1031,272,,,,,,51,51,12,0,,,,,,,,0,1082,284,,,,,,0,,0
3/26/20,WY,A,,,0,,,,,0,,,1052,98,,,1887,,,53,53,9,0,,,,,90,12,,0,1977,244,,,,,,0,1977,244
3/25/20,AK,A,1,,1,,3,3,,1,,,1642,662,,,,,,49,,7,0,,,,,,,,0,1691,669,,,,,,0,1691,669
3/25/20,AL,C,0,,0,,,,91,0,,,2529,423,,,,,,283,283,68,0,,,,,,,,0,2812,491,,,,,2812,491,,0
3/25/20,AR,A,2,,2,,,,22,0,,,1437,490,,,,,4,280,280,62,0,,,,,,11,,0,1717,552,,,,,,0,1717,552
3/25/20,AS,,0,,0,,,,,0,,,,0,,,,,,,0,0,0,,,,,,,,0,0,0,,,,,,0,0,0
3/25/20,AZ,B,6,,1,,264,264,,45,,,323,10,,,,,,450,,93,0,,,,,,,,0,15978,2586,,,,,773,103,15978,2586
3/25/20,CA,B,53,,13,,,,,0,,,15921,2469,,,,,,2355,,253,0,,,,,,,,0,18276,2722,,,,,,0,18276,2722
3/25/20,CO,A,19,,8,,148,148,230,64,,,6978,189,,,,,,1086,,174,0,,,,,,,9078,1134,9078,1134,,,,,8064,363,,0
3/25/20,CT,A,19,3,7,,,,113,0,,,5023,341,,,,,,875,,257,0,,,,,,,,0,5898,598,,,,,,0,,0
3/25/20,DC,A,2,,0,,,,,0,,,1423,228,,,,,,183,,46,0,,,,,,,1606,274,1606,274,,,,,,0,,0
3/25/20,DE,C,2,2,1,0,,,11,0,,,36,0,,,,,,115,,24,0,,,,,82,,2729,363,2729,363,,,,,,0,,0
3/25/20,FL,A,22,,4,,316,316,,57,,,15374,2247,,,,,,1488,,283,0,,,,,,,15835,2881,15835,2881,,,,,,0,,0
3/25/20,GA,A,40,,8,,394,394,,394,,,4932,474,,,,,,1247,,221,0,,,,,1495,,,0,9307,2501,,,,,,0,9307,2501
3/25/20,GU,,1,,0,,,,10,0,,,233,32,,,,,,37,,5,0,,,,,,,,0,270,37,,,,,,0,,0
3/25/20,HI,A,,,0,,6,6,,2,,,4357,768,,,,,,90,,13,0,,,,,84,,4217,553,4217,553,,,,,,0,,0
3/25/20,IA,C,1,,1,,36,36,23,9,,,2578,263,,,,,,145,145,21,0,,,,,,,,0,2723,284,,,,,,0,,0
3/25/20,ID,A,0,,0,,,,,0,,,1887,0,,,,,,73,,23,0,,,,,,,,0,1960,23,,,,,1960,23,,0
3/25/20,IL,A,19,,3,,,,,0,,,12344,2410,,,,,,1865,,330,0,,,,,,,,0,14209,2740,,,,,,0,,0
3/25/20,IN,B,14,,2,,1,1,,0,,,2879,313,,,,,,477,,112,0,,,,,1505,,,0,11592,1723,,,,,,0,11592,1723
3/25/20,KS,B,3,,1,,,,,0,,,2360,274,,,,,,126,,28,0,,,,,,,,0,2486,302,,,,,,0,,0
3/25/20,KY,A,4,,0,,,,,0,,,2865,1103,,,,,,157,,33,0,,,,,,,,0,3022,1136,,,,,,0,3022,1136
3/25/20,LA,A,65,,19,,,,491,0,,,9656,2441,,,,,163,1795,1795,407,0,,,,,,,,0,11451,2848,,,,,,0,,0
3/25/20,MA,B,33,,7,,103,103,,9,,,18079,5365,,,,,,1739,,679,0,,,,,4529,,,0,37157,4484,,,,,,0,37157,4484
3/25/20,MD,D,5,5,0,,,,,0,,,94,0,,,,,,423,423,74,0,,,,,161,,,0,2075,1120,,,,,,0,2075,1120
3/25/20,ME,A,,,0,,,,,0,,,3177,163,,,,,,149,149,24,0,,,,,,7,,0,3326,187,,,,,,0,,0
3/25/20,MI,D,111,149,25,8,,,,0,,,8842,1853,,,8842,,,11335,11163,1180,0,,,,,2940,,,0,20177,3033,,,,,,0,11782,2426
3/25/20,MN,A,1,,0,,35,35,26,14,,,11188,5638,,,,,,502,502,58,0,,,,,,121,11690,5696,11690,5696,,,,,,0,,0
3/25/20,MO,C,8,,5,,,,,0,,,369,0,,,7272,,,356,356,173,0,,,,,700,,,0,7980,1815,,,,,,0,7980,1815
3/25/20,MP,,0,,0,,,,,0,,,,0,,,,,,0,,0,0,,,,,,,,0,0,0,,,,,,0,,0
3/25/20,MS,B,2,,1,,117,117,,31,,,1566,14,,,,,,377,,57,0,,,,,,,,0,1943,71,,,,,,0,,0
3/25/20,MT,C,,,0,,,,,0,,,1948,305,,,,,,53,,7,0,,,,,,,,0,2001,312,,,,,,0,,0
3/25/20,NC,A,1,,1,,,,29,0,,,9985,1844,,,,,,504,,106,0,,,,,,,,0,10489,1950,,,,,,0,,0
3/25/20,ND,B,0,,0,,8,8,,3,,,1734,280,,,,,,39,39,6,0,,,,,,,1743,287,1743,287,,,,,1701,279,1760,286
3/25/20,NE,A,0,,0,,,,,0,,,1304,329,,,1328,,,61,,9,0,,,,,47,,,0,1409,196,,,,,,0,1409,196
3/25/20,NH,B,1,,0,,13,13,,2,,,2356,909,,,,,,108,,7,0,,,,,,,,0,3175,458,,,,,,0,3175,458
3/25/20,NJ,B,81,62,21,19,,,,0,,,10452,2127,,,,,,4402,4402,727,0,,,,,,,,0,14854,2854,,,,,14854,2854,,0
3/25/20,NM,A,1,,0,,,,,0,,,7681,939,,,,,,112,,12,0,,,,,,,,0,7793,951,,,,,,0,,0
3/25/20,NV,A,13,,0,,,,,0,,,4251,297,,,,,,321,321,43,0,,,,,,,9117,845,9117,845,,,,,,0,5550,1517
3/25/20,NY,B,285,,75,,5126,5126,4079,1085,,,72849,6997,,,,,,30810,30810,5145,0,,,,,,,103659,12142,103659,12142,,,,,,0,,0
3/25/20,OH,B,10,,2,,182,182,,37,74,,14060,13920,,,,,,704,704,140,0,,,,,,,,0,14764,14060,,,,,,0,,0
3/25/20,OK,A,5,,2,,59,59,,34,,,805,70,,,,,,164,,58,0,,,,,,,,0,969,128,,,,,,0,,0
3/25/20,OR,A,8,,0,,61,61,,0,,,4350,0,,,,,,209,,0,0,,,,,,,,0,,0,,,,,,0,,0
3/25/20,PA,A,11,,4,,,,,0,,,11193,2550,,,,,,1127,,276,0,,,,,,,,0,12320,2826,,,,,12320,2826,,0
3/25/20,PR,A,2,,0,,,,,0,,,317,49,,,,,,51,,12,0,,,,,,,,0,368,61,,,,,,0,,0
3/25/20,RI,B,,,0,,,,15,0,,,2124,173,,,2215,,,176,176,28,0,,,,,195,,2179,263,2179,263,,,,,2300,201,2410,209
3/25/20,SC,B,7,,2,,102,102,,102,,,2303,291,,,,,,424,424,126,0,,,,,,,,0,2727,417,,,,,,0,,0
3/25/20,SD,A,1,,0,,,,,0,,,819,29,,,,,,41,,11,0,,,,,,,,0,860,40,,,,,860,40,,0
3/25/20,TN,A,3,,1,,53,53,,53,,,11012,495,,,,,,784,,117,0,,,,,,,,0,11796,612,,,,,,0,,0
3/25/20,TX,A,12,,3,,,,,0,,,40900,6456,,,,,,975,975,263,0,,,,,3990,,,0,41875,6719,,,,,,0,41875,6719
3/25/20,UT,A,1,,0,,,,,0,,,7509,1212,,,7598,,,346,346,47,0,,,,,434,,,0,8032,1304,,,,,7915,1281,8032,1304
3/25/20,VA,A,9,,2,,45,45,,7,,,4979,799,,,,,,391,,101,0,,,,,2630,,12277,1074,12277,1074,,,,,,0,,0
3/25/20,VI,,,,0,,,,,0,,,55,55,,,,,,17,,0,0,,,,,,,,0,72,55,,,,,,0,,0
3/25/20,VT,A,8,,1,,,,,0,,,1631,226,,,,,,125,125,28,0,,,,,,,,0,2144,266,,,,,1756,254,2144,266
3/25/20,WA,A,159,,13,,,,,0,,,59501,4808,,,,,,3653,3653,463,0,,,,,,,63993,5248,63993,5248,,,,,62272,5007,,0
3/25/20,WI,A,7,,2,,,,,0,,,10089,1852,,,,,,667,585,142,0,,,,,,,11252,1646,11252,1646,,,,,,0,,0
3/25/20,WV,B,0,,0,,1,1,,0,,,759,149,,,,,,39,39,19,0,,,,,,,,0,798,168,,,,,,0,,0
3/25/20,WY,A,,,0,,,,,0,,,954,244,,,1654,,,44,49,15,0,,,,,79,7,,0,1733,266,,,,,,0,1733,266
3/24/20,AK,A,0,,0,,2,2,,1,,,980,50,,,,,,42,,4,0,,,,,,,,0,1022,54,,,,,,0,1022,54
3/24/20,AL,C,0,,0,,,,74,0,,,2106,441,,,,,,215,215,48,0,,,,,,,,0,2321,489,,,,,2321,489,,0
3/24/20,AR,A,0,,0,,,,22,0,,,947,41,,,,,,218,218,44,0,,,,,,,,0,1165,85,,,,,,0,1165,85
3/24/20,AS,,0,,0,,,,,0,,,,0,,,,,,,0,0,0,,,,,,,,0,0,0,,,,,,0,0,0
3/24/20,AZ,B,5,,3,,219,219,,30,,,313,4,,,,,,357,,92,0,,,,,,,,0,13392,2548,,,,,670,96,13392,2548
3/24/20,CA,B,40,,13,,,,,0,,,13452,885,,,,,,2102,,369,0,,,,,,,,0,15554,1254,,,,,,0,15554,1254
3/24/20,CO,A,11,,4,,84,84,152,12,,,6789,1285,,,,,,912,,192,0,,,,,,,7944,1231,7944,1231,,,,,7701,1477,,0
3/24/20,CT,A,12,1,2,,,,71,0,,,4682,597,,,,,,618,,203,0,,,,,,,,0,5300,800,,,,,,0,,0
3/24/20,DC,A,2,,0,,,,,0,,,1195,82,,,,,,137,,21,0,,,,,,,1332,103,1332,103,,,,,,0,,0
3/24/20,DE,C,1,1,1,0,,,,0,,,36,0,,,,,,91,,23,0,,,,,68,,2366,264,2366,264,,,,,,0,,0
3/24/20,FL,A,18,,4,,259,259,,42,,,13127,2064,,,,,,1205,,176,0,,,,,,,12954,1670,12954,1670,,,,,,0,,0
3/24/20,GA,A,32,,7,,,,,0,,,4458,161,,,,,,1026,,254,0,,,,,1092,,,0,6806,847,,,,,,0,6806,847
3/24/20,GU,,1,,0,,,,5,0,,,201,40,,,,,,32,,3,0,,,,,,,,0,233,43,,,,,,0,,0
3/24/20,HI,A,,,0,,4,4,,4,,,3589,634,,,,,,77,,21,0,,,,,69,,3664,606,3664,606,,,,,,0,,0
3/24/20,IA,C,,,0,,27,27,,27,,,2315,272,,,,,,124,124,19,0,,,,,,,,0,2439,291,,,,,,0,,0
3/24/20,ID,A,0,,0,,,,,0,,,1887,578,,,,,,50,,3,0,,,,,,,,0,1937,581,,,,,1937,581,,0
3/24/20,IL,A,16,,4,,,,,0,,,9934,1351,,,,,,1535,,262,0,,,,,,,,0,11469,1613,,,,,,0,,0
3/24/20,IN,B,12,,5,,1,1,,0,,,2566,865,,,,,,365,,106,0,,,,,1181,,,0,9869,1567,,,,,,0,9869,1567
3/24/20,KS,B,2,,0,,,,,0,,,2086,1669,,,,,,98,,16,0,,,,,,,,0,2184,1685,,,,,,0,,0
3/24/20,KY,A,4,,1,,,,,0,,,1762,0,,,,,,124,,20,0,,,,,,,,0,1886,20,,,,,,0,1886,20
3/24/20,LA,A,46,,12,,,,271,0,,,7215,2439,,,,,,1388,1388,216,0,,,,,,,,0,8603,2655,,,,,,0,,0
3/24/20,MA,B,26,,9,,94,94,,15,,,12714,4451,,,,,,1060,,382,0,,,,,3737,,,0,32673,4319,,,,,,0,32673,4319
3/24/20,MD,D,5,5,1,,,,,0,,,94,0,,,,,,349,349,61,0,,,,,77,,,0,955,955,,,,,,0,955,955
3/24/20,ME,A,,,0,,,,,0,,,3014,223,,,,,,125,125,18,0,,,,,,,,0,3139,241,,,,,,0,,0
3/24/20,MI,D,86,103,29,7,,,,0,,,6989,1142,,,6989,,,10155,10006,1093,0,,,,,2367,,,0,17144,2235,,,,,,0,9356,1680
3/24/20,MN,A,1,,0,,21,21,,4,,,5550,1039,,,,,,444,444,51,0,,,,,,,5994,1090,5994,1090,,,,,,0,,0
3/24/20,MO,C,3,,0,,,,,0,,,369,0,,,5639,,,183,183,0,0,,,,,520,,,0,6165,710,,,,,,0,6165,710
3/24/20,MP,,0,,0,,,,,0,,,,0,,,,,,0,,0,0,,,,,,,,0,0,0,,,,,,0,,0
3/24/20,MS,B,1,,0,,86,86,,53,,,1552,409,,,,,,320,,71,0,,,,,,,,0,1872,480,,,,,,0,,0
3/24/20,MT,C,,,0,,,,,0,,,1643,497,,,,,,46,,12,0,,,,,,,,0,1689,509,,,,,,0,,0
3/24/20,NC,A,0,,0,,,,,0,,,8141,0,,,,,,398,,101,0,,,,,,,,0,8539,101,,,,,,0,,0
3/24/20,ND,B,0,,0,,5,5,,1,,,1454,101,,,,,,33,33,3,0,,,,,,,1456,112,1456,112,,,,,1422,105,1474,113
3/24/20,NE,A,0,,0,,,,,0,,,975,619,,,1143,,,52,,2,0,,,,,37,,,0,1213,178,,,,,,0,1213,178
3/24/20,NH,B,1,,1,,11,11,,11,,,1447,73,,,,,,101,,23,0,,,,,,,,0,2717,224,,,,,,0,2717,224
3/24/20,NJ,B,60,44,20,16,,,,0,,,8325,7966,,,,,,3675,3675,831,0,,,,,,,,0,12000,8797,,,,,12000,8797,,0
3/24/20,NM,A,1,,1,,,,,0,,,6742,852,,,,,,100,,17,0,,,,,,,,0,6842,869,,,,,,0,,0
3/24/20,NV,A,13,,5,,,,,0,,,3954,464,,,,,,278,278,88,0,,,,,,,8272,722,8272,722,,,,,,0,4033,1124
3/24/20,NY,B,210,,96,,4041,4041,3343,916,,,65852,8162,,,,,,25665,25665,4790,0,,,,,,,91517,12952,91517,12952,,,,,,0,,0
3/24/20,OH,D,8,,2,,145,145,,41,,,140,0,,,,,,564,564,122,0,,,,,,,,0,704,122,,,,,,0,,0
3/24/20,OK,A,3,,1,,25,25,,10,,,735,41,,,,,,106,,25,0,,,,,,,,0,841,66,,,,,,0,,0
3/24/20,OR,A,8,,3,,61,61,,5,,,4350,701,,,,,,209,,18,0,,,,,,,,0,,0,,,,,,0,,0
3/24/20,PA,A,7,,1,,,,,0,,,8643,2048,,,,,,851,,207,0,,,,,,,,0,9494,2255,,,,,9494,2255,,0
3/24/20,PR,A,2,,0,,,,,0,,,268,79,,,,,,39,,8,0,,,,,,,,0,307,87,,,,,,0,,0
3/24/20,RI,B,,,0,,,,,0,,,1951,238,,,2032,,,148,148,19,0,,,,,169,,1916,183,1916,183,,,,,2099,257,2201,263
3/24/20,SC,B,5,,0,,,,,0,,,2012,546,,,,,,298,298,0,0,,,,,,,,0,2310,546,,,,,,0,,0
3/24/20,SD,A,1,,0,,,,,0,,,790,28,,,,,,30,,2,0,,,,,,,,0,820,30,,,,,820,30,,0
3/24/20,TN,A,2,,0,,,,,0,,,10517,7245,,,,,,667,,52,0,,,,,,,,0,11184,7297,,,,,,0,,0
3/24/20,TX,A,9,,1,,,,,0,,,34444,5652,,,,,,712,712,425,0,,,,,3226,,,0,35156,6077,,,,,,0,35156,6077
3/24/20,UT,A,1,,0,,,,,0,,,6297,733,,,6363,,,299,299,42,0,,,,,365,,,0,6728,807,,,,,6634,791,6728,807
3/24/20,VA,A,7,,1,,38,38,,6,,,4180,737,,,,,,290,,36,0,,,,,2494,,11203,810,11203,810,,,,,,0,,0
3/24/20,VI,,,,0,,,,,0,,,,0,,,,,,17,,0,0,,,,,,,,0,17,0,,,,,,0,,0
3/24/20,VT,A,7,,2,,,,,0,,,1405,123,,,,,,97,97,21,0,,,,,,,,0,1878,154,,,,,1502,144,1878,154
3/24/20,WA,A,146,,9,,,,,0,,,54693,5062,,,,,,3190,3190,192,0,,,,,,,58745,5500,58745,5500,,,,,57265,5227,,0
3/24/20,WI,A,5,,0,,,,,0,,,8237,1187,,,,,,525,457,59,0,,,,,,,9606,1259,9606,1259,,,,,,0,,0
3/24/20,WV,B,0,,0,,1,1,,0,,,610,166,,,,,,20,20,4,0,,,,,,,,0,630,170,,,,,,0,,0
3/24/20,WY,A,,,0,,,,,0,,,710,118,,,1403,,,29,30,3,0,,,,,64,,,0,1467,160,,,,,,0,1467,160
3/23/20,AK,A,0,,0,,1,1,,0,,,930,-13,,,,,,38,,13,0,,,,,,,,0,968,0,,,,,,0,968,0
3/23/20,AL,C,0,,0,,,,,0,,,1665,201,,,,,,167,167,29,0,,,,,,,,0,1832,230,,,,,1832,230,,0
3/23/20,AR,A,0,,0,,,,13,0,,,906,195,,,,,,174,174,9,0,,,,,,,,0,1080,204,,,,,,0,1080,204
3/23/20,AS,,0,,0,,,,,0,,,,0,,,,,,,0,0,0,,,,,,,,0,0,0,,,,,,0,0,0
3/23/20,AZ,B,2,,0,,189,189,,44,,,309,27,,,,,,265,,113,0,,,,,,,,0,10844,724,,,,,574,140,10844,724
3/23/20,CA,B,27,,0,,,,,0,,,12567,1263,,,,,,1733,,197,0,,,,,,,,0,14300,1460,,,,,,0,14300,1460
3/23/20,CO,A,7,,1,,72,72,116,14,,,5504,659,,,,,,720,,129,0,,,,,,,6713,924,6713,924,,,,,6224,788,,0
3/23/20,CT,A,10,,5,,,,54,0,,,4085,1208,,,,,,415,,192,0,,,,,,,,0,4500,1400,,,,,,0,,0
3/23/20,DC,A,2,,1,,,,,0,,,1113,156,,,,,,116,,18,0,,,,,,,1229,174,1229,174,,,,,,0,,0
3/23/20,DE,C,0,0,0,0,,,,0,,,36,0,,,,,,68,,12,0,,,,,42,,2102,370,2102,370,,,,,,0,,0
3/23/20,FL,A,14,,1,,217,217,,32,,,11063,3073,,,,,,1029,,298,0,,,,,,,11284,2797,11284,2797,,,,,,0,,0
3/23/20,GA,A,25,,2,,,,,0,,,4297,877,,,,,,772,,172,0,,,,,905,,,0,5959,1197,,,,,,0,5959,1197
3/23/20,GU,,1,,0,,,,,0,,,161,35,,,,,,29,,2,0,,,,,,,,0,190,37,,,,,,0,,0
3/23/20,HI,A,,,0,,,,,0,,,2955,2692,,,,,,56,,8,0,,,,,54,,3058,487,3058,487,,,,,,0,,0
3/23/20,IA,C,,,0,,,,,0,,,2043,828,,,,,,105,105,15,0,,,,,,,,0,2148,843,,,,,,0,,0
3/23/20,ID,A,0,,0,,,,,0,,,1309,134,,,,,,47,,5,0,,,,,,,,0,1356,139,,,,,1356,139,,0
3/23/20,IL,A,12,,3,,,,,0,,,8583,1312,,,,,,1273,,224,0,,,,,,,,0,9856,1536,,,,,,0,,0
3/23/20,IN,B,7,,1,,1,1,,0,,,1701,408,,,,,,259,,58,0,,,,,906,,,0,8302,1063,,,,,,0,8302,1063
3/23/20,KS,B,2,,0,,,,,0,,,417,0,,,,,,82,,18,0,,,,,,,,0,499,18,,,,,,0,,0
3/23/20,KY,A,3,,0,,,,,0,,,1762,290,,,,,,104,,5,0,,,,,,,,0,1866,295,,,,,,0,1866,295
3/23/20,LA,B,34,,14,,,,,0,,,4776,2115,,,,,,1172,1172,335,0,,,,,,,,0,5948,2450,,,,,,0,,0
3/23/20,MA,B,17,,6,,79,79,,8,,,8263,2787,,,,,,678,,131,0,,,,,2999,,,0,28354,4097,,,,,,0,28354,4097
3/23/20,MD,D,4,4,0,,,,,0,,,94,0,,,,,,288,288,44,0,,,,,,,,0,,0,,,,,,0,,0
3/23/20,ME,A,,,0,,,,,0,,,2791,527,,,,,,107,107,18,0,,,,,,,,0,2898,545,,,,,,0,,0
3/23/20,MI,D,57,79,21,3,,,,0,,,5847,1056,,,5847,,,9062,8937,1240,0,,,,,1829,,,0,14909,2296,,,,,,0,7676,1453
3/23/20,MN,A,1,,0,,17,17,,5,,,4511,0,,,,,,393,393,44,0,,,,,,,4904,44,4904,44,,,,,,0,,0
3/23/20,MO,C,3,,0,,,,,0,,,369,0,,,5008,,,183,183,93,0,,,,,441,,,0,5455,813,,,,,,0,5455,813
3/23/20,MP,,0,,0,,,,,0,,,,0,,,,,,0,,0,0,,,,,,,,0,0,0,,,,,,0,,0
3/23/20,MS,B,1,,0,,33,33,,0,,,1143,29,,,,,,249,,42,0,,,,,,,,0,1392,71,,,,,,0,,0
3/23/20,MT,C,,,0,,,,,0,,,1146,0,,,,,,34,,3,0,,,,,,,,0,1180,3,,,,,,0,,0
3/23/20,NC,A,0,,0,,,,,0,,,8141,1958,,,,,,297,,42,0,,,,,,,,0,8438,2000,,,,,,0,,0
3/23/20,ND,B,0,,0,,4,4,,1,,,1353,93,,,,,,30,30,2,0,,,,,,,1344,98,1344,98,,,,,1317,96,1361,98
3/23/20,NE,A,0,,0,,,,,0,,,356,0,,,975,,,50,,2,0,,,,,31,,,0,1035,102,,,,,,0,1035,102
3/23/20,NH,B,,,0,,,,,0,,,1374,186,,,,,,78,,13,0,,,,,,,,0,2493,512,,,,,,0,2493,512
3/23/20,NJ,B,40,27,11,13,,,,0,,,359,32,,,,,,2844,2844,930,0,,,,,,,,0,3203,962,,,,,3203,962,,0
3/23/20,NM,A,,,0,,,,,0,,,5890,569,,,,,,83,,18,0,,,,,,,,0,5973,587,,,,,,0,,0
3/23/20,NV,A,8,,1,,,,,0,,,3490,1042,,,,,,190,190,36,0,,,,,,,7550,309,7550,309,,,,,,0,2909,31
3/23/20,NY,B,114,,0,,3125,3125,2629,771,,,57690,11105,,,,,,20875,20875,5707,0,,,,,,,78565,16812,78565,16812,,,,,,0,,0
3/23/20,OH,D,6,,3,,104,104,,21,,,140,0,,,,,,442,442,91,0,,,,,,,,0,582,91,,,,,,0,,0
3/23/20,OK,A,2,,0,,15,15,,4,,,694,25,,,,,,81,,14,0,,,,,,,,0,775,39,,,,,,0,,0
3/23/20,OR,A,5,,1,,56,56,,13,,,3649,785,,,,,,191,,30,0,,,,,,,,0,,0,,,,,,0,,0
3/23/20,PA,A,6,,4,,,,,0,,,6595,1631,,,,,,644,,165,0,,,,,,,,0,7239,1796,,,,,7239,1796,,0
3/23/20,PR,A,2,,1,,,,,0,,,189,6,,,,,,31,,8,0,,,,,,,,0,220,14,,,,,,0,,0
3/23/20,RI,B,,,0,,,,,0,,,1713,166,,,1789,,,129,129,16,0,,,,,149,,1733,309,1733,309,,,,,1842,182,1938,183
3/23/20,SC,A,5,,2,,,,,0,,,1466,0,,,,,,298,298,103,0,,,,,,,,0,1764,103,,,,,,0,,0
3/23/20,SD,A,1,,0,,,,,0,,,762,22,,,,,,28,,7,0,,,,,,,,0,790,29,,,,,790,29,,0
3/23/20,TN,B,2,,2,,,,,0,,,3272,0,,,,,,615,,110,0,,,,,,,,0,3887,110,,,,,,0,,0
3/23/20,TX,A,8,,3,,,,,0,,,28792,1812,,,,,,287,287,24,0,,,,,2507,,,0,29079,1836,,,,,,0,29079,1836
3/23/20,UT,A,1,,0,,,,,0,,,5564,1076,,,5617,,,257,257,76,0,,,,,304,,,0,5921,1153,,,,,5843,1137,5921,1153
3/23/20,VA,A,6,,3,,32,32,,7,,,3443,325,,,,,,254,,35,0,,,,,2405,,10393,498,10393,498,,,,,,0,,0
3/23/20,VI,,,,0,,,,,0,,,,0,,,,,,17,,11,0,,,,,,,,0,17,11,,,,,,0,,0
3/23/20,VT,A,5,,3,,,,,0,,,1282,194,,,,,,76,76,24,0,,,,,,,,0,1724,177,,,,,1358,218,1724,177
3/23/20,WA,A,137,,11,,,,,0,,,49631,5044,,,,,,2998,2998,197,0,,,,,,,53245,5507,53245,5507,,,,,52038,5303,,0
3/23/20,WI,A,5,,1,,,,,0,,,7050,820,,,,,,466,416,41,0,,,,,,,8347,987,8347,987,,,,,,0,,0
3/23/20,WV,B,0,,0,,1,1,,0,,,444,59,,,,,,16,16,4,0,,,,,,,,0,460,63,,,,,,0,,0
3/23/20,WY,A,,,0,,,,,0,,,592,154,,,1259,,,26,28,2,0,,,,,48,,,0,1307,221,,,,,,0,1307,221
3/22/20,AK,,0,,0,,1,1,,0,,,943,186,,,,,,25,,10,0,,,,,,,,0,968,196,,,,,,0,968,196
3/22/20,AL,,0,,0,,,,,0,,,1464,1436,,,,,,138,138,14,0,,,,,,,,0,1602,1450,,,,,1602,1450,,0
3/22/20,AR,,0,,0,,,,13,0,,,711,144,,,,,,165,165,47,0,,,,,,,,0,876,191,,,,,,0,876,191
3/22/20,AS,,0,,0,,,,,0,,,,0,,,,,,,0,0,0,,,,,,,,0,0,0,,,,,,0,0,0
3/22/20,AZ,,2,,1,,145,145,,17,,,282,42,,,,,,152,,48,0,,,,,,,,0,10120,806,,,,,434,90,10120,806
3/22/20,CA,,27,,3,,,,,0,,,11304,55,,,,,,1536,,257,0,,,,,,,,0,12840,312,,,,,,0,12840,312
3/22/20,CO,A,6,,1,,58,58,74,9,,,4845,770,,,,,,591,,116,0,,,,,,,5789,1422,5789,1422,,,,,5436,886,,0
3/22/20,CT,,5,,1,,,,43,0,,,2877,771,,,,,,223,,29,0,,,,,,,,0,3100,800,,,,,,0,,0
3/22/20,DC,,1,,0,,,,,0,,,957,451,,,,,,98,,21,0,,,,,,,1055,472,1055,472,,,,,,0,,0
3/22/20,DE,,0,0,0,0,,,,0,,,36,0,,,,,,56,,11,0,,,,,37,,1732,346,1732,346,,,,,,0,,0
3/22/20,FL,,13,,1,,185,185,,27,,,7990,1411,,,,,,731,,203,0,,,,,,,8487,2295,8487,2295,,,,,,0,,0
3/22/20,GA,,23,,9,,,,,0,,,3420,863,,,,,,600,,93,0,,,,,698,,,0,4762,781,,,,,,0,4762,781
3/22/20,GU,,1,,1,,,,,0,,,126,18,,,,,,27,,12,0,,,,,,,,0,153,30,,,,,,0,,0
3/22/20,HI,,,,0,,,,,0,,,263,139,,,,,,48,,11,0,,,,,47,,2571,762,2571,762,,,,,,0,,0
3/22/20,IA,,,,0,,,,,0,,,1215,166,,,,,,90,90,22,0,,,,,,,,0,1305,188,,,,,,0,,0
3/22/20,ID,,0,,0,,,,,0,,,1175,295,,,,,,42,,11,0,,,,,,,,0,1217,306,,,,,1217,306,,0
3/22/20,IL,,9,,3,,,,,0,,,7271,1783,,,,,,1049,,296,0,,,,,,,,0,8320,2079,,,,,,0,,0
3/22/20,IN,,6,,2,,1,1,,0,,,1293,586,,,,,,201,,75,0,,,,,802,,,0,7239,744,,,,,,0,7239,744
3/22/20,KS,,2,,0,,,,,0,,,417,0,,,,,,64,,9,0,,,,,,,,0,481,9,,,,,,0,,0
3/22/20,KY,,3,,1,,,,,0,,,1472,758,,,,,,99,,45,0,,,,,,,,0,1571,803,,,,,,0,1571,803
3/22/20,LA,,20,,4,,,,,0,,,2661,481,,,,,,837,837,257,0,,,,,,,,0,3498,738,,,,,,0,,0
3/22/20,MA,,11,,4,,71,71,,10,,,5476,677,,,,,,547,,121,0,,,,,2367,,,0,24257,2102,,,,,,0,24257,2102
3/22/20,MD,,4,4,1,,,,,0,,,94,0,,,,,,244,244,54,0,,,,,,,,0,,0,,,,,,0,,0
3/22/20,ME,,,,0,,,,,0,,,2264,0,,,,,,89,89,16,0,,,,,,,,0,2353,16,,,,,,0,,0
3/22/20,MI,,36,54,13,3,,,,0,,,4791,705,,,4791,,,7822,7726,799,0,,,,,1432,,,0,12613,1504,,,,,,0,6223,1020
3/22/20,MN,,1,,0,,12,12,,12,,,4511,559,,,,,,349,349,22,0,,,,,,,4860,581,4860,581,,,,,,0,,0
3/22/20,MO,,3,,0,,,,,0,,,369,0,,,4278,,,90,90,17,0,,,,,358,,,0,4642,1187,,,,,,0,4642,1187
3/22/20,MP,,0,,0,,,,,0,,,,0,,,,,,0,,0,0,,,,,,,,0,0,0,,,,,,0,,0
3/22/20,MS,,1,,0,,33,33,,33,,,1114,419,,,,,,207,,67,0,,,,,,,,0,1321,486,,,,,,0,,0
3/22/20,MT,,,,0,,,,,0,,,1146,0,,,,,,31,,11,0,,,,,,,,0,1177,11,,,,,,0,,0
3/22/20,NC,,0,,0,,,,,0,,,6183,1091,,,,,,255,,71,0,,,,,,,,0,6438,1162,,,,,,0,,0
3/22/20,ND,,0,,0,,3,3,,0,,,1260,119,,,,,,28,28,0,0,,,,,,,1246,150,1246,150,,,,,1221,146,1263,150
3/22/20,NE,,0,,0,,,,,0,,,356,0,,,879,,,48,,10,0,,,,,27,,,0,933,164,,,,,,0,933,164
3/22/20,NH,,,,0,,,,,0,,,1188,215,,,,,,65,,10,0,,,,,,,,0,1981,358,,,,,,0,1981,358
3/22/20,NJ,,29,20,7,9,,,,0,,,327,33,,,,,,1914,1914,587,0,,,,,,,,0,2241,620,,,,,2241,620,,0
3/22/20,NM,A,,,0,,,,,0,,,5321,599,,,,,,65,,8,0,,,,,,,,0,5386,607,,,,,,0,,0
3/22/20,NV,,7,,2,,,,,0,,,2448,64,,,,,,154,154,30,0,,,,,,,7241,488,7241,488,,,,,,0,2878,2878
3/22/20,NY,,114,,70,,2354,2354,2043,823,,,46585,11217,,,,,,15168,15168,4812,0,,,,,,,61753,16029,61753,16029,,,,,,0,,0
3/22/20,OH,,3,,0,,83,83,,25,,,140,0,,,,,,351,351,104,0,,,,,,,,0,491,104,,,,,,0,,0
3/22/20,OK,,2,,1,,11,11,,1,,,669,109,,,,,,67,,14,0,,,,,,,,0,736,123,,,,,,0,,0
3/22/20,OR,,4,,1,,43,43,,43,,,2864,861,,,,,,161,,47,0,,,,,,,,0,,0,,,,,,0,,0
3/22/20,PA,,2,,0,,,,,0,,,4964,1198,,,,,,479,,108,0,,,,,,,,0,5443,1306,,,,,5443,1306,,0
3/22/20,PR,,1,,1,,,,,0,,,183,40,,,,,,23,,2,0,,,,,,,,0,206,42,,,,,,0,,0
3/22/20,RI,,,,0,,,,,0,,,1547,263,,,1620,,,113,113,25,0,,,,,135,,1424,138,1424,138,,,,,1660,288,1755,312
3/22/20,SC,,3,,2,,,,,0,,,1466,211,,,,,,195,195,43,0,,,,,,,,0,1661,254,,,,,,0,,0
3/22/20,SD,,1,,0,,,,,0,,,740,49,,,,,,21,,7,0,,,,,,,,0,761,56,,,,,761,56,,0
3/22/20,TN,,,,0,,,,,0,,,3272,0,,,,,,505,,134,0,,,,,,,,0,3777,134,,,,,,0,,0
3/22/20,TX,,5,,0,,,,,0,,,26980,2110,,,,,,263,263,28,0,,,,,2233,,,0,27243,2138,,,,,,0,27243,2138
3/22/20,UT,,1,,1,,,,,0,,,4488,582,,,4529,,,181,181,45,0,,,,,239,,,0,4768,622,,,,,4706,613,4768,622
3/22/20,VA,,3,,1,,25,25,,5,,,3118,480,,,,,,219,,67,0,,,,,2375,,9895,907,9895,907,,,,,,0,,0
3/22/20,VI,,,,0,,,,,0,,,,0,,,,,,6,,0,0,,,,,,,,0,6,0,,,,,,0,,0
3/22/20,VT,,2,,0,,,,,0,,,1088,145,,,,,,52,52,8,0,,,,,,,,0,1547,90,,,,,1140,153,1547,90
3/22/20,WA,,126,,15,,,,,0,,,44587,1846,,,,,,2801,2801,304,0,,,,,,,47738,2032,47738,2032,,,,,46735,1888,,0
3/22/20,WI,,4,,0,,,,,0,,,6230,1602,,,,,,425,385,110,0,,,,,,,7360,1310,7360,1310,,,,,,0,,0
3/22/20,WV,,0,,0,,1,1,,0,,,385,55,,,,,,12,12,1,0,,,,,,,,0,397,56,,,,,,0,,0
3/22/20,WY,,,,0,,,,,0,,,438,0,,,1049,,,24,26,1,0,,,,,37,,,0,1086,66,,,,,,0,1086,66
3/21/20,AK,,0,,0,,1,1,,0,,,757,73,,,,,,15,,1,0,,,,,,,,0,772,74,,,,,,0,772,74
3/21/20,AL,,0,,0,,,,,0,,,28,0,,,,,,124,124,43,0,,,,,,,,0,152,43,,,,,152,43,,0
3/21/20,AR,,,,0,,,,,0,,,567,216,,,,,,118,118,22,0,,,,,,,,0,685,238,,,,,,0,685,238
3/21/20,AS,,0,,0,,,,,0,,,,0,,,,,,,0,0,0,,,,,,,,0,0,0,,,,,,0,0,0
3/21/20,AZ,,1,,1,,128,128,,20,,,240,29,,,,,,104,,39,0,,,,,,,,0,9314,1919,,,,,344,68,9314,1919
3/21/20,CA,,24,,4,,,,,0,,,11249,825,,,,,,1279,,216,0,,,,,,,,0,12528,1041,,,,,,0,12528,1041
3/21/20,CO,,5,,1,,49,49,56,5,,,4075,758,,,,,,475,,112,0,,,,,,,4367,832,4367,832,,,,,4550,870,,0
3/21/20,CT,,4,,1,,,,,0,,,2106,1502,,,,,,194,,0,0,,,,,,,,0,2300,1502,,,,,,0,,0
3/21/20,DC,,1,,0,,,,,0,,,506,5,,,,,,77,,6,0,,,,,,,583,11,583,11,,,,,,0,,0
3/21/20,DE,,0,0,0,0,,,,0,,,36,0,,,,,,45,,7,0,,,,,26,,1386,185,1386,185,,,,,,0,,0
3/21/20,FL,,12,,2,,158,158,,158,,,6579,4709,,,,,,528,,142,0,,,,,,,6192,1419,6192,1419,,,,,,0,,0
3/21/20,GA,,14,,1,,,,,0,,,2557,591,,,,,,507,,87,0,,,,,582,,,0,3981,866,,,,,,0,3981,866
3/21/20,GU,,,,0,,,,,0,,,108,22,,,,,,15,,1,0,,,,,,,,0,123,23,,,,,,0,,0
3/21/20,HI,,,,0,,,,,0,,,124,0,,,,,,37,,11,0,,,,,37,,1809,652,1809,652,,,,,,0,,0
3/21/20,IA,,,,0,,,,,0,,,1049,407,,,,,,68,68,23,0,,,,,,,,0,1117,430,,,,,,0,,0
3/21/20,ID,,,,0,,,,,0,,,880,290,,,,,,31,,8,0,,,,,,,,0,911,298,,,,,911,298,,0
3/21/20,IL,,6,,1,,,,,0,,,5488,1792,,,,,,753,,168,0,,,,,,,,0,6241,1960,,,,,,0,,0
3/21/20,IN,,4,,2,,1,1,,1,,,707,232,,,,,,126,,47,0,,,,,680,,,0,6495,1823,,,,,,0,6495,1823
3/21/20,KS,,2,,1,,,,,0,,,417,0,,,,,,55,,11,0,,,,,,,,0,472,11,,,,,,0,,0
3/21/20,KY,,2,,1,,,,,0,,,714,122,,,,,,54,,7,0,,,,,,,,0,768,129,,,,,,0,768,129
3/21/20,LA,,16,,4,,,,,0,,,2180,1612,,,,,,580,580,107,0,,,,,,,,0,2760,1719,,,,,,0,,0
3/21/20,MA,,7,,2,,61,61,,61,,,4799,1004,,,,,,426,,112,0,,,,,2069,,,0,22155,2771,,,,,,0,22155,2771
3/21/20,MD,,3,3,0,,,,,0,,,94,0,,,,,,190,190,41,0,,,,,,,,0,,0,,,,,,0,,0
3/21/20,ME,,,,0,,,,,0,,,2264,0,,,,,,73,73,16,0,,,,,,,,0,2337,16,,,,,,0,,0
3/21/20,MI,,23,33,10,3,,,,0,,,4086,1045,,,4086,,,7023,6938,804,0,,,,,1117,,,0,11109,1849,,,,,,0,5203,1358
3/21/20,MN,,1,,1,,,,,0,,,3952,211,,,,,,327,327,24,0,,,,,,,4279,235,4279,235,,,,,,0,,0
3/21/20,MO,,3,,2,,,,,0,,,369,0,,,3201,,,73,73,26,0,,,,,250,,,0,3455,1128,,,,,,0,3455,1128
3/21/20,MP,,0,,0,,,,,0,,,,0,,,,,,0,,0,0,,,,,,,,0,0,0,,,,,,0,,0
3/21/20,MS,,1,,0,,,,,0,,,695,0,,,,,,140,,60,0,,,,,,,,0,835,60,,,,,,0,,0
3/21/20,MT,,,,0,,,,,0,,,1146,215,,,,,,20,,4,0,,,,,,,,0,1166,219,,,,,,0,,0
3/21/20,NC,,0,,0,,,,,0,,,5092,1996,,,,,,184,,47,0,,,,,,,,0,5276,2043,,,,,,0,,0
3/21/20,ND,,0,,0,,3,3,,3,,,1141,341,,,,,,28,28,8,0,,,,,,,1096,332,1096,332,,,,,1075,327,1113,335
3/21/20,NE,,0,,0,,,,,0,,,356,116,,,728,,,38,,6,0,,,,,21,,,0,769,85,,,,,,0,769,85
3/21/20,NH,,,,0,,,,,0,,,973,228,,,,,,55,,11,0,,,,,,,,0,1623,311,,,,,,0,1623,311
3/21/20,NJ,,22,16,6,6,,,,0,,,294,30,,,,,,1327,1327,437,0,,,,,,,,0,1621,467,,,,,1621,467,,0
3/21/20,NM,,,,0,,,,,0,,,4722,951,,,,,,57,,0,0,,,,,,,,0,4779,951,,,,,,0,,0
3/21/20,NV,,5,,2,,,,,0,,,2384,392,,,,,,124,124,15,0,,,,,,,6753,888,6753,888,,,,,,0,,0
3/21/20,NY,,44,,9,,1531,1531,1436,1531,,,35368,9833,,,,,,10356,10356,3254,0,,,,,,,45724,13087,45724,13087,,,,,,0,,0
3/21/20,OH,,3,,2,,58,58,,58,,,140,0,,,,,,247,247,78,0,,,,,,,,0,387,78,,,,,,0,,0
3/21/20,OK,,1,,0,,10,10,,10,,,560,22,,,,,,53,,4,0,,,,,,,,0,613,26,,,,,,0,,0
3/21/20,OR,,3,,0,,,,,0,,,2003,0,,,,,,114,,0,0,,,,,,,,0,,0,,,,,,0,,0
3/21/20,PA,,2,,1,,,,,0,,,3766,1192,,,,,,371,,103,0,,,,,,,,0,4137,1295,,,,,4137,1295,,0
3/21/20,PR,,,,0,,,,,0,,,143,29,,,,,,21,,7,0,,,,,,,,0,164,36,,,,,,0,,0
3/21/20,RI,,,,0,,,,,0,,,1284,123,,,1338,,,88,88,14,0,,,,,105,,1286,211,1286,211,,,,,1372,137,1443,147
3/21/20,SC,,1,,0,,,,,0,,,1255,422,,,,,,152,152,71,0,,,,,,,,0,1407,493,,,,,,0,,0
3/21/20,SD,,1,,0,,,,,0,,,691,28,,,,,,14,,0,0,,,,,,,,0,705,28,,,,,705,28,,0
3/21/20,TN,,,,0,,,,,0,,,3272,2709,,,,,,371,,143,0,,,,,,,,0,3643,2852,,,,,,0,,0
3/21/20,TX,,5,,0,,,,,0,,,24870,4623,,,,,,235,235,60,0,,,,,1934,,,0,25105,4683,,,,,,0,25105,4683
3/21/20,UT,,0,,0,,,,,0,,,3906,590,,,3941,,,136,136,24,0,,,,,205,,,0,4146,628,,,,,4093,618,4146,628
3/21/20,VA,,2,,0,,20,20,,1,,,2638,427,,,,,,152,,38,0,,,,,2302,,8988,595,8988,595,,,,,,0,,0
3/21/20,VI,,,,0,,,,,0,,,,0,,,,,,6,,3,0,,,,,,,,0,6,3,,,,,,0,,0
3/21/20,VT,,2,,0,,,,,0,,,943,201,,,,,,44,44,16,0,,,,,,,,0,1457,35,,,,,987,217,1457,35
3/21/20,WA,,111,,7,,,,,0,,,42741,2236,,,,,,2497,2497,334,0,,,,,,,45706,2430,45706,2430,,,,,44847,2342,,0
3/21/20,WI,,4,,1,,,,,0,,,4628,1173,,,,,,315,281,80,0,,,,,,,6050,1602,6050,1602,,,,,,0,,0
3/21/20,WV,,0,,0,,1,1,,1,,,330,111,,,,,,11,11,4,0,,,,,,,,0,341,115,,,,,,0,,0
3/21/20,WY,,,,0,,,,,0,,,438,107,,,984,,,23,24,4,0,,,,,36,,,0,1020,78,,,,,,0,1020,78
3/20/20,AK,,0,,0,,1,1,,0,,,684,257,,,,,,14,,3,0,,,,,,,,0,698,260,,,,,,0,698,260
3/20/20,AL,,0,,0,,,,,0,,,28,0,,,,,,81,81,13,0,,,,,,,,0,109,13,,,,,109,13,,0
3/20/20,AR,,,,0,,,,,0,,,351,41,,,,,,96,96,50,0,,,,,,,,0,447,91,,,,,,0,447,91
3/20/20,AS,,0,,0,,,,,0,,,,0,,,,,,,0,0,0,,,,,,,,0,0,0,,,,,,0,0,0
3/20/20,AZ,,0,,0,,108,108,,23,,,211,36,,,,,,65,,21,0,,,,,,,,0,7395,1652,,,,,276,57,7395,1652
3/20/20,CA,,20,,2,,,,,0,,,10424,1637,,,,,,1063,,139,0,,,,,,,,0,11487,1776,,,,,,0,11487,1776
3/20/20,CO,,4,,2,,44,44,,2,,,3317,642,,,,,,363,,86,0,,,,,,,3535,807,3535,807,,,,,3680,728,,0
3/20/20,CT,,3,,2,,,,,0,,,604,0,,,,,,194,,98,0,,,,,,,,0,798,98,,,,,,0,,0
3/20/20,DC,,1,,1,,,,,0,,,501,348,,,,,,71,,32,0,,,,,,,572,380,572,380,,,,,,0,,0
3/20/20,DE,,0,0,0,0,,,,0,,,36,0,,,,,,38,,8,0,,,,,22,,1201,304,1201,304,,,,,,0,,0
3/20/20,FL,,10,,2,,,,,0,,,1870,337,,,,,,386,,76,0,,,,,,,4773,1102,4773,1102,,,,,,0,,0
3/20/20,GA,,13,,3,,,,,0,,,1966,422,,,,,,420,,133,0,,,,,460,,,0,3115,647,,,,,,0,3115,647
3/20/20,GU,,,,0,,,,,0,,,86,17,,,,,,14,,2,0,,,,,,,,0,100,19,,,,,,0,,0
3/20/20,HI,,,,0,,,,,0,,,124,31,,,,,,26,,10,0,,,,,22,,1157,438,1157,438,,,,,,0,,0
3/20/20,IA,,,,0,,,,,0,,,642,559,,,,,,45,45,7,0,,,,,,,,0,687,566,,,,,,0,,0
3/20/20,ID,,,,0,,,,,0,,,590,131,,,,,,23,,12,0,,,,,,,,0,613,143,,,,,613,143,,0
3/20/20,IL,,5,,1,,,,,0,,,3696,971,,,,,,585,,163,0,,,,,,,,0,4281,1134,,,,,,0,,0
3/20/20,IN,,2,,0,,,,,0,,,475,151,,,,,,79,,23,0,,,,,471,,,0,4672,1178,,,,,,0,4672,1178
3/20/20,KS,,1,,0,,,,,0,,,417,0,,,,,,44,,10,0,,,,,,,,0,461,10,,,,,,0,,0
3/20/20,KY,,1,,0,,,,,0,,,592,138,,,,,,47,,12,0,,,,,,,,0,639,150,,,,,,0,639,150
3/20/20,LA,,12,,4,,,,,0,,,568,110,,,,,,473,473,126,0,,,,,,,,0,1041,236,,,,,,0,,0
3/20/20,MA,,5,,2,,,,,0,,,3795,877,,,,,,314,,85,0,,,,,1730,,,0,19384,3875,,,,,,0,19384,3875
3/20/20,MD,,3,3,1,,,,,0,,,94,0,,,,,,149,149,42,0,,,,,,,,0,,0,,,,,,0,,0
3/20/20,ME,,,,0,,,,,0,,,2264,260,,,,,,57,57,4,0,,,,,,,,0,2321,264,,,,,,0,,0
3/20/20,MI,,13,20,3,2,,,,0,,,3041,990,,,3041,,,6219,6150,943,0,,,,,804,,,0,9260,1933,,,,,,0,3845,1255
3/20/20,MN,,,,0,,,,,0,,,3741,792,,,,,,303,303,16,0,,,,,,,4044,808,4044,808,,,,,,0,,0
3/20/20,MO,,1,,0,,,,,0,,,369,61,,,2148,,,47,47,23,0,,,,,176,,,0,2327,797,,,,,,0,2327,797
3/20/20,MP,,0,,0,,,,,0,,,,0,,,,,,0,,0,0,,,,,,,,0,0,0,,,,,,0,,0
3/20/20,MS,,1,,1,,,,,0,,,695,143,,,,,,80,,30,0,,,,,,,,0,775,173,,,,,,0,,0
3/20/20,MT,,,,0,,,,,0,,,931,170,,,,,,16,,4,0,,,,,,,,0,947,174,,,,,,0,,0
3/20/20,NC,,0,,0,,,,,0,,,3096,688,,,,,,137,,40,0,,,,,,,,0,3233,728,,,,,,0,,0
3/20/20,ND,,0,,0,,,,,0,,,800,307,,,,,,20,20,5,0,,,,,,,764,293,764,293,,,,,748,288,778,291
3/20/20,NE,,0,,0,,,,,0,,,240,0,,,648,,,32,,5,0,,,,,16,,,0,684,117,,,,,,0,684,117
3/20/20,NH,,,,0,,,,,0,,,745,124,,,,,,44,,5,0,,,,,,,,0,1312,263,,,,,,0,1312,263
3/20/20,NJ,,16,11,3,5,,,,0,,,264,54,,,,,,890,890,148,0,,,,,,,,0,1154,202,,,,,1154,202,,0
3/20/20,NM,,,,0,,,,,0,,,3771,0,,,,,,57,,14,0,,,,,,,,0,3828,14,,,,,,0,,0
3/20/20,NV,,3,,0,,,,,0,,,1992,366,,,,,,109,109,8,0,,,,,,,5865,846,5865,846,,,,,,0,,0
3/20/20,NY,,35,,23,,,,1042,0,,,25535,7174,,,,,,7102,7102,2950,0,,,,,,,32637,10124,32637,10124,,,,,,0,,0
3/20/20,OH,,1,,1,,,,,0,,,140,0,,,,,,169,169,50,0,,,,,,,,0,309,50,,,,,,0,,0
3/20/20,OK,,1,,0,,,,,0,,,538,72,,,,,,49,,5,0,,,,,,,,0,587,77,,,,,,0,,0
3/20/20,OR,,3,,0,,,,,0,,,2003,674,,,,,,114,,26,0,,,,,,,,0,,0,,,,,,0,,0
3/20/20,PA,,1,,0,,,,,0,,,2574,966,,,,,,268,,83,0,,,,,,,,0,2842,1049,,,,,2842,1049,,0
3/20/20,PR,,,,0,,,,,0,,,114,58,,,,,,14,,9,0,,,,,,,,0,128,67,,,,,,0,,0
3/20/20,RI,,,,0,,,,,0,,,1161,193,,,1212,,,74,74,13,0,,,,,84,,1075,277,1075,277,,,,,1235,206,1296,212
3/20/20,SC,,1,,0,,,,,0,,,833,250,,,,,,81,81,21,0,,,,,,,,0,914,271,,,,,,0,,0
3/20/20,SD,,1,,0,,,,,0,,,663,112,,,,,,14,,3,0,,,,,,,,0,677,115,,,,,677,115,,0
3/20/20,TN,,,,0,,,,,0,,,563,214,,,,,,228,,74,0,,,,,,,,0,791,288,,,,,,0,,0
3/20/20,TX,,5,,2,,,,,0,,,20247,4898,,,,,,175,175,67,0,,,,,1581,,,0,20422,4965,,,,,,0,20422,4965
3/20/20,UT,,0,,0,,,,,0,,,3316,801,,,3341,,,112,112,34,0,,,,,177,,,0,3518,858,,,,,3475,845,3518,858
3/20/20,VA,,2,,0,,19,19,,19,,,2211,382,,,,,,114,,20,0,,,,,2253,,8393,593,8393,593,,,,,,0,,0
3/20/20,VI,,,,0,,,,,0,,,,0,,,,,,3,,0,0,,,,,,,,0,3,0,,,,,,0,,0
3/20/20,VT,,2,,2,,,,,0,,,742,123,,,,,,28,28,7,0,,,,,,,,0,1422,287,,,,,770,130,1422,287
3/20/20,WA,,104,,12,,,,,0,,,40505,3817,,,,,,2163,2163,290,0,,,,,,,43276,4120,43276,4120,,,,,42505,4061,,0
3/20/20,WI,,3,,3,,,,,0,,,3455,1263,,,,,,235,206,61,0,,,,,,,4448,1263,4448,1263,,,,,,0,,0
3/20/20,WV,,0,,0,,,,,0,,,219,76,,,,,,7,7,5,0,,,,,,,,0,226,81,,,,,,0,,0
3/20/20,WY,,,,0,,,,,0,,,331,60,,,910,,,19,22,1,0,,,,,32,,,0,942,198,,,,,,0,942,198
3/19/20,AK,,0,,0,,1,1,,0,,,427,23,,,,,,11,,3,0,,,,,,,,0,438,26,,,,,,0,438,26
3/19/20,AL,,0,,0,,,,,0,,,28,0,,,,,,68,68,22,0,,,,,,,,0,96,22,,,,,96,22,,0
3/19/20,AR,,,,0,,,,,0,,,310,74,,,,,,46,46,13,0,,,,,,,,0,356,87,,,,,,0,356,87
3/19/20,AS,,0,,0,,,,,0,,,,0,,,,,,,0,0,0,,,,,,,,0,0,0,,,,,,0,0,0
3/19/20,AZ,,0,,0,,85,85,,18,,,175,27,,,,,,44,,16,0,,,,,,,,0,5743,1449,,,,,219,43,5743,1449
3/19/20,CA,,18,,5,,,,,0,,,8787,806,,,,,,924,,313,0,,,,,,,,0,9711,1119,,,,,,0,9711,1119
3/19/20,CO,,2,,0,,42,42,,16,,,2675,563,,,,,,277,,61,0,,,,,,,2728,524,2728,524,,,,,2952,624,,0
3/19/20,CT,,1,,1,,,,,0,,,604,479,,,,,,96,,28,0,,,,,,,,0,700,507,,,,,,0,,0
3/19/20,DC,,0,,0,,,,,0,,,153,15,,,,,,39,,8,0,,,,,,,192,23,192,23,,,,,,0,,0
3/19/20,DE,,0,0,0,0,,,,0,,,36,0,,,,,,30,,5,0,,,,,17,,897,480,897,480,,,,,,0,,0
3/19/20,FL,,8,,1,,,,,0,,,1533,308,,,,,,310,,99,0,,,,,,,3671,1055,3671,1055,,,,,,0,,0
3/19/20,GA,,10,,9,,,,,0,,,1544,233,,,,,,287,,90,0,,,,,352,,,0,2468,602,,,,,,0,2468,602
3/19/20,GU,,,,0,,,,,0,,,69,12,,,,,,12,,4,0,,,,,,,,0,81,16,,,,,,0,,0
3/19/20,HI,,,,0,,,,,0,,,93,0,,,,,,16,,2,0,,,,,15,,719,233,719,233,,,,,,0,,0
3/19/20,IA,,,,0,,,,,0,,,83,0,,,,,,38,38,9,0,,,,,,,,0,121,9,,,,,,0,,0
3/19/20,ID,,,,0,,,,,0,,,459,0,,,,,,11,,2,0,,,,,,,,0,470,2,,,,,470,2,,0
3/19/20,IL,,4,,3,,,,,0,,,2725,962,,,,,,422,,134,0,,,,,,,,0,3147,1096,,,,,,0,,0
3/19/20,IN,,2,,0,,,,,0,,,324,170,,,,,,56,,17,0,,,,,338,,,0,3494,897,,,,,,0,3494,897
3/19/20,KS,,1,,0,,,,,0,,,417,0,,,,,,34,,18,0,,,,,,,,0,451,18,,,,,,0,,0
3/19/20,KY,,1,,0,,,,,0,,,454,100,,,,,,35,,9,0,,,,,,,,0,489,109,,,,,,0,489,109
3/19/20,LA,,8,,2,,,,,0,,,458,123,,,,,,347,347,107,0,,,,,,,,0,805,230,,,,,,0,,0
3/19/20,MA,,3,,1,,,,,0,,,2918,803,,,,,,229,,73,0,,,,,1336,,,0,15509,3138,,,,,,0,15509,3138
3/19/20,MD,,2,2,0,,,,,0,,,94,0,,,,,,107,107,22,0,,,,,,,,0,,0,,,,,,0,,0
3/19/20,ME,,,,0,,,,,0,,,2004,334,,,,,,53,53,10,0,,,,,,,,0,2057,344,,,,,,0,,0
3/19/20,MI,,10,11,5,1,,,,0,,,2051,573,,,2051,,,5276,5221,745,0,,,,,539,,,0,7327,1318,,,,,,0,2590,738
3/19/20,MN,,,,0,,,,,0,,,2949,264,,,,,,287,287,18,0,,,,,,,3236,282,3236,282,,,,,,0,,0
3/19/20,MO,,1,,1,,,,,0,,,308,55,,,1409,,,24,24,11,0,,,,,120,,,0,1530,685,,,,,,0,1530,685
3/19/20,MP,,0,,0,,,,,0,,,,0,,,,,,0,,0,0,,,,,,,,0,0,0,,,,,,0,,0
3/19/20,MS,,,,0,,,,,0,,,552,73,,,,,,50,,16,0,,,,,,,,0,602,89,,,,,,0,,0
3/19/20,MT,,,,0,,,,,0,,,761,262,,,,,,12,,2,0,,,,,,,,0,773,264,,,,,,0,,0
3/19/20,NC,,0,,0,,,,,0,,,2408,621,,,,,,97,,34,0,,,,,,,,0,2505,655,,,,,,0,,0
3/19/20,ND,,0,,0,,,,,0,,,493,225,,,,,,15,15,9,0,,,,,,,471,225,471,225,,,,,460,221,487,228
3/19/20,NE,,0,,0,,,,,0,,,240,34,,,538,,,27,,3,0,,,,,9,,,0,567,94,,,,,,0,567,94
3/19/20,NH,,,,0,,,,,0,,,621,108,,,,,,39,,13,0,,,,,,,,0,1049,216,,,,,,0,1049,216
3/19/20,NJ,,13,9,6,4,,,,0,,,210,20,,,,,,742,742,315,0,,,,,,,,0,952,335,,,,,952,335,,0
3/19/20,NM,,,,0,,,,,0,,,3771,1009,,,,,,43,,8,0,,,,,,,,0,3814,1017,,,,,,0,,0
3/19/20,NV,,3,,1,,,,,0,,,1626,1458,,,,,,101,101,23,0,,,,,,,5019,973,5019,973,,,,,,0,,0
3/19/20,NY,,12,,0,,,,617,0,,,18361,5929,,,,,,4152,4152,1769,0,,,,,,,22513,7698,22513,7698,,,,,,0,,0
3/19/20,OH,,,,0,,,,,0,,,140,0,,,,,,119,119,31,0,,,,,,,,0,259,31,,,,,,0,,0
3/19/20,OK,,1,,1,,,,,0,,,466,88,,,,,,44,,15,0,,,,,,,,0,510,103,,,,,,0,,0
3/19/20,OR,,3,,0,,,,,0,,,1329,211,,,,,,88,,13,0,,,,,,,,0,,0,,,,,,0,,0
3/19/20,PA,,1,,0,,,,,0,,,1608,421,,,,,,185,,52,0,,,,,,,,0,1793,473,,,,,1793,473,,0
3/19/20,PR,,,,0,,,,,0,,,56,25,,,,,,5,,0,0,,,,,,,,0,61,25,,,,,,0,,0
3/19/20,RI,,,,0,,,,,0,,,968,249,,,1015,,,61,61,17,0,,,,,69,,798,125,798,125,,,,,1029,266,1084,279
3/19/20,SC,,1,,0,,,,,0,,,583,0,,,,,,60,60,0,0,,,,,,,,0,643,0,,,,,,0,,0
3/19/20,SD,,1,,0,,,,,0,,,551,0,,,,,,11,,0,0,,,,,,,,0,562,0,,,,,562,0,,0
3/19/20,TN,,,,0,,,,,0,,,349,0,,,,,,154,,56,0,,,,,,,,0,503,56,,,,,,0,,0
3/19/20,TX,,3,,1,,,,,0,,,15349,4030,,,,,,108,108,26,0,,,,,1174,,,0,15457,4056,,,,,,0,15457,4056
3/19/20,UT,,0,,0,,,,,0,,,2515,564,,,2532,,,78,78,15,0,,,,,128,,,0,2660,605,,,,,2630,599,2660,605
3/19/20,VA,,2,,1,,,,,0,,,1829,628,,,,,,94,,17,0,,,,,2161,,7800,424,7800,424,,,,,,0,,0
3/19/20,VI,,,,0,,,,,0,,,,0,,,,,,3,,1,0,,,,,,,,0,3,1,,,,,,0,,0
3/19/20,VT,,,,0,,,,,0,,,619,54,,,,,,21,21,2,0,,,,,,,,0,1135,324,,,,,640,56,1135,324
3/19/20,WA,,92,,10,,,,,0,,,36688,4127,,,,,,1873,1873,268,0,,,,,,,39156,4460,39156,4460,,,,,38444,4550,,0
3/19/20,WI,,,,0,,,,,0,,,2192,615,,,,,,174,155,53,0,,,,,,,3185,1055,3185,1055,,,,,,0,,0
3/19/20,WV,,0,,0,,,,,0,,,143,21,,,,,,2,2,1,0,,,,,,,,0,145,22,,,,,,0,,0
3/19/20,WY,,,,0,,,,,0,,,271,93,,,716,,,18,18,3,0,,,,,28,,,0,744,143,,,,,,0,744,143
3/18/20,AK,,0,,0,,1,1,,0,,,404,70,,,,,,8,,5,0,,,,,,,,0,412,75,,,,,,0,412,75
3/18/20,AL,,0,,0,,,,,0,,,28,0,,,,,,46,46,10,0,,,,,,,,0,74,10,,,,,74,10,,0
3/18/20,AR,,,,0,,,,,0,,,236,39,,,,,,33,33,11,0,,,,,,,,0,269,50,,,,,,0,269,50
3/18/20,AS,,0,,0,,,,,0,,,,0,,,,,,,0,0,0,,,,,,,,0,0,0,,,,,,0,0,0
3/18/20,AZ,,0,,0,,67,67,,12,,,148,6,,,,,,28,,8,0,,,,,,,,0,4294,1396,,,,,176,14,4294,1396
3/18/20,CA,,13,,2,,,,,0,,,7981,0,,,,,,611,,128,0,,,,,,,,0,8592,128,,,,,,0,8592,128
3/18/20,CO,,2,,0,,26,26,,6,,,2112,495,,,,,,216,,33,0,,,,,,,2204,736,2204,736,,,,,2328,538,,0
3/18/20,CT,,,,0,,,,,0,,,125,0,,,,,,68,,27,0,,,,,,,,0,193,27,,,,,,0,,0
3/18/20,DC,,,,0,,,,,0,,,138,34,,,,,,31,,9,0,,,,,,,169,43,169,43,,,,,,0,,0
3/18/20,DE,,0,0,0,0,,,,0,,,36,0,,,,,,25,,9,0,,,,,2,,417,66,417,66,,,,,,0,,0
3/18/20,FL,,7,,1,,,,,0,,,1225,285,,,,,,211,,62,0,,,,,,,2616,704,2616,704,,,,,,0,,0
3/18/20,GA,,1,,0,,,,,0,,,1311,1311,,,,,,197,,51,0,,,,,246,,,0,1866,366,,,,,,0,1866,366
3/18/20,GU,,,,0,,,,,0,,,57,16,,,,,,8,,3,0,,,,,,,,0,65,19,,,,,,0,,0
3/18/20,HI,,,,0,,,,,0,,,93,93,,,,,,14,,4,0,,,,,11,,486,180,486,180,,,,,,0,,0
3/18/20,IA,,,,0,,,,,0,,,83,0,,,,,,29,29,6,0,,,,,,,,0,112,6,,,,,,0,,0
3/18/20,ID,,,,0,,,,,0,,,459,113,,,,,,9,,2,0,,,,,,,,0,468,115,,,,,468,115,,0
3/18/20,IL,,1,,0,,,,,0,,,1763,423,,,,,,288,,129,0,,,,,,,,0,2051,552,,,,,,0,,0
3/18/20,IN,,2,,0,,,,,0,,,154,25,,,,,,39,,9,0,,,,,238,,,0,2597,790,,,,,,0,2597,790
3/18/20,KS,,1,,0,,,,,0,,,417,35,,,,,,16,,1,0,,,,,,,,0,433,36,,,,,,0,,0
3/18/20,KY,,1,,0,,,,,0,,,354,59,,,,,,26,,4,0,,,,,,,,0,380,63,,,,,,0,380,63
3/18/20,LA,,6,,2,,,,,0,,,335,49,,,,,,240,240,103,0,,,,,,,,0,575,152,,,,,,0,,0
3/18/20,MA,,2,,2,,,,,0,,,2115,482,,,,,,156,,38,0,,,,,1050,,,0,12371,3226,,,,,,0,12371,3226
3/18/20,MD,,2,2,2,,,,,0,,,94,0,,,,,,85,85,28,0,,,,,,,,0,,0,,,,,,0,,0
3/18/20,ME,,,,0,,,,,0,,,1670,367,,,,,,43,43,11,0,,,,,,,,0,1713,378,,,,,,0,,0
3/18/20,MI,,5,9,3,1,,,,0,,,1478,599,,,1478,,,4531,4491,872,0,,,,,374,,,0,6009,1471,,,,,,0,1852,752
3/18/20,MN,,,,0,,,,,0,,,2685,409,,,,,,269,269,23,0,,,,,,,2954,432,2954,432,,,,,,0,,0
3/18/20,MO,,0,,0,,,,,0,,,253,46,,,774,,,13,13,5,0,,,,,70,,,0,845,440,,,,,,0,845,440
3/18/20,MP,,0,,0,,,,,0,,,,0,,,,,,0,,0,0,,,,,,,,0,0,0,,,,,,0,,0
3/18/20,MS,,,,0,,,,,0,,,479,111,,,,,,34,,13,0,,,,,,,,0,513,124,,,,,,0,,0
3/18/20,MT,,,,0,,,,,0,,,499,196,,,,,,10,,2,0,,,,,,,,0,509,198,,,,,,0,,0
3/18/20,NC,,0,,0,,,,,0,,,1787,1313,,,,,,63,,23,0,,,,,,,,0,1850,1336,,,,,,0,,0
3/18/20,ND,,0,,0,,,,,0,,,268,48,,,,,,6,6,5,0,,,,,,,246,116,246,116,,,,,239,112,259,116
3/18/20,NE,,,,0,,,,,0,,,206,0,,,446,,,24,,3,0,,,,,7,,,0,473,97,,,,,,0,473,97
3/18/20,NH,,,,0,,,,,0,,,513,158,,,,,,26,,9,0,,,,,,,,0,833,147,,,,,,0,833,147
3/18/20,NJ,,7,5,3,2,,,,0,,,190,27,,,,,,427,429,160,0,,,,,,,,0,617,187,,,,,617,187,,0
3/18/20,NM,,,,0,,,,,0,,,2762,436,,,,,,35,,7,0,,,,,,,,0,2797,443,,,,,,0,,0
3/18/20,NV,,2,,1,,,,,0,,,168,0,,,,,,78,78,5,0,,,,,,,4046,1056,4046,1056,,,,,,0,,0
3/18/20,NY,,12,,5,,,,416,0,,,12432,3544,,,,,,2383,2383,1009,0,,,,,,,14815,4553,14815,4553,,,,,,0,,0
3/18/20,OH,,,,0,,,,,0,,,140,0,,,,,,88,88,21,0,,,,,,,,0,228,21,,,,,,0,,0
3/18/20,OK,,,,0,,,,,0,,,378,131,,,,,,29,,12,0,,,,,,,,0,407,143,,,,,,0,,0
3/18/20,OR,,3,,3,,,,,0,,,1118,429,,,,,,75,,28,0,,,,,,,,0,,0,,,,,,0,,0
3/18/20,PA,,1,,1,,,,,0,,,1187,308,,,,,,133,,37,0,,,,,,,,0,1320,345,,,,,1320,345,,0
3/18/20,PR,,,,0,,,,,0,,,31,18,,,,,,5,,0,0,,,,,,,,0,36,18,,,,,,0,,0
3/18/20,RI,,,,0,,,,,0,,,719,111,,,753,,,44,44,11,0,,,,,52,,673,174,673,174,,,,,763,122,805,128
3/18/20,SC,,1,,0,,,,,0,,,583,272,,,,,,60,60,27,0,,,,,,,,0,643,299,,,,,,0,,0
3/18/20,SD,,1,,1,,,,,0,,,551,0,,,,,,11,,0,0,,,,,,,,0,562,0,,,,,562,0,,0
3/18/20,TN,,,,0,,,,,0,,,349,19,,,,,,98,,25,0,,,,,,,,0,447,44,,,,,,0,,0
3/18/20,TX,,2,,1,,,,,0,,,11319,3280,,,,,,82,82,19,0,,,,,867,,,0,11401,3299,,,,,,0,11401,3299
3/18/20,UT,,0,,0,,,,,0,,,1951,526,,,1965,,,63,63,12,0,,,,,90,,,0,2055,553,,,,,2031,545,2055,553
3/18/20,VA,,1,,0,,,,,0,,,1201,240,,,,,,77,,10,0,,,,,2142,,7376,224,7376,224,,,,,,0,,0
3/18/20,VI,,,,0,,,,,0,,,,0,,,,,,2,,0,0,,,,,,,,0,2,0,,,,,,0,,0
3/18/20,VT,,,,0,,,,,0,,,565,92,,,,,,19,19,2,0,,,,,,,,0,811,262,,,,,584,94,811,262
3/18/20,WA,,82,,4,,,,,0,,,32561,4537,,,,,,1605,1605,300,0,,,,,,,34696,4826,34696,4826,,,,,33894,4740,,0
3/18/20,WI,,,,0,,,,,0,,,1577,539,,,,,,121,106,38,0,,,,,,,2130,810,2130,810,,,,,,0,,0
3/18/20,WV,,0,,0,,,,,0,,,122,42,,,,,,1,1,1,0,,,,,,,,0,123,43,,,,,,0,,0
3/18/20,WY,,,,0,,,,,0,,,178,83,,,580,,,15,16,5,0,,,,,21,,,0,601,140,,,,,,0,601,140
3/17/20,AK,,0,,0,,1,1,,0,,,334,190,,,,,,3,,3,0,,,,,,,,0,337,193,,,,,,0,337,193
3/17/20,AL,,0,,0,,,,,0,,,28,0,,,,,,36,36,8,0,,,,,,,,0,64,8,,,,,64,8,,0
3/17/20,AR,,,,0,,,,,0,,,197,65,,,,,,22,22,0,0,,,,,,,,0,219,65,,,,,,0,219,65
3/17/20,AS,,,,0,,,,,0,,,,0,,,,,,,0,0,0,,,,,,,,0,0,0,,,,,,0,0,0
3/17/20,AZ,,0,,0,,55,55,,13,,,142,17,,,,,,20,,2,0,,,,,,,,0,2898,1043,,,,,162,19,2898,1043
3/17/20,CA,,11,,5,,,,,0,,,7981,0,,,,,,483,,148,0,,,,,,,,0,8464,148,,,,,,0,8464,148
3/17/20,CO,,2,,1,,20,20,,20,,,1617,561,,,,,,183,,23,0,,,,,,,1468,461,1468,461,,,,,1790,1790,,0
3/17/20,CT,,,,0,,,,,0,,,125,0,,,,,,41,,15,0,,,,,,,,0,166,15,,,,,,0,,0
3/17/20,DC,,,,0,,,,,0,,,104,8,,,,,,22,,5,0,,,,,,,126,13,126,13,,,,,,0,,0
3/17/20,DE,,0,0,0,0,,,,0,,,36,0,,,,,,16,,8,0,,,,,2,,351,231,351,231,,,,,,0,,0
3/17/20,FL,,6,,2,,,,,0,,,940,256,,,,,,149,,27,0,,,,,,,1912,591,1912,591,,,,,,0,,0
3/17/20,GA,,1,,0,,,,,0,,,,0,,,,,,146,,25,0,,,,,185,,,0,1500,541,,,,,,0,1500,541
3/17/20,GU,,,,0,,,,,0,,,41,18,,,,,,5,,2,0,,,,,,,,0,46,20,,,,,,0,,0
3/17/20,HI,,,,0,,,,,0,,,,0,,,,,,10,,3,0,,,,,10,,306,117,306,117,,,,,,0,,0
3/17/20,IA,,,,0,,,,,0,,,83,0,,,,,,23,23,1,0,,,,,,,,0,106,1,,,,,,0,,0
3/17/20,ID,,,,0,,,,,0,,,346,81,,,,,,7,,2,0,,,,,,,,0,353,83,,,,,353,83,,0
3/17/20,IL,,1,,1,,,,,0,,,1340,408,,,,,,159,,66,0,,,,,,,,0,1499,474,,,,,,0,,0
3/17/20,IN,,2,,1,,,,,0,,,129,14,,,,,,30,,6,0,,,,,160,,,0,1807,685,,,,,,0,1807,685
3/17/20,KS,,1,,0,,,,,0,,,382,216,,,,,,15,,4,0,,,,,,,,0,397,220,,,,,,0,,0
3/17/20,KY,,1,,0,,,,,0,,,295,61,,,,,,22,,1,0,,,,,,,,0,317,62,,,,,,0,317,62
3/17/20,LA,,4,,2,,,,,0,,,286,98,,,,,,137,137,22,0,,,,,,,,0,423,120,,,,,,0,,0
3/17/20,MA,,,,0,,,,,0,,,1633,434,,,,,,118,,21,0,,,,,787,,,0,9145,2790,,,,,,0,9145,2790
3/17/20,MD,,,,-2,,,,,0,,,94,0,,,,,,57,57,20,0,,,,,,,,0,,0,,,,,,0,,0
3/17/20,ME,,,,0,,,,,0,,,1303,539,,,,,,32,32,15,0,,,,,,,,0,1335,554,,,,,,0,,0
3/17/20,MI,,2,4,2,1,,,,0,,,879,607,,,879,,,3659,3632,764,0,,,,,221,,,0,4538,1371,,,,,,0,1100,1100
3/17/20,MN,,,,0,,,,,0,,,2276,437,,,,,,246,246,67,0,,,,,,,2522,504,2522,504,,,,,,0,,0
3/17/20,MO,,0,,0,,,,,0,,,207,43,,,365,,,8,8,2,0,,,,,39,,,0,405,118,,,,,,0,405,118
3/17/20,MP,,,,0,,,,,0,,,,0,,,,,,0,,0,0,,,,,,,,0,0,0,,,,,,0,,0
3/17/20,MS,,,,0,,,,,0,,,368,91,,,,,,21,,9,0,,,,,,,,0,389,100,,,,,,0,,0
3/17/20,MT,,,,0,,,,,0,,,303,105,,,,,,8,,1,0,,,,,,,,0,311,106,,,,,,0,,0
3/17/20,NC,,0,,0,,,,,0,,,474,178,,,,,,40,,7,0,,,,,,,,0,514,185,,,,,,0,,0
3/17/20,ND,,0,,0,,,,,0,,,220,97,,,,,,1,1,0,0,,,,,,,130,34,130,34,,,,,127,34,143,34
3/17/20,NE,,,,0,,,,,0,,,206,36,,,351,,,21,,3,0,,,,,6,,,0,376,76,,,,,,0,376,76
3/17/20,NH,,,,0,,,,,0,,,355,84,,,,,,17,,4,0,,,,,,,,0,686,160,,,,,,0,686,160
3/17/20,NJ,,4,3,2,1,,,,0,,,163,43,,,,,,267,267,89,0,,,,,,,,0,430,132,,,,,430,132,,0
3/17/20,NM,,,,0,,,,,0,,,2326,1077,,,,,,28,,5,0,,,,,,,,0,2354,1082,,,,,,0,,0
3/17/20,NV,,1,,0,,,,,0,,,168,0,,,,,,73,73,10,0,,,,,,,2990,913,2990,913,,,,,,0,,0
3/17/20,NY,,7,,0,,,,325,0,,,8888,2475,,,,,,1374,1374,432,0,,,,,,,10262,2907,10262,2907,,,,,,0,,0
3/17/20,OH,,,,0,,,,,0,,,140,0,,,,,,67,67,17,0,,,,,,,,0,207,17,,,,,,0,,0
3/17/20,OK,,,,0,,,,,0,,,247,73,,,,,,17,,7,0,,,,,,,,0,264,80,,,,,,0,,0
3/17/20,OR,,,,0,,,,,0,,,689,110,,,,,,47,,8,0,,,,,,,,0,,0,,,,,,0,,0
3/17/20,PA,,,,0,,,,,0,,,879,209,,,,,,96,,20,0,,,,,,,,0,975,229,,,,,975,229,,0
3/17/20,PR,,,,0,,,,,0,,,13,4,,,,,,5,,0,0,,,,,,,,0,18,4,,,,,,0,,0
3/17/20,RI,,,,0,,,,,0,,,608,153,,,637,,,33,33,11,0,,,,,40,,499,97,499,97,,,,,641,164,677,178
3/17/20,SC,,1,,0,,,,,0,,,311,76,,,,,,33,33,5,0,,,,,,,,0,344,81,,,,,,0,,0
3/17/20,SD,,,,0,,,,,0,,,551,57,,,,,,11,,1,0,,,,,,,,0,562,58,,,,,562,58,,0
3/17/20,TN,,,,0,,,,,0,,,330,60,,,,,,73,,21,0,,,,,,,,0,403,81,,,,,,0,,0
3/17/20,TX,,1,,1,,,,,0,,,8039,2599,,,,,,63,63,7,0,,,,,631,,,0,8102,2606,,,,,,0,8102,2606
3/17/20,UT,,0,,0,,,,,0,,,1425,442,,,1433,,,51,51,12,0,,,,,69,,,0,1502,465,,,,,1486,461,1502,465
3/17/20,VA,,1,,0,,,,,0,,,961,523,,,,,,67,,16,0,,,,,2119,,7152,325,7152,325,,,,,,0,,0
3/17/20,VI,,,,0,,,,,0,,,,0,,,,,,2,,1,0,,,,,,,,0,2,1,,,,,,0,,0
3/17/20,VT,,,,0,,,,,0,,,473,81,,,,,,17,17,5,0,,,,,,,,0,549,121,,,,,490,86,549,121
3/17/20,WA,,78,,9,,,,,0,,,28024,4551,,,,,,1305,1305,108,0,,,,,,,29870,4815,29870,4815,,,,,29154,4638,,0
3/17/20,WI,,,,0,,,,,0,,,1038,534,,,,,,83,72,27,0,,,,,,,1320,378,1320,378,,,,,,0,,0
3/17/20,WV,,0,,0,,,,,0,,,80,0,,,,,,0,0,0,0,,,,,,,,0,80,0,,,,,,0,,0
3/17/20,WY,,,,0,,,,,0,,,95,95,,,444,,,10,11,7,0,,,,,17,,,0,461,161,,,,,,0,461,161
3/16/20,AK,,0,,0,,1,1,,0,,,144,0,,,,,,,,0,0,,,,,,,,0,144,0,,,,,,0,144,0
3/16/20,AL,,0,,0,,,,,0,,,28,0,,,,,,28,28,16,0,,,,,,,,0,56,16,,,,,56,16,,0
3/16/20,AR,,,,0,,,,,0,,,132,29,,,,,,22,22,6,0,,,,,,,,0,154,35,,,,,,0,154,35
3/16/20,AS,,,,0,,,,,0,,,,0,,,,,,,0,0,0,,,,,,,,0,0,0,,,,,,0,0,0
3/16/20,AZ,,0,,0,,42,42,,6,,,125,4,,,,,,18,,6,0,,,,,,,,0,1855,303,,,,,143,10,1855,303
3/16/20,CA,,6,,1,,,,,0,,,7981,7065,,,,,,335,,42,0,,,,,,,,0,8316,7107,,,,,,0,8316,7107
3/16/20,CO,,1,,0,,,,,0,,,1056,429,,,,,,160,,29,0,,,,,,,1007,303,1007,303,,,,,,0,,0
3/16/20,CT,,,,0,,,,,0,,,125,0,,,,,,26,,6,0,,,,,,,,0,151,6,,,,,,0,,0
3/16/20,DC,,,,0,,,,,0,,,96,17,,,,,,17,,1,0,,,,,,,113,18,113,18,,,,,,0,,0
3/16/20,DE,,0,0,0,0,,,,0,,,36,0,,,,,,8,,2,0,,,,,0,,120,60,120,60,,,,,,0,,0
3/16/20,FL,,4,,0,,,,,0,,,684,6,,,,,,122,,31,0,,,,,,,1321,181,1321,181,,,,,,0,,0
3/16/20,GA,,1,,0,,,,,0,,,,0,,,,,,121,,22,0,,,,,100,,,0,959,252,,,,,,0,959,252
3/16/20,GU,,,,0,,,,,0,,,23,0,,,,,,3,,0,0,,,,,,,,0,26,0,,,,,,0,,0
3/16/20,HI,,,,0,,,,,0,,,,0,,,,,,7,,5,0,,,,,7,,189,130,189,130,,,,,,0,,0
3/16/20,IA,,,,0,,,,,0,,,83,0,,,,,,22,22,4,0,,,,,,,,0,105,4,,,,,,0,,0
3/16/20,ID,,,,0,,,,,0,,,265,91,,,,,,5,,0,0,,,,,,,,0,270,91,,,,,270,91,,0
3/16/20,IL,,,,0,,,,,0,,,932,483,,,,,,93,,29,0,,,,,,,,0,1025,512,,,,,,0,,0
3/16/20,IN,,1,,1,,,,,0,,,115,13,,,,,,24,,5,0,,,,,94,,,0,1122,159,,,,,,0,1122,159
3/16/20,KS,,1,,0,,,,,0,,,166,31,,,,,,11,,3,0,,,,,,,,0,177,34,,,,,,0,,0
3/16/20,KY,,1,,0,,,,,0,,,234,95,,,,,,21,,5,0,,,,,,,,0,255,100,,,,,,0,255,100
3/16/20,LA,,2,,0,,,,,0,,,188,32,,,,,,115,115,25,0,,,,,,,,0,303,57,,,,,,0,,0
3/16/20,MA,,,,0,,,,,0,,,1199,615,,,,,,97,,33,0,,,,,532,,,0,6355,2235,,,,,,0,6355,2235
3/16/20,MD,,2,,2,,,,,0,,,94,0,,,,,,37,37,6,0,,,,,,,,0,,0,,,,,,0,,0
3/16/20,ME,,,,0,,,,,0,,,764,673,,,,,,17,17,14,0,,,,,,,,0,781,687,,,,,,0,,0
3/16/20,MI,,,1,0,1,,,,0,,,272,67,,,,,,2895,2873,707,0,,,,,,,,0,3167,774,,,,,,0,,0
3/16/20,MN,,,,0,,,,,0,,,1839,452,,,,,,179,179,51,0,,,,,,,2018,503,2018,503,,,,,,0,,0
3/16/20,MO,,0,,0,,,,,0,,,164,42,,,257,,,6,6,1,0,,,,,29,,,0,287,99,,,,,,0,287,99
3/16/20,MP,,,,0,,,,,0,,,,0,,,,,,0,,0,0,,,,,,,,0,0,0,,,,,,0,,0
3/16/20,MS,,,,0,,,,,0,,,277,193,,,,,,12,,2,0,,,,,,,,0,289,195,,,,,,0,,0
3/16/20,MT,,,,0,,,,,0,,,198,95,,,,,,7,,0,0,,,,,,,,0,205,95,,,,,,0,,0
3/16/20,NC,,0,,0,,,,,0,,,296,69,,,,,,33,,1,0,,,,,,,,0,329,70,,,,,,0,,0
3/16/20,ND,,0,,0,,,,,0,,,123,28,,,,,,1,1,0,0,,,,,,,96,22,96,22,,,,,93,20,109,22
3/16/20,NE,,,,0,,,,,0,,,170,90,,,276,,,18,,1,0,,,,,5,,,0,300,54,,,,,,0,300,54
3/16/20,NH,,,,0,,,,,0,,,271,0,,,,,,13,,0,0,,,,,,,,0,526,121,,,,,,0,526,121
3/16/20,NJ,,2,2,0,0,,,,0,,,120,0,,,,,,178,178,80,0,,,,,,,,0,298,80,,,,,298,80,,0
3/16/20,NM,,,,0,,,,,0,,,1249,683,,,,,,23,,6,0,,,,,,,,0,1272,689,,,,,,0,,0
3/16/20,NV,,1,,0,,,,,0,,,168,0,,,,,,63,63,18,0,,,,,,,2077,408,2077,408,,,,,,0,,0
3/16/20,NY,,7,,4,,,,,0,,,6413,1642,,,,,,942,942,294,0,,,,,,,7355,1936,7355,1936,,,,,,0,,0
3/16/20,OH,,,,0,,,,,0,,,140,1,,,,,,50,50,14,0,,,,,,,,0,190,15,,,,,,0,,0
3/16/20,OK,,,,0,,,,,0,,,174,56,,,,,,10,,1,0,,,,,,,,0,184,57,,,,,,0,,0
3/16/20,OR,,,,0,,,,,0,,,579,159,,,,,,39,,3,0,,,,,,,,0,,0,,,,,,0,,0
3/16/20,PA,,,,0,,,,,0,,,670,465,,,,,,76,,13,0,,,,,,,,0,746,478,,,,,746,478,,0
3/16/20,PR,,,,0,,,,,0,,,9,0,,,,,,5,,0,0,,,,,,,,0,14,0,,,,,,0,,0
3/16/20,RI,,,,0,,,,,0,,,455,91,,,475,,,22,22,2,0,,,,,24,,402,55,402,55,,,,,477,93,499,97
3/16/20,SC,,1,,1,,,,,0,,,235,81,,,,,,28,28,9,0,,,,,,,,0,263,90,,,,,,0,,0
3/16/20,SD,,,,0,,,,,0,,,494,167,,,,,,10,,1,0,,,,,,,,0,504,168,,,,,504,168,,0
3/16/20,TN,,,,0,,,,,0,,,270,113,,,,,,52,,13,0,,,,,,,,0,322,126,,,,,,0,,0
3/16/20,TX,,,,0,,,,,0,,,5440,575,,,,,,56,56,0,0,,,,,430,,,0,5496,575,,,,,,0,5496,575
3/16/20,UT,,0,,0,,,,,0,,,983,326,,,991,,,39,39,11,0,,,,,46,,,0,1037,346,,,,,1025,343,1037,346
3/16/20,VA,,1,,0,,,,,0,,,438,75,,,,,,51,,6,0,,,,,2107,,6827,88,6827,88,,,,,,0,,0
3/16/20,VI,,,,0,,,,,0,,,,0,,,,,,1,,0,0,,,,,,,,0,1,0,,,,,,0,,0
3/16/20,VT,,,,0,,,,,0,,,392,72,,,,,,12,12,4,0,,,,,,,,0,428,58,,,,,404,76,428,58
3/16/20,WA,,69,,12,,,,,0,,,23473,4696,,,,,,1197,1197,156,0,,,,,,,25055,4996,25055,4996,,,,,24516,4895,,0
3/16/20,WI,,,,0,,,,,0,,,504,191,,,,,,56,47,19,0,,,,,,,942,365,942,365,,,,,,0,,0
3/16/20,WV,,0,,0,,,,,0,,,80,42,,,,,,0,0,0,0,,,,,,,,0,80,42,,,,,,0,,0
3/16/20,WY,,,,0,,,,,0,,,,0,,,286,,,3,3,0,0,,,,,14,,,0,300,122,,,,,,0,300,122
3/15/20,AK,,0,,0,,1,1,,0,,,144,0,,,,,,,,0,0,,,,,,,,0,144,0,,,,,,0,144,0
3/15/20,AL,,0,,0,,,,,0,,,28,6,,,,,,12,12,6,0,,,,,,,,0,40,12,,,,,40,12,,0
3/15/20,AR,,,,0,,,,,0,,,103,38,,,,,,16,16,4,0,,,,,,,,0,119,42,,,,,,0,119,42
3/15/20,AZ,,0,,0,,36,36,,10,,,121,0,,,,,,12,,0,0,,,,,,,,0,1552,261,,,,,133,0,1552,261
3/15/20,CA,,5,,0,,,,,0,,,916,0,,,,,,293,,41,0,,,,,,,,0,1209,41,,,,,,0,1209,41
3/15/20,CO,,1,,0,,,,,0,,,627,0,,,,,,131,,0,0,,,,,,,704,179,704,179,,,,,,0,,0
3/15/20,CT,,,,0,,,,,0,,,125,0,,,,,,20,,9,0,,,,,,,,0,145,9,,,,,,0,,0
3/15/20,DC,,,,0,,,,,0,,,79,30,,,,,,16,,6,0,,,,,,,95,36,95,36,,,,,,0,,0
3/15/20,DE,,0,0,0,0,,,,0,,,36,0,,,,,,6,,0,0,,,,,0,,60,32,60,32,,,,,,0,,0
3/15/20,FL,,4,,1,,,,,0,,,678,200,,,,,,91,,40,0,,,,,,,1140,436,1140,436,,,,,,0,,0
3/15/20,GA,,1,,0,,,,,0,,,,0,,,,,,99,,33,0,,,,,68,,,0,707,241,,,,,,0,707,241
3/15/20,HI,,,,0,,,,,0,,,,0,,,,,,2,,0,0,,,,,4,,59,31,59,31,,,,,,0,,0
3/15/20,IA,,,,0,,,,,0,,,83,0,,,,,,18,18,1,0,,,,,,,,0,101,1,,,,,,0,,0
3/15/20,ID,,,,0,,,,,0,,,174,0,,,,,,5,,3,0,,,,,,,,0,179,3,,,,,179,3,,0
3/15/20,IL,,,,0,,,,,0,,,449,133,,,,,,64,,18,0,,,,,,,,0,513,151,,,,,,0,,0
3/15/20,IN,,0,,0,,,,,0,,,102,28,,,,,,19,,4,0,,,,,74,,,0,963,288,,,,,,0,963,288
3/15/20,KS,,1,,0,,,,,0,,,135,42,,,,,,8,,2,0,,,,,,,,0,143,44,,,,,,0,,0
3/15/20,KY,,1,,0,,,,,0,,,139,0,,,,,,16,,2,0,,,,,,,,0,155,2,,,,,,0,155,2
3/15/20,LA,,2,,2,,,,,0,,,156,47,,,,,,90,90,39,0,,,,,,,,0,246,86,,,,,,0,,0
3/15/20,MA,,,,0,,,,,0,,,584,584,,,,,,64,,26,0,,,,,380,,,0,4120,1084,,,,,,0,4120,1084
3/15/20,MD,,,,0,,,,,0,,,94,0,,,,,,31,31,5,0,,,,,,,,0,,0,,,,,,0,,0
3/15/20,ME,,,,0,,,,,0,,,91,0,,,,,,3,3,0,0,,,,,,,,0,94,0,,,,,,0,,0
3/15/20,MI,,,0,0,1,,,,0,,,205,0,,,,,,2188,2175,460,0,,,,,,,,0,2393,460,,,,,,0,,0
3/15/20,MN,,,,0,,,,,0,,,1387,540,,,,,,128,128,38,0,,,,,,,1515,578,1515,578,,,,,,0,,0
3/15/20,MO,,0,,0,,,,,0,,,122,32,,,168,,,5,5,1,0,,,,,19,,,0,188,73,,,,,,0,188,73
3/15/20,MS,,,,0,,,,,0,,,84,0,,,,,,10,,4,0,,,,,,,,0,94,4,,,,,,0,,0
3/15/20,MT,,,,0,,,,,0,,,103,0,,,,,,7,,2,0,,,,,,,,0,110,2,,,,,,0,,0
3/15/20,NC,,,,0,,,,,0,,,227,90,,,,,,32,,9,0,,,,,,,,0,259,99,,,,,,0,,0
3/15/20,ND,,0,,0,,,,,0,,,95,41,,,,,,1,1,0,0,,,,,,,74,24,74,24,,,,,73,24,87,24
3/15/20,NE,,,,0,,,,,0,,,80,0,,,222,,,17,,3,0,,,,,5,,,0,246,29,,,,,,0,246,29
3/15/20,NH,,,,0,,,,,0,,,271,59,,,,,,13,,6,0,,,,,,,,0,405,86,,,,,,0,405,86
3/15/20,NJ,,2,2,1,0,,,,0,,,120,23,,,,,,98,98,48,0,,,,,,,,0,218,71,,,,,218,71,,0
3/15/20,NM,,,,0,,,,,0,,,566,84,,,,,,17,,4,0,,,,,,,,0,583,88,,,,,,0,,0
3/15/20,NV,,1,,1,,,,,0,,,168,0,,,,,,45,45,11,0,,,,,,,1669,424,1669,424,,,,,,0,,0
3/15/20,NY,,3,,3,,,,,0,,,4771,1162,,,,,,648,648,131,0,,,,,,,5419,1293,5419,1293,,,,,,0,,0
3/15/20,OH,,,,0,,,,,0,,,139,89,,,,,,36,36,23,0,,,,,,,,0,175,112,,,,,,0,,0
3/15/20,OK,,,,0,,,,,0,,,118,82,,,,,,9,,5,0,,,,,,,,0,127,87,,,,,,0,,0
3/15/20,OR,,,,0,,,,,0,,,420,83,,,,,,36,,6,0,,,,,,,,0,,0,,,,,,0,,0
3/15/20,PA,,,,0,,,,,0,,,205,0,,,,,,63,,16,0,,,,,,,,0,268,16,,,,,268,16,,0
3/15/20,RI,,,,0,,,,,0,,,364,54,,,380,,,20,20,1,0,,,,,22,,347,90,347,90,,,,,384,55,402,55
3/15/20,SC,,,,0,,,,,0,,,154,44,,,,,,19,19,6,0,,,,,,,,0,173,50,,,,,,0,,0
3/15/20,SD,,,,0,,,,,0,,,327,145,,,,,,9,,0,0,,,,,,,,0,336,145,,,,,336,145,,0
3/15/20,TN,,,,0,,,,,0,,,157,27,,,,,,39,,7,0,,,,,,,,0,196,34,,,,,,0,,0
3/15/20,TX,,,,0,,,,,0,,,4865,496,,,,,,56,56,34,0,,,,,361,,,0,4921,530,,,,,,0,4921,530
3/15/20,UT,,0,,0,,,,,0,,,657,276,,,662,,,28,28,22,0,,,,,29,,,0,691,296,,,,,682,292,691,296
3/15/20,VA,,1,,1,,,,,0,,,363,246,,,,,,45,,15,0,,,,,2100,,6739,59,6739,59,,,,,,0,,0
3/15/20,VT,,,,0,,,,,0,,,320,102,,,,,,8,8,3,0,,,,,,,,0,370,132,,,,,328,105,370,132
3/15/20,WA,,57,,6,,,,,0,,,18777,1635,,,,,,1041,1041,214,0,,,,,,,20059,1743,20059,1743,,,,,19621,1689,,0
3/15/20,WI,,,,0,,,,,0,,,313,144,,,,,,37,33,14,0,,,,,,,577,271,577,271,,,,,,0,,0
3/15/20,WV,,0,,0,,,,,0,,,38,12,,,,,,0,0,0,0,,,,,,,,0,38,12,,,,,,0,,0
3/15/20,WY,,,,0,,,,,0,,,,0,,,166,,,3,3,1,0,,,,,12,,,0,178,27,,,,,,0,178,27
3/14/20,AK,,0,,0,,1,1,,0,,,144,84,,,,,,,,0,0,,,,,,,,0,144,84,,,,,,0,144,84
3/14/20,AL,,,,0,,,,,0,,,22,11,,,,,,6,6,5,0,,,,,,,,0,28,16,,,,,28,16,,0
3/14/20,AR,,,,0,,,,,0,,,65,35,,,,,,12,12,3,0,,,,,,,,0,77,38,,,,,,0,77,38
3/14/20,AZ,,0,,0,,26,26,,4,,,121,27,,,,,,12,,3,0,,,,,,,,0,1291,478,,,,,133,30,1291,478
3/14/20,CA,,5,,1,,,,,0,,,916,0,,,,,,252,,50,0,,,,,,,,0,1168,50,,,,,,0,1168,50
3/14/20,CO,,1,,0,,,,,0,,,627,17,,,,,,131,,30,0,,,,,,,525,192,525,192,,,,,,0,,0
3/14/20,CT,,,,0,,,,,0,,,125,26,,,,,,11,,5,0,,,,,,,,0,136,31,,,,,,0,,0
3/14/20,DC,,,,0,,,,,0,,,49,29,,,,,,10,,0,0,,,,,,,59,29,59,29,,,,,,0,,0
3/14/20,DE,,0,0,0,0,,,,0,,,36,6,,,,,,6,,2,0,,,,,0,,28,9,28,9,,,,,,0,,0
3/14/20,FL,,3,,1,,,,,0,,,478,0,,,,,,51,,20,0,,,,,,,704,199,704,199,,,,,,0,,0
3/14/20,GA,,1,,0,,,,,0,,,,0,,,,,,66,,24,0,,,,,41,,,0,466,130,,,,,,0,466,130
3/14/20,HI,,,,0,,,,,0,,,,0,,,,,,2,,0,0,,,,,2,,28,7,28,7,,,,,,0,,0
3/14/20,IA,,,,0,,,,,0,,,83,0,,,,,,17,17,1,0,,,,,,,,0,100,1,,,,,,0,,0
3/14/20,ID,,,,0,,,,,0,,,174,43,,,,,,2,,2,0,,,,,,,,0,176,45,,,,,176,45,,0
3/14/20,IL,,,,0,,,,,0,,,316,22,,,,,,46,,14,0,,,,,,,,0,362,36,,,,,,0,,0
3/14/20,IN,,0,,0,,,,,0,,,74,13,,,,,,15,,3,0,,,,,51,,,0,675,264,,,,,,0,675,264
3/14/20,KS,,1,,1,,,,,0,,,93,0,,,,,,6,,0,0,,,,,,,,0,99,0,,,,,,0,,0
3/14/20,KY,,1,,1,,,,,0,,,139,32,,,,,,14,,3,0,,,,,,,,0,153,35,,,,,,0,153,35
3/14/20,LA,,,,0,,,,,0,,,109,72,,,,,,51,51,15,0,,,,,,,,0,160,87,,,,,,0,,0
3/14/20,MA,,,,0,,,,,0,,,,0,,,,,,38,,15,0,,,,,308,,,0,3036,935,,,,,,0,3036,935
3/14/20,MD,,,,0,,,,,0,,,94,0,,,,,,26,26,9,0,,,,,,,,0,,0,,,,,,0,,0
3/14/20,ME,,,,0,,,,,0,,,91,0,,,,,,3,3,0,0,,,,,,,,0,94,0,,,,,,0,,0
3/14/20,MI,,,0,0,1,,,,0,,,205,72,,,,,,1728,1717,367,0,,,,,,,,0,1933,439,,,,,,0,,0
3/14/20,MN,,,,0,,,,,0,,,847,306,,,,,,90,90,28,0,,,,,,,937,334,937,334,,,,,,0,,0
3/14/20,MO,,0,,0,,,,,0,,,90,19,,,102,,,4,4,2,0,,,,,12,,,0,115,28,,,,,,0,115,28
3/14/20,MS,,,,0,,,,,0,,,84,43,,,,,,6,,2,0,,,,,,,,0,90,45,,,,,,0,,0
3/14/20,MT,,,,0,,,,,0,,,103,48,,,,,,5,,4,0,,,,,,,,0,108,52,,,,,,0,,0
3/14/20,NC,,,,0,,,,,0,,,137,51,,,,,,23,,8,0,,,,,,,,0,160,59,,,,,,0,,0
3/14/20,ND,,0,,0,,,,,0,,,54,15,,,,,,1,1,0,0,,,,,,,50,21,50,21,,,,,49,21,63,23
3/14/20,NE,,,,0,,,,,0,,,80,0,,,195,,,14,,1,0,,,,,3,,,0,217,13,,,,,,0,217,13
3/14/20,NH,,,,0,,,,,0,,,212,118,,,,,,7,,1,0,,,,,,,,0,319,70,,,,,,0,319,70
3/14/20,NJ,,1,1,0,0,,,,0,,,97,0,,,,,,50,78,0,0,,,,,,,,0,147,0,,,,,147,0,,0
3/14/20,NM,,,,0,,,,,0,,,482,245,,,,,,13,,3,0,,,,,,,,0,495,248,,,,,,0,,0
3/14/20,NV,,0,,0,,,,,0,,,168,0,,,,,,34,34,12,0,,,,,,,1245,444,1245,444,,,,,,0,,0
3/14/20,NY,,,,0,,,,,0,,,3609,1126,,,,,,517,517,164,0,,,,,,,4126,1290,4126,1290,,,,,,0,,0
3/14/20,OH,,,,0,,,,,0,,,50,0,,,,,,13,13,0,0,,,,,,,,0,63,0,,,,,,0,,0
3/14/20,OK,,,,0,,,,,0,,,36,0,,,,,,4,,1,0,,,,,,,,0,40,1,,,,,,0,,0
3/14/20,OR,,,,0,,,,,0,,,337,0,,,,,,30,,0,0,,,,,,,,0,,0,,,,,,0,,0
3/14/20,PA,,,,0,,,,,0,,,205,65,,,,,,47,,6,0,,,,,,,,0,252,71,,,,,252,71,,0
3/14/20,RI,,,,0,,,,,0,,,310,86,,,326,,,19,19,0,0,,,,,21,,257,56,257,56,,,,,329,86,347,90
3/14/20,SC,,,,0,,,,,0,,,110,35,,,,,,13,13,1,0,,,,,,,,0,123,36,,,,,,0,,0
3/14/20,SD,,,,0,,,,,0,,,182,109,,,,,,9,,0,0,,,,,,,,0,191,109,,,,,191,109,,0
3/14/20,TN,,,,0,,,,,0,,,130,14,,,,,,32,,6,0,,,,,,,,0,162,20,,,,,,0,,0
3/14/20,TX,,,,0,,,,,0,,,4369,960,,,,,,22,22,0,0,,,,,302,,,0,4391,960,,,,,,0,4391,960
3/14/20,UT,,,,0,,,,,0,,,381,166,,,383,,,6,6,0,0,,,,,12,,,0,395,172,,,,,390,170,395,172
3/14/20,VA,,,,0,,,,,0,,,117,0,,,,,,30,,0,0,,,,,2098,,6680,79,6680,79,,,,,,0,,0
3/14/20,VT,,,,0,,,,,0,,,218,86,,,,,,5,5,3,0,,,,,,,,0,238,89,,,,,223,89,238,89
3/14/20,WA,,51,,4,,,,,0,,,17142,2220,,,,,,827,827,179,0,,,,,,,18316,2376,18316,2376,,,,,17932,2329,,0
3/14/20,WI,,,,0,,,,,0,,,169,0,,,,,,23,19,0,0,,,,,,,306,130,306,130,,,,,,0,,0
3/14/20,WV,,,,0,,,,,0,,,26,9,,,,,,0,0,0,0,,,,,,,,0,26,9,,,,,,0,,0
3/14/20,WY,,,,0,,,,,0,,,,0,,,145,,,2,2,1,0,,,,,6,,,0,151,43,,,,,,0,151,43
3/13/20,AK,,0,,0,,1,1,,0,,,60,14,,,,,,,,0,0,,,,,,,,0,60,14,,,,,,0,60,14
3/13/20,AL,,,,0,,,,,0,,,11,1,,,,,,1,1,1,0,,,,,,,,0,12,2,,,,,12,2,,0
3/13/20,AR,,,,0,,,,,0,,,30,6,,,,,,9,9,3,0,,,,,,,,0,39,9,,,,,,0,39,9
3/13/20,AZ,,0,,0,,22,22,,6,,,94,12,,,,,,9,,0,0,,,,,,,,0,813,391,,,,,103,12,813,391
3/13/20,CA,,4,,0,,,,,0,,,916,0,,,,,,202,,0,0,,,,,,,,0,1118,0,,,,,,0,1118,0
3/13/20,CO,,1,,1,,,,,0,,,610,86,,,,,,101,,29,0,,,,,,,333,135,333,135,,,,,,0,,0
3/13/20,CT,,,,0,,,,,0,,,99,10,,,,,,6,,0,0,,,,,,,,0,105,10,,,,,,0,,0
3/13/20,DC,,,,0,,,,,0,,,20,0,,,,,,10,,0,0,,,,,,,30,0,30,0,,,,,,0,,0
3/13/20,DE,,0,0,0,0,,,,0,,,30,7,,,,,,4,,0,0,,,,,0,,19,7,19,7,,,,,,0,,0
3/13/20,FL,,2,,0,,,,,0,,,478,177,,,,,,31,,5,0,,,,,,,505,118,505,118,,,,,,0,,0
3/13/20,GA,,1,,1,,,,,0,,,,0,,,,,,42,,11,0,,,,,32,,,0,336,255,,,,,,0,336,255
3/13/20,HI,,,,0,,,,,0,,,,0,,,,,,2,,0,0,,,,,2,,21,5,21,5,,,,,,0,,0
3/13/20,IA,,,,0,,,,,0,,,83,16,,,,,,16,16,2,0,,,,,,,,0,99,18,,,,,,0,,0
3/13/20,ID,,,,0,,,,,0,,,131,38,,,,,,0,,0,0,,,,,,,,0,131,38,,,,,131,38,,0
3/13/20,IL,,,,0,,,,,0,,,294,28,,,,,,32,,7,0,,,,,,,,0,326,35,,,,,,0,,0
3/13/20,IN,,,,0,,,,,0,,,61,9,,,,,,12,,0,0,,,,,30,,,0,411,210,,,,,,0,411,210
3/13/20,KS,,,,0,,,,,0,,,93,52,,,,,,6,,2,0,,,,,,,,0,99,54,,,,,,0,,0
3/13/20,KY,,,,0,,,,,0,,,107,51,,,,,,11,,3,0,,,,,,,,0,118,54,,,,,,0,118,54
3/13/20,LA,,,,0,,,,,0,,,37,0,,,,,,36,36,22,0,,,,,,,,0,73,22,,,,,,0,,0
3/13/20,MA,,,,0,,,,,0,,,,0,,,,,,23,,15,0,,,,,234,,,0,2101,985,,,,,,0,2101,985
3/13/20,MD,,,,0,,,,,0,,,94,0,,,,,,17,17,5,0,,,,,,,,0,,0,,,,,,0,,0
3/13/20,ME,,,,0,,,,,0,,,91,26,,,,,,3,3,2,0,,,,,,,,0,94,28,,,,,,0,,0
3/13/20,MI,,,0,0,1,,,,0,,,133,42,,,,,,1361,1353,364,0,,,,,,,,0,1494,406,,,,,,0,,0
3/13/20,MN,,,,0,,,,,0,,,541,234,,,,,,62,62,19,0,,,,,,,603,253,603,253,,,,,,0,,0
3/13/20,MO,,,,0,,,,,0,,,71,7,,,76,,,2,2,1,0,,,,,11,,,0,87,22,,,,,,0,87,22
3/13/20,MS,,,,0,,,,,0,,,41,0,,,,,,4,,3,0,,,,,,,,0,45,3,,,,,,0,,0
3/13/20,MT,,,,0,,,,,0,,,55,21,,,,,,1,,0,0,,,,,,,,0,56,21,,,,,,0,,0
3/13/20,NC,,,,0,,,,,0,,,86,26,,,,,,15,,3,0,,,,,,,,0,101,29,,,,,,0,,0
3/13/20,ND,,0,,0,,,,,0,,,39,27,,,,,,1,1,0,0,,,,,,,29,12,29,12,,,,,28,12,40,14
3/13/20,NE,,,,0,,,,,0,,,80,0,,,185,,,13,,3,0,,,,,0,,,0,204,33,,,,,,0,204,33
3/13/20,NH,,,,0,,,,,0,,,94,0,,,,,,6,,0,0,,,,,,,,0,249,45,,,,,,0,249,45
3/13/20,NJ,,1,1,0,0,,,,0,,,97,23,,,,,,50,57,20,0,,,,,,,,0,147,43,,,,,147,43,,0
3/13/20,NM,,,,0,,,,,0,,,237,47,,,,,,10,,0,0,,,,,,,,0,247,47,,,,,,0,,0
3/13/20,NV,,0,,0,,,,,0,,,168,0,,,,,,22,22,10,0,,,,,,,801,347,801,347,,,,,,0,,0
3/13/20,NY,,,,0,,,,,0,,,2483,660,,,,,,353,353,102,0,,,,,,,2836,762,2836,762,,,,,,0,,0
3/13/20,OH,,,,0,,,,,0,,,50,20,,,,,,13,13,8,0,,,,,,,,0,63,28,,,,,,0,,0
3/13/20,OK,,,,0,,,,,0,,,36,0,,,,,,3,,0,0,,,,,,,,0,39,0,,,,,,0,,0
3/13/20,OR,,,,0,,,,,0,,,337,51,,,,,,30,,11,0,,,,,,,,0,,0,,,,,,0,,0
3/13/20,PA,,,,0,,,,,0,,,140,24,,,,,,41,,19,0,,,,,,,,0,181,43,,,,,181,43,,0
3/13/20,RI,,,,0,,,,,0,,,224,48,,,236,,,19,19,6,0,,,,,21,,201,51,201,51,,,,,243,54,257,56
3/13/20,SC,,,,0,,,,,0,,,75,27,,,,,,12,12,2,0,,,,,,,,0,87,29,,,,,,0,,0
3/13/20,SD,,,,0,,,,,0,,,73,46,,,,,,9,,1,0,,,,,,,,0,82,47,,,,,82,47,,0
3/13/20,TN,,,,0,,,,,0,,,116,37,,,,,,26,,8,0,,,,,,,,0,142,45,,,,,,0,,0
3/13/20,TX,,,,0,,,,,0,,,3409,655,,,,,,22,22,0,0,,,,,265,,,0,3431,655,,,,,,0,3431,655
3/13/20,UT,,,,0,,,,,0,,,215,89,,,217,,,6,6,2,0,,,,,6,,,0,223,93,,,,,220,91,223,93
3/13/20,VA,,,,0,,,,,0,,,117,0,,,,,,30,,13,0,,,,,2095,,6601,85,6601,85,,,,,,0,,0
3/13/20,VT,,,,0,,,,,0,,,132,44,,,,,,2,2,0,0,,,,,,,,0,149,50,,,,,134,44,149,50
3/13/20,WA,,47,,3,,,,,0,,,14922,4109,,,,,,648,648,133,0,,,,,,,15940,4326,15940,4326,,,,,15603,4234,,0
3/13/20,WI,,,,0,,,,,0,,,169,85,,,,,,23,19,14,0,,,,,,,176,71,176,71,,,,,,0,,0
3/13/20,WV,,,,0,,,,,0,,,17,10,,,,,,0,0,0,0,,,,,,,,0,17,10,,,,,,0,,0
3/13/20,WY,,,,0,,,,,0,,,,0,,,107,,,1,2,0,0,,,,,1,,,0,108,33,,,,,,0,108,33
3/12/20,AK,,0,,0,,1,1,,0,,,46,0,,,,,,,,0,0,,,,,,,,0,46,0,,,,,,0,46,0
3/12/20,AL,,,,0,,,,,0,,,10,0,,,,,,0,0,0,0,,,,,,,,0,10,0,,,,,10,0,,0
3/12/20,AR,,,,0,,,,,0,,,24,12,,,,,,6,6,6,0,,,,,,,,0,30,18,,,,,,0,30,18
3/12/20,AZ,,,,0,,16,16,,5,,,82,23,,,,,,9,,0,0,,,,,,,,0,422,137,,,,,91,23,422,137
3/12/20,CA,,4,,4,,,,,0,,,916,0,,,,,,202,,45,0,,,,,,,,0,1118,45,,,,,,0,1118,45
3/12/20,CO,,,,0,,,,,0,,,524,226,,,,,,72,,27,0,,,,,,,198,128,198,128,,,,,,0,,0
3/12/20,CT,,,,0,,,,,0,,,89,18,,,,,,6,,3,0,,,,,,,,0,95,21,,,,,,0,,0
3/12/20,DC,,,,0,,,,,0,,,20,0,,,,,,10,,5,0,,,,,,,30,5,30,5,,,,,,0,,0
3/12/20,DE,,0,0,0,0,,,,0,,,23,6,,,,,,4,,3,0,,,,,0,,12,2,12,2,,,,,,0,,0
3/12/20,FL,,2,,0,,,,,0,,,301,0,,,,,,26,,6,0,,,,,,,387,53,387,53,,,,,,0,,0
3/12/20,GA,,,,0,,,,,0,,,,0,,,,,,31,,9,0,,,,,7,,,0,81,37,,,,,,0,81,37
3/12/20,HI,,,,0,,,,,0,,,,0,,,,,,2,,0,0,,,,,2,,16,1,16,1,,,,,,0,,0
3/12/20,IA,,,,0,,,,,0,,,67,21,,,,,,14,14,1,0,,,,,,,,0,81,22,,,,,,0,,0
3/12/20,ID,,,,0,,,,,0,,,93,26,,,,,,0,,0,0,,,,,,,,0,93,26,,,,,93,26,,0
3/12/20,IL,,,,0,,,,,0,,,266,22,,,,,,25,,6,0,,,,,,,,0,291,28,,,,,,0,,0
3/12/20,IN,,,,0,,,,,0,,,52,19,,,,,,12,,2,0,,,,,16,,,0,201,68,,,,,,0,201,68
3/12/20,KS,,,,0,,,,,0,,,41,0,,,,,,4,,3,0,,,,,,,,0,45,3,,,,,,0,,0
3/12/20,KY,,,,0,,,,,0,,,56,10,,,,,,8,,0,0,,,,,,,,0,64,10,,,,,,0,64,10
3/12/20,LA,,,,0,,,,,0,,,37,0,,,,,,14,14,8,0,,,,,,,,0,51,8,,,,,,0,,0
3/12/20,MA,,,,0,,,,,0,,,,0,,,,,,8,,8,0,,,,,170,,,0,1116,432,,,,,,0,1116,432
3/12/20,MD,,,,0,,,,,0,,,94,0,,,,,,12,12,3,0,,,,,,,,0,,0,,,,,,0,,0
3/12/20,ME,,,,0,,,,,0,,,65,23,,,,,,1,1,1,0,,,,,,,,0,66,24,,,,,,0,,0
3/12/20,MI,,,0,0,1,,,,0,,,91,34,,,,,,997,996,270,0,,,,,,,,0,1088,304,,,,,,0,,0
3/12/20,MN,,,,0,,,,,0,,,307,90,,,,,,43,43,22,0,,,,,,,350,112,350,112,,,,,,0,,0
3/12/20,MO,,,,0,,,,,0,,,64,64,,,56,,,1,1,0,0,,,,,9,,,0,65,11,,,,,,0,65,11
3/12/20,MS,,,,0,,,,,0,,,41,21,,,,,,1,,1,0,,,,,,,,0,42,22,,,,,,0,,0
3/12/20,MT,,,,0,,,,,0,,,34,13,,,,,,1,,1,0,,,,,,,,0,35,14,,,,,,0,,0
3/12/20,NC,,,,0,,,,,0,,,60,60,,,,,,12,,5,0,,,,,,,,0,72,65,,,,,,0,,0
3/12/20,ND,,,,0,,,,,0,,,12,5,,,,,,1,1,1,0,,,,,,,17,8,17,8,,,,,16,8,26,12
3/12/20,NE,,,,0,,,,,0,,,80,33,,,152,,,10,,5,0,,,,,0,,,0,171,21,,,,,,0,171,21
3/12/20,NH,,,,0,,,,,0,,,94,56,,,,,,6,,2,0,,,,,,,,0,204,42,,,,,,0,204,42
3/12/20,NJ,,1,1,0,0,,,,0,,,74,17,,,,,,30,32,6,0,,,,,,,,0,104,23,,,,,104,23,,0
3/12/20,NM,,,,0,,,,,0,,,190,35,,,,,,10,,5,0,,,,,,,,0,200,40,,,,,,0,,0
3/12/20,NV,,0,,0,,,,,0,,,168,0,,,,,,12,12,3,0,,,,,,,454,146,454,146,,,,,,0,,0
3/12/20,NY,,,,0,,,,,0,,,1823,497,,,,,,251,251,56,0,,,,,,,2074,553,2074,553,,,,,,0,,0
3/12/20,OH,,,,0,,,,,0,,,30,9,,,,,,5,5,1,0,,,,,,,,0,35,10,,,,,,0,,0
3/12/20,OK,,,,0,,,,,0,,,36,21,,,,,,3,,1,0,,,,,,,,0,39,22,,,,,,0,,0
3/12/20,OR,,,,0,,,,,0,,,286,0,,,,,,19,,0,0,,,,,,,,0,,0,,,,,,0,,0
3/12/20,PA,,,,0,,,,,0,,,116,28,,,,,,22,,6,0,,,,,,,,0,138,34,,,,,138,34,,0
3/12/20,RI,,,,0,,,,,0,,,176,37,,,186,,,13,13,8,0,,,,,15,,150,34,150,34,,,,,189,45,201,51
3/12/20,SC,,,,0,,,,,0,,,48,16,,,,,,10,10,1,0,,,,,,,,0,58,17,,,,,,0,,0
3/12/20,SD,,,,0,,,,,0,,,27,14,,,,,,8,,3,0,,,,,,,,0,35,17,,,,,35,17,,0
3/12/20,TN,,,,0,,,,,0,,,79,29,,,,,,18,,11,0,,,,,,,,0,97,40,,,,,,0,,0
3/12/20,TX,,,,0,,,,,0,,,2754,301,,,,,,22,22,4,0,,,,,239,,,0,2776,305,,,,,,0,2776,305
3/12/20,UT,,,,0,,,,,0,,,126,56,,,126,,,4,4,2,0,,,,,4,,,0,130,58,,,,,129,57,130,58
3/12/20,VA,,,,0,,,,,0,,,117,57,,,,,,17,,8,0,,,,,2094,,6516,32,6516,32,,,,,,0,,0
3/12/20,VT,,,,0,,,,,0,,,88,31,,,,,,2,2,1,0,,,,,,,,0,99,33,,,,,90,32,99,33
3/12/20,WA,,44,,4,,,,,0,,,10813,3630,,,,,,515,515,110,0,,,,,,,11614,3809,11614,3809,,,,,11369,3764,,0
3/12/20,WI,,,,0,,,,,0,,,84,41,,,,,,9,8,6,0,,,,,,,105,46,105,46,,,,,,0,,0
3/12/20,WV,,,,0,,,,,0,,,7,4,,,,,,0,0,0,0,,,,,,,,0,7,4,,,,,,0,,0
3/12/20,WY,,,,0,,,,,0,,,,0,,,74,,,1,1,1,0,,,,,1,,,0,75,38,,,,,,0,75,38
3/11/20,AK,,0,,0,,1,1,,0,,,46,23,,,,,,,,0,0,,,,,,,,0,46,23,,,,,,0,46,23
3/11/20,AL,,,,0,,,,,0,,,10,10,,,,,,0,0,0,0,,,,,,,,0,10,10,,,,,10,10,,0
3/11/20,AR,,,,0,,,,,0,,,12,0,,,,,,0,0,0,0,,,,,,,,0,12,0,,,,,,0,12,0
3/11/20,AZ,,,,0,,11,11,,3,,,59,8,,,,,,9,,3,0,,,,,,,,0,285,63,,,,,68,11,285,63
3/11/20,CA,,,,0,,,,,0,,,916,226,,,,,,157,,24,0,,,,,,,,0,1073,250,,,,,,0,1073,250
3/11/20,CO,,,,0,,,,,0,,,298,47,,,,,,45,,17,0,,,,,,,70,70,70,70,,,,,,0,,0
3/11/20,CT,,,,0,,,,,0,,,71,17,,,,,,3,,1,0,,,,,,,,0,74,18,,,,,,0,,0
3/11/20,DC,,,,0,,,,,0,,,20,3,,,,,,5,,0,0,,,,,,,25,3,25,3,,,,,,0,,0
3/11/20,DE,,0,0,0,0,,,,0,,,17,0,,,,,,1,,1,0,,,,,0,,10,10,10,10,,,,,,0,,0
3/11/20,FL,,2,,2,,,,,0,,,301,79,,,,,,20,,2,0,,,,,,,334,71,334,71,,,,,,0,,0
3/11/20,GA,,,,0,,,,,0,,,,0,,,,,,22,,5,0,,,,,4,,,0,44,15,,,,,,0,44,15
3/11/20,HI,,,,0,,,,,0,,,,0,,,,,,2,,0,0,,,,,2,,15,3,15,3,,,,,,0,,0
3/11/20,IA,,,,0,,,,,0,,,46,14,,,,,,13,13,5,0,,,,,,,,0,59,19,,,,,,0,,0
3/11/20,ID,,,,0,,,,,0,,,67,26,,,,,,0,,0,0,,,,,,,,0,67,26,,,,,67,26,,0
3/11/20,IL,,,,0,,,,,0,,,244,0,,,,,,19,,0,0,,,,,,,,0,263,0,,,,,,0,,0
3/11/20,IN,,,,0,,,,,0,,,33,3,,,,,,10,,4,0,,,,,10,,,0,133,58,,,,,,0,133,58
3/11/20,KS,,,,0,,,,,0,,,41,24,,,,,,1,,0,0,,,,,,,,0,42,24,,,,,,0,,0
3/11/20,KY,,,,0,,,,,0,,,46,18,,,,,,8,,2,0,,,,,,,,0,54,20,,,,,,0,54,20
3/11/20,LA,,,,0,,,,,0,,,37,26,,,,,,6,6,5,0,,,,,,,,0,43,31,,,,,,0,,0
3/11/20,MA,,,,0,,,,,0,,,,0,,,,,,,,0,0,,,,,141,,,0,684,182,,,,,,0,684,182
3/11/20,MD,,,,0,,,,,0,,,94,5,,,,,,9,9,3,0,,,,,,,,0,,0,,,,,,0,,0
3/11/20,ME,,,,0,,,,,0,,,42,22,,,,,,0,0,0,0,,,,,,,,0,42,22,,,,,,0,,0
3/11/20,MI,,,0,0,0,,,,0,,,57,18,,,,,,727,727,199,0,,,,,,,,0,784,217,,,,,,0,,0
3/11/20,MN,,,,0,,,,,0,,,217,85,,,,,,21,21,10,0,,,,,,,238,95,238,95,,,,,,0,,0
3/11/20,MO,,,,0,,,,,0,,,,0,,,46,,,1,1,0,0,,,,,8,,,0,54,12,,,,,,0,54,12
3/11/20,MS,,,,0,,,,,0,,,20,20,,,,,,0,,0,0,,,,,,,,0,20,20,,,,,,0,,0
3/11/20,MT,,,,0,,,,,0,,,21,6,,,,,,0,,0,0,,,,,,,,0,21,6,,,,,,0,,0
3/11/20,NC,,,,0,,,,,0,,,,0,,,,,,7,,0,0,,,,,,,,0,7,0,,,,,,0,,0
3/11/20,ND,,,,0,,,,,0,,,7,1,,,,,,0,0,0,0,,,,,,,9,2,9,2,,,,,8,1,14,2
3/11/20,NE,,,,0,,,,,0,,,47,0,,,134,,,5,,2,0,,,,,0,,,0,150,34,,,,,,0,150,34
3/11/20,NH,,,,0,,,,,0,,,38,0,,,,,,4,,0,0,,,,,,,,0,162,44,,,,,,0,162,44
3/11/20,NJ,,1,1,1,0,,,,0,,,57,13,,,,,,24,23,9,0,,,,,,,,0,81,22,,,,,81,22,,0
3/11/20,NM,,,,0,,,,,0,,,155,68,,,,,,5,,2,0,,,,,,,,0,160,70,,,,,,0,,0
3/11/20,NV,,0,,0,,,,,0,,,168,154,,,,,,9,9,4,0,,,,,,,308,107,308,107,,,,,,0,,0
3/11/20,NY,,,,0,,,,,0,,,1326,381,,,,,,195,195,44,0,,,,,,,1521,425,1521,425,,,,,,0,,0
3/11/20,OH,,,,0,,,,,0,,,21,7,,,,,,4,4,1,0,,,,,,,,0,25,8,,,,,,0,,0
3/11/20,OK,,,,0,,,,,0,,,15,0,,,,,,2,,0,0,,,,,,,,0,17,0,,,,,,0,,0
3/11/20,OR,,,,0,,,,,0,,,286,73,,,,,,19,,4,0,,,,,,,,0,,0,,,,,,0,,0
3/11/20,PA,,,,0,,,,,0,,,88,88,,,,,,16,,4,0,,,,,,,,0,104,92,,,,,104,104,,0
3/11/20,RI,,,,0,,,,,0,,,139,34,,,144,,,5,5,0,0,,,,,6,,116,27,116,27,,,,,144,34,150,34
3/11/20,SC,,,,0,,,,,0,,,32,8,,,,,,9,9,2,0,,,,,,,,0,41,10,,,,,,0,,0
3/11/20,SD,,,,0,,,,,0,,,13,2,,,,,,5,,5,0,,,,,,,,0,18,7,,,,,18,7,,0
3/11/20,TN,,,,0,,,,,0,,,50,50,,,,,,7,,0,0,,,,,,,,0,57,50,,,,,,0,,0
3/11/20,TX,,,,0,,,,,0,,,2453,132,,,,,,18,18,3,0,,,,,215,,,0,2471,135,,,,,,0,2471,135
3/11/20,UT,,,,0,,,,,0,,,70,26,,,70,,,2,2,0,0,,,,,2,,,0,72,26,,,,,72,26,72,26
3/11/20,VA,,,,0,,,,,0,,,60,7,,,,,,9,,1,0,,,,,2092,,6484,11,6484,11,,,,,,0,,0
3/11/20,VT,,,,0,,,,,0,,,57,23,,,,,,1,1,0,0,,,,,,,,0,66,28,,,,,58,23,66,28
3/11/20,WA,,40,,3,,,,,0,,,7183,2185,,,,,,405,405,62,0,,,,,,,7805,2319,7805,2319,,,,,7605,2267,,0
3/11/20,WI,,,,0,,,,,0,,,43,7,,,,,,3,3,1,0,,,,,,,59,19,59,19,,,,,,0,,0
3/11/20,WV,,,,0,,,,,0,,,3,1,,,,,,0,0,0,0,,,,,,,,0,3,1,,,,,,0,,0
3/11/20,WY,,,,0,,,,,0,,,,0,,,37,,,0,,0,0,,,,,0,,,0,37,11,,,,,,0,37,11
3/10/20,AK,,0,,0,,1,1,,0,,,23,0,,,,,,,,0,0,,,,,,,,0,23,0,,,,,,0,23,0
3/10/20,AL,,,,0,,,,,0,,,0,0,,,,,,0,0,0,0,,,,,,,,0,0,0,,,,,0,0,,0
3/10/20,AR,,,,0,,,,,0,,,12,0,,,,,,0,0,0,0,,,,,,,,0,12,0,,,,,,0,12,0
3/10/20,AZ,,,,0,,8,8,,0,,,51,7,,,,,,6,,1,0,,,,,,,,0,222,75,,,,,57,8,222,75
3/10/20,CA,,,,0,,,,,0,,,690,0,,,,,,133,,19,0,,,,,,,,0,823,19,,,,,,0,823,19
3/10/20,CO,,,,0,,,,,0,,,251,109,,,,,,28,,16,0,,,,,,,,0,,0,,,,,,0,,0
3/10/20,CT,,,,0,,,,,0,,,54,8,,,,,,2,,1,0,,,,,,,,0,56,9,,,,,,0,,0
3/10/20,DC,,,,0,,,,,0,,,17,3,,,,,,5,,4,0,,,,,,,22,7,22,7,,,,,,0,,0
3/10/20,DE,,0,0,0,0,,,,0,,,17,2,,,,,,0,,0,0,,,,,,,,0,,0,,,,,,0,,0
3/10/20,FL,,,,0,,,,,0,,,222,82,,,,,,18,,5,0,,,,,,,263,84,263,84,,,,,,0,,0
3/10/20,GA,,,,0,,,,,0,,,,0,,,,,,17,,5,0,,,,,2,,,0,29,23,,,,,,0,29,23
3/10/20,HI,,,,0,,,,,0,,,,0,,,,,,2,,0,0,,,,,2,,12,1,12,1,,,,,,0,,0
3/10/20,IA,,,,0,,,,,0,,,32,6,,,,,,8,8,5,0,,,,,,,,0,40,11,,,,,,0,,0
3/10/20,ID,,,,0,,,,,0,,,41,0,,,,,,0,,0,0,,,,,,,,0,41,0,,,,,41,0,,0
3/10/20,IL,,,,0,,,,,0,,,244,53,,,,,,19,,12,0,,,,,,,,0,263,65,,,,,,0,,0
3/10/20,IN,,,,0,,,,,0,,,30,30,,,,,,6,,4,0,,,,,9,,,0,75,33,,,,,,0,75,33
3/10/20,KS,,,,0,,,,,0,,,17,6,,,,,,1,,0,0,,,,,,,,0,18,6,,,,,,0,,0
3/10/20,KY,,,,0,,,,,0,,,28,11,,,,,,6,,2,0,,,,,,,,0,34,13,,,,,,0,34,13
3/10/20,LA,,,,0,,,,,0,,,11,6,,,,,,1,1,0,0,,,,,,,,0,12,6,,,,,,0,,0
3/10/20,MA,,,,0,,,,,0,,,,0,,,,,,,,0,0,,,,,118,,,0,502,109,,,,,,0,502,109
3/10/20,MD,,,,0,,,,,0,,,89,16,,,,,,6,6,1,0,,,,,,,,0,,0,,,,,,0,,0
3/10/20,ME,,,,0,,,,,0,,,20,19,,,,,,0,0,0,0,,,,,,,,0,20,19,,,,,,0,,0
3/10/20,MI,,,0,0,0,,,,0,,,39,3,,,,,,528,528,156,0,,,,,,,,0,567,159,,,,,,0,,0
3/10/20,MN,,,,0,,,,,0,,,132,52,,,,,,11,11,6,0,,,,,,,143,58,143,58,,,,,,0,,0
3/10/20,MO,,,,0,,,,,0,,,,0,,,34,,,1,1,0,0,,,,,8,,,0,42,6,,,,,,0,42,6
3/10/20,MS,,,,0,,,,,0,,,,0,,,,,,0,,0,0,,,,,,,,0,0,0,,,,,,0,,0
3/10/20,MT,,,,0,,,,,0,,,15,4,,,,,,0,,0,0,,,,,,,,0,15,4,,,,,,0,,0
3/10/20,NC,,,,0,,,,,0,,,,0,,,,,,7,,5,0,,,,,,,,0,7,5,,,,,,0,,0
3/10/20,ND,,,,0,,,,,0,,,6,6,,,,,,0,0,0,0,,,,,,,7,7,7,7,,,,,7,7,12,12
3/10/20,NE,,,,0,,,,,0,,,47,11,,,102,,,3,,0,0,,,,,0,,,0,116,15,,,,,,0,116,15
3/10/20,NH,,,,0,,,,,0,,,38,0,,,,,,4,,0,0,,,,,,,,0,118,25,,,,,,0,118,25
3/10/20,NJ,,0,,0,0,,,,0,,,44,9,,,,,,15,16,4,0,,,,,,,,0,59,13,,,,,59,13,,0
3/10/20,NM,,,,0,,,,,0,,,87,18,,,,,,3,,3,0,,,,,,,,0,90,21,,,,,,0,,0
3/10/20,NV,,0,,0,,,,,0,,,14,0,,,,,,5,5,0,0,,,,,,,201,75,201,75,,,,,,0,,0
3/10/20,NY,,,,0,,,,,0,,,945,338,,,,,,151,151,63,0,,,,,,,1096,401,1096,401,,,,,,0,,0
3/10/20,OH,,,,0,,,,,0,,,14,3,,,,,,3,3,0,0,,,,,,,,0,17,3,,,,,,0,,0
3/10/20,OK,,,,0,,,,,0,,,15,7,,,,,,2,,1,0,,,,,,,,0,17,8,,,,,,0,,0
3/10/20,OR,,,,0,,,,,0,,,213,48,,,,,,15,,1,0,,,,,,,,0,,0,,,,,,0,,0
3/10/20,PA,,,,0,,,,,0,,,,0,,,,,,12,,2,0,,,,,,,,0,12,2,,,,,,0,,0
3/10/20,RI,,,,0,,,,,0,,,105,23,,,110,,,5,5,1,0,,,,,6,,89,16,89,16,,,,,110,24,116,27
3/10/20,SC,,,,0,,,,,0,,,24,0,,,,,,7,7,0,0,,,,,,,,0,31,0,,,,,,0,,0
3/10/20,SD,,,,0,,,,,0,,,11,6,,,,,,0,,0,0,,,,,,,,0,11,6,,,,,11,6,,0
3/10/20,TN,,,,0,,,,,0,,,,0,,,,,,7,,4,0,,,,,,,,0,7,4,,,,,,0,,0
3/10/20,TX,,,,0,,,,,0,,,2321,47,,,,,,15,15,3,0,,,,,209,,,0,2336,50,,,,,,0,2336,50
3/10/20,UT,,,,0,,,,,0,,,44,11,,,44,,,2,2,1,0,,,,,2,,,0,46,12,,,,,46,12,46,12
3/10/20,VA,,,,0,,,,,0,,,53,15,,,,,,8,,5,0,,,,,2092,,6473,10,6473,10,,,,,,0,,0
3/10/20,VT,,,,0,,,,,0,,,34,6,,,,,,1,1,0,0,,,,,,,,0,38,7,,,,,35,6,38,7
3/10/20,WA,,37,,2,,,,,0,,,4998,1703,,,,,,343,343,61,0,,,,,,,5486,1813,5486,1813,,,,,5338,1784,,0
3/10/20,WI,,,,0,,,,,0,,,36,0,,,,,,2,2,1,0,,,,,,,40,9,40,9,,,,,,0,,0
3/10/20,WV,,,,0,,,,,0,,,2,0,,,,,,0,0,0,0,,,,,,,,0,2,0,,,,,,0,,0
3/10/20,WY,,,,0,,,,,0,,,0,0,,,26,,,0,,0,0,,,,,0,,,0,26,7,,,,,,0,26,7
3/9/20,AK,,0,,0,,1,1,,1,,,23,9,,,,,,,,0,0,,,,,,,,0,23,9,,,,,,0,23,9
3/9/20,AL,,,,0,,,,,0,,,,0,,,,,,0,0,0,0,,,,,,,,0,0,0,,,,,0,0,,0
3/9/20,AR,,,,0,,,,,0,,,12,6,,,,,,0,0,0,0,,,,,,,,0,12,6,,,,,,0,12,6
3/9/20,AZ,,,,0,,8,8,,2,,,44,0,,,,,,5,,0,0,,,,,,,,0,147,17,,,,,49,0,147,17
3/9/20,CA,,,,0,,,,,0,,,690,228,,,,,,114,,26,0,,,,,,,,0,804,254,,,,,,0,804,254
3/9/20,CO,,,,0,,,,,0,,,142,9,,,,,,12,,3,0,,,,,,,,0,,0,,,,,,0,,0
3/9/20,CT,,,,0,,,,,0,,,46,17,,,,,,1,,0,0,,,,,,,,0,47,17,,,,,,0,,0
3/9/20,DC,,,,0,,,,,0,,,14,4,,,,,,1,,0,0,,,,,,,15,4,15,4,,,,,,0,,0
3/9/20,DE,,0,0,0,0,,,,0,,,15,5,,,,,,0,,0,0,,,,,,,,0,,0,,,,,,0,,0
3/9/20,FL,,,,0,,,,,0,,,140,22,,,,,,13,,1,0,,,,,,,179,36,179,36,,,,,,0,,0
3/9/20,GA,,,,0,,,,,0,,,,0,,,,,,12,,5,0,,,,,1,,,0,6,6,,,,,,0,6,6
3/9/20,HI,,,,0,,,,,0,,,,0,,,,,,2,,1,0,,,,,1,,11,2,11,2,,,,,,0,,0
3/9/20,IA,,,,0,,,,,0,,,26,11,,,,,,3,3,3,0,,,,,,,,0,29,14,,,,,,0,,0
3/9/20,ID,,,,0,,,,,0,,,41,14,,,,,,0,,0,0,,,,,,,,0,41,14,,,,,41,14,,0
3/9/20,IL,,,,0,,,,,0,,,191,0,,,,,,7,,1,0,,,,,,,,0,198,1,,,,,,0,,0
3/9/20,IN,,,,0,,,,,0,,,,0,,,,,,2,,0,0,,,,,3,,,0,42,9,,,,,,0,42,9
3/9/20,KS,,,,0,,,,,0,,,11,0,,,,,,1,,0,0,,,,,,,,0,12,0,,,,,,0,,0
3/9/20,KY,,,,0,,,,,0,,,17,4,,,,,,4,,3,0,,,,,,,,0,21,7,,,,,,0,21,7
3/9/20,LA,,,,0,,,,,0,,,5,0,,,,,,1,1,1,0,,,,,,,,0,6,1,,,,,,0,,0
3/9/20,MA,,,,0,,,,,0,,,,0,,,,,,,,0,0,,,,,104,,,0,393,81,,,,,,0,393,81
3/9/20,MD,,,,0,,,,,0,,,73,21,,,,,,5,5,2,0,,,,,,,,0,,0,,,,,,0,,0
3/9/20,ME,,,,0,,,,,0,,,1,0,,,,,,0,0,0,0,,,,,,,,0,1,0,,,,,,0,,0
3/9/20,MI,,,0,0,0,,,,0,,,36,10,,,,,,372,372,121,0,,,,,,,,0,408,131,,,,,,0,,0
3/9/20,MN,,,,0,,,,,0,,,80,32,,,,,,5,5,3,0,,,,,,,85,35,85,35,,,,,,0,,0
3/9/20,MO,,,,0,,,,,0,,,,0,,,29,,,1,1,0,0,,,,,7,,,0,36,5,,,,,,0,36,5
3/9/20,MS,,,,0,,,,,0,,,,0,,,,,,0,,0,0,,,,,,,,0,0,0,,,,,,0,,0
3/9/20,MT,,,,0,,,,,0,,,11,0,,,,,,0,,0,0,,,,,,,,0,11,0,,,,,,0,,0
3/9/20,NC,,,,0,,,,,0,,,,0,,,,,,2,,0,0,,,,,,,,0,2,0,,,,,,0,,0
3/9/20,ND,,,,0,,,,,0,,,0,0,,,,,,,,0,0,,,,,,,,0,,0,,,,,,0,,0
3/9/20,NE,,,,0,,,,,0,,,36,19,,,88,,,3,,2,0,,,,,0,,,0,101,9,,,,,,0,101,9
3/9/20,NH,,,,0,,,,,0,,,38,0,,,,,,4,,0,0,,,,,,,,0,93,17,,,,,,0,93,17
3/9/20,NJ,,0,,0,0,,,,0,,,35,4,,,,,,11,15,5,0,,,,,,,,0,46,9,,,,,46,9,,0
3/9/20,NM,,,,0,,,,,0,,,69,12,,,,,,0,,0,0,,,,,,,,0,69,12,,,,,,0,,0
3/9/20,NV,,0,,0,,,,,0,,,14,0,,,,,,5,5,1,0,,,,,,,126,23,126,23,,,,,,0,,0
3/9/20,NY,,,,0,,,,,0,,,607,279,,,,,,88,88,28,0,,,,,,,695,307,695,307,,,,,,0,,0
3/9/20,OH,,,,0,,,,,0,,,11,1,,,,,,3,3,3,0,,,,,,,,0,14,4,,,,,,0,,0
3/9/20,OK,,,,0,,,,,0,,,8,0,,,,,,1,,0,0,,,,,,,,0,9,0,,,,,,0,,0
3/9/20,OR,,,,0,,,,,0,,,165,65,,,,,,14,,0,0,,,,,,,,0,,0,,,,,,0,,0
3/9/20,PA,,,,0,,,,,0,,,,0,,,,,,10,,4,0,,,,,,,,0,10,4,,,,,,0,,0
3/9/20,RI,,,,0,,,,,0,,,82,15,,,85,,,4,4,1,0,,,,,4,,73,18,73,18,,,,,86,16,89,16
3/9/20,SC,,,,0,,,,,0,,,24,16,,,,,,7,7,5,0,,,,,,,,0,31,21,,,,,,0,,0
3/9/20,SD,,,,0,,,,,0,,,5,0,,,,,,0,,0,0,,,,,,,,0,5,0,,,,,5,0,,0
3/9/20,TN,,,,0,,,,,0,,,,0,,,,,,3,,0,0,,,,,,,,0,3,0,,,,,,0,,0
3/9/20,TX,,,,0,,,,,0,,,2274,11,,,,,,12,12,7,0,,,,,203,,,0,2286,18,,,,,,0,2286,18
3/9/20,UT,,,,0,,,,,0,,,33,7,,,33,,,1,1,0,0,,,,,1,,,0,34,7,,,,,34,7,34,7
3/9/20,VA,,,,0,,,,,0,,,38,2,,,,,,3,,1,0,,,,,2092,,6463,1,6463,1,,,,,,0,,0
3/9/20,VT,,,,0,,,,,0,,,28,5,,,,,,1,1,0,0,,,,,,,,0,31,5,,,,,29,5,31,5
3/9/20,WA,,35,,4,,,,,0,,,3295,980,,,,,,282,282,38,0,,,,,,,3673,1041,3673,1041,,,,,3554,1024,,0
3/9/20,WI,,,,0,,,,,0,,,36,5,,,,,,1,1,0,0,,,,,,,31,0,31,0,,,,,,0,,0
3/9/20,WV,,,,0,,,,,0,,,2,0,,,,,,0,0,0,0,,,,,,,,0,2,0,,,,,,0,,0
3/9/20,WY,,,,0,,,,,0,,,,0,,,19,,,0,,0,0,,,,,0,,,0,19,10,,,,,,0,19,10
3/8/20,AK,,0,,0,,,,,0,,,14,2,,,,,,,,0,0,,,,,,,,0,14,2,,,,,,0,14,2
3/8/20,AL,,,,0,,,,,0,,,,0,,,,,,0,0,0,0,,,,,,,,0,0,0,,,,,0,0,,0
3/8/20,AR,,,,0,,,,,0,,,6,0,,,,,,0,0,0,0,,,,,,,,0,6,0,,,,,,0,6,0
3/8/20,AZ,,,,0,,6,6,,0,,,44,0,,,,,,5,,0,0,,,,,,,,0,130,13,,,,,49,0,130,13
3/8/20,CA,,,,0,,,,,0,,,462,0,,,,,,88,,19,0,,,,,,,,0,550,19,,,,,,0,550,19
3/8/20,CO,,,,0,,,,,0,,,133,29,,,,,,9,,1,0,,,,,,,,0,,0,,,,,,0,,0
3/8/20,CT,,,,0,,,,,0,,,29,29,,,,,,1,,1,0,,,,,,,,0,30,30,,,,,,0,,0
3/8/20,DC,,,,0,,,,,0,,,10,2,,,,,,1,,1,0,,,,,,,11,3,11,3,,,,,,0,,0
3/8/20,DE,,0,0,0,0,,,,0,,,10,0,,,,,,0,,0,0,,,,,,,,0,,0,,,,,,0,,0
3/8/20,FL,,,,0,,,,,0,,,118,18,,,,,,12,,4,0,,,,,,,143,27,143,27,,,,,,0,,0
3/8/20,GA,,,,0,,,,,0,,,,0,,,,,,7,,1,0,,,,,0,,,0,0,0,,,,,,0,0,0
3/8/20,HI,,,,0,,,,,0,,,,0,,,,,,1,,0,0,,,,,1,,9,2,9,2,,,,,,0,,0
3/8/20,IA,,,,0,,,,,0,,,15,0,,,,,,0,0,0,0,,,,,,,,0,15,0,,,,,,0,,0
3/8/20,ID,,,,0,,,,,0,,,27,0,,,,,,0,,0,0,,,,,,,,0,27,0,,,,,27,0,,0
3/8/20,IL,,,,0,,,,,0,,,191,0,,,,,,6,,0,0,,,,,,,,0,197,0,,,,,,0,,0
3/8/20,IN,,,,0,,,,,0,,,,0,,,,,,2,,1,0,,,,,1,,,0,33,6,,,,,,0,33,6
3/8/20,KS,,,,0,,,,,0,,,11,0,,,,,,1,,1,0,,,,,,,,0,12,1,,,,,,0,,0
3/8/20,KY,,,,0,,,,,0,,,13,4,,,,,,1,,0,0,,,,,,,,0,14,4,,,,,,0,14,4
3/8/20,LA,,,,0,,,,,0,,,5,5,,,,,,0,0,0,0,,,,,,,,0,5,5,,,,,,0,,0
3/8/20,MA,,,,0,,,,,0,,,,0,,,,,,,,0,0,,,,,97,,,0,312,61,,,,,,0,312,61
3/8/20,MD,,,,0,,,,,0,,,52,11,,,,,,3,3,0,0,,,,,,,,0,,0,,,,,,0,,0
3/8/20,ME,,,,0,,,,,0,,,1,0,,,,,,0,0,0,0,,,,,,,,0,1,0,,,,,,0,,0
3/8/20,MI,,,0,0,0,,,,0,,,26,8,,,,,,251,251,63,0,,,,,,,,0,277,71,,,,,,0,,0
3/8/20,MN,,,,0,,,,,0,,,48,0,,,,,,2,2,0,0,,,,,,,50,0,50,0,,,,,,0,,0
3/8/20,MO,,,,0,,,,,0,,,,0,,,24,,,1,1,1,0,,,,,7,,,0,31,8,,,,,,0,31,8
3/8/20,MS,,,,0,,,,,0,,,,0,,,,,,0,,0,0,,,,,,,,0,0,0,,,,,,0,,0
3/8/20,MT,,,,0,,,,,0,,,11,0,,,,,,0,,0,0,,,,,,,,0,11,0,,,,,,0,,0
3/8/20,NC,,,,0,,,,,0,,,,0,,,,,,2,,0,0,,,,,,,,0,2,0,,,,,,0,,0
3/8/20,ND,,,,0,,,,,0,,,0,0,,,,,,,,0,0,,,,,,,,0,,0,,,,,,0,,0
3/8/20,NE,,,,0,,,,,0,,,17,0,,,81,,,1,,0,0,,,,,0,,,0,92,13,,,,,,0,92,13
3/8/20,NH,,,,0,,,,,0,,,38,18,,,,,,4,,2,0,,,,,,,,0,76,30,,,,,,0,76,30
3/8/20,NJ,,0,,0,0,,,,0,,,31,31,,,,,,6,6,2,0,,,,,,,,0,37,33,,,,,37,33,,0
3/8/20,NM,,,,0,,,,,0,,,57,9,,,,,,0,,0,0,,,,,,,,0,57,9,,,,,,0,,0
3/8/20,NV,,0,,0,,,,,0,,,14,0,,,,,,4,4,0,0,,,,,,,103,30,103,30,,,,,,0,,0
3/8/20,NY,,,,0,,,,,0,,,328,176,,,,,,60,60,24,0,,,,,,,388,200,388,200,,,,,,0,,0
3/8/20,OH,,,,0,,,,,0,,,10,1,,,,,,0,0,0,0,,,,,,,,0,10,1,,,,,,0,,0
3/8/20,OK,,,,0,,,,,0,,,8,8,,,,,,1,,0,0,,,,,,,,0,9,8,,,,,,0,,0
3/8/20,OR,,,,0,,,,,0,,,100,23,,,,,,14,,7,0,,,,,,,,0,,0,,,,,,0,,0
3/8/20,PA,,,,0,,,,,0,,,,0,,,,,,6,,2,0,,,,,,,,0,6,2,,,,,,0,,0
3/8/20,RI,,,,0,,,,,0,,,67,18,,,70,,,3,3,0,0,,,,,3,,55,19,55,19,,,,,70,18,73,18
3/8/20,SC,,,,0,,,,,0,,,8,0,,,,,,2,2,0,0,,,,,,,,0,10,0,,,,,,0,,0
3/8/20,SD,,,,0,,,,,0,,,5,0,,,,,,0,,0,0,,,,,,,,0,5,0,,,,,5,0,,0
3/8/20,TN,,,,0,,,,,0,,,,0,,,,,,3,,2,0,,,,,,,,0,3,2,,,,,,0,,0
3/8/20,TX,,,,0,,,,,0,,,2263,8,,,,,,5,5,0,0,,,,,202,,,0,2268,8,,,,,,0,2268,8
3/8/20,UT,,,,0,,,,,0,,,26,11,,,26,,,1,1,0,0,,,,,1,,,0,27,11,,,,,27,11,27,11
3/8/20,VA,,,,0,,,,,0,,,36,5,,,,,,2,,2,0,,,,,2092,,6462,5,6462,5,,,,,,0,,0
3/8/20,VT,,,,0,,,,,0,,,23,23,,,,,,1,1,1,0,,,,,,,,0,26,9,,,,,24,24,26,9
3/8/20,WA,,31,,4,,,,,0,,,2315,479,,,,,,244,244,38,0,,,,,,,2632,540,2632,540,,,,,2530,523,,0
3/8/20,WI,,,,0,,,,,0,,,31,0,,,,,,1,1,0,0,,,,,,,31,0,31,0,,,,,,0,,0
3/8/20,WV,,,,0,,,,,0,,,2,0,,,,,,0,0,0,0,,,,,,,,0,2,0,,,,,,0,,0
3/8/20,WY,,,,0,,,,,0,,,,0,,,9,,,0,,0,0,,,,,0,,,0,9,1,,,,,,0,9,1
3/7/20,AK,,0,,0,,,,,0,,,12,4,,,,,,,,0,0,,,,,,,,0,12,4,,,,,,0,12,4
3/7/20,AL,,,,0,,,,,0,,,,0,,,,,,0,0,0,0,,,,,,,,0,0,0,,,,,0,0,,0
3/7/20,AR,,,,0,,,,,0,,,6,0,,,,,,0,0,0,0,,,,,,,,0,6,0,,,,,,0,6,0
3/7/20,AZ,,,,0,,6,6,,0,,,44,11,,,,,,5,,2,0,,,,,,,,0,117,37,,,,,49,13,117,37
3/7/20,CA,,,,0,,,,,0,,,462,0,,,,,,69,,9,0,,,,,,,,0,531,9,,,,,,0,531,9
3/7/20,CO,,,,0,,,,,0,,,104,49,,,,,,8,,0,0,,,,,,,,0,,0,,,,,,0,,0
3/7/20,CT,,,,0,,,,,0,,,,0,,,,,,0,,0,0,,,,,,,,0,0,0,,,,,,0,,0
3/7/20,DC,,,,0,,,,,0,,,8,0,,,,,,0,,0,0,,,,,,,8,0,8,0,,,,,,0,,0
3/7/20,DE,,,,0,,,,,0,,,10,0,,,,,,0,,0,0,,,,,,,,0,,0,,,,,,0,,0
3/7/20,FL,,,,0,,,,,0,,,100,45,,,,,,8,,0,0,,,,,,,116,48,116,48,,,,,,0,,0
3/7/20,GA,,,,0,,,,,0,,,,0,,,,,,6,,4,0,,,,,0,,,0,0,0,,,,,,0,0,0
3/7/20,HI,,,,0,,,,,0,,,,0,,,,,,1,,1,0,,,,,0,,7,0,7,0,,,,,,0,,0
3/7/20,IA,,,,0,,,,,0,,,15,0,,,,,,0,0,0,0,,,,,,,,0,15,0,,,,,,0,,0
3/7/20,ID,,,,0,,,,,0,,,27,0,,,,,,0,,0,0,,,,,,,,0,27,0,,,,,27,27,,0
3/7/20,IL,,,,0,,,,,0,,,191,11,,,,,,6,,1,0,,,,,,,,0,197,12,,,,,,0,,0
3/7/20,IN,,,,0,,,,,0,,,,0,,,,,,1,,0,0,,,,,0,,,0,27,8,,,,,,0,27,8
3/7/20,KS,,,,0,,,,,0,,,11,7,,,,,,0,,0,0,,,,,,,,0,11,7,,,,,,0,,0
3/7/20,KY,,,,0,,,,,0,,,9,2,,,,,,1,,1,0,,,,,,,,0,10,3,,,,,,0,10,3
3/7/20,LA,,,,0,,,,,0,,,,0,,,,,,0,0,0,0,,,,,,,,0,0,0,,,,,,0,,0
3/7/20,MA,,,,0,,,,,0,,,,0,,,,,,,,0,0,,,,,77,,,0,251,100,,,,,,0,251,100
3/7/20,MD,,,,0,,,,,0,,,41,15,,,,,,3,3,0,0,,,,,,,,0,,0,,,,,,0,,0
3/7/20,ME,,,,0,,,,,0,,,1,0,,,,,,0,0,0,0,,,,,,,,0,1,0,,,,,,0,,0
3/7/20,MI,,,0,0,0,,,,0,,,18,10,,,,,,188,188,48,0,,,,,,,,0,206,58,,,,,,0,,0
3/7/20,MN,,,,0,,,,,0,,,48,12,,,,,,2,2,1,0,,,,,,,50,13,50,13,,,,,,0,,0
3/7/20,MO,,,,0,,,,,0,,,,0,,,17,,,0,0,0,0,,,,,6,,,0,23,0,,,,,,0,23,23
3/7/20,MS,,,,0,,,,,0,,,,0,,,,,,0,,0,0,,,,,,,,0,0,0,,,,,,0,,0
3/7/20,MT,,,,0,,,,,0,,,11,0,,,,,,0,,0,0,,,,,,,,0,11,0,,,,,,0,,0
3/7/20,NC,,,,0,,,,,0,,,,0,,,,,,2,,0,0,,,,,,,,0,2,0,,,,,,0,,0
3/7/20,ND,,,,0,,,,,0,,,0,0,,,,,,,,0,0,,,,,,,,0,,0,,,,,,0,,0
3/7/20,NE,,,,0,,,,,0,,,17,0,,,69,,,1,,1,0,,,,,0,,,0,79,7,,,,,,0,79,7
3/7/20,NH,,,,0,,,,,0,,,20,0,,,,,,2,,0,0,,,,,,,,0,46,9,,,,,,0,46,9
3/7/20,NJ,,0,,0,0,,,,0,,,,0,,,,,,4,4,3,0,,,,,,,,0,4,3,,,,,4,3,,0
3/7/20,NM,,,,0,,,,,0,,,48,0,,,,,,0,,0,0,,,,,,,,0,48,0,,,,,,0,,0
3/7/20,NV,,0,,0,,,,,0,,,14,0,,,,,,4,4,1,0,,,,,,,73,25,73,25,,,,,,0,,0
3/7/20,NY,,,,0,,,,,0,,,152,55,,,,,,36,36,11,0,,,,,,,188,66,188,66,,,,,,0,,0
3/7/20,OH,,,,0,,,,,0,,,9,1,,,,,,0,0,0,0,,,,,,,,0,9,1,,,,,,0,,0
3/7/20,OK,,,,0,,,,,0,,,,0,,,,,,1,,0,0,,,,,,,,0,1,0,,,,,,0,,0
3/7/20,OR,,,,0,,,,,0,,,77,13,,,,,,7,,4,0,,,,,,,,0,,0,,,,,,0,,0
3/7/20,PA,,,,0,,,,,0,,,,0,,,,,,4,,2,0,,,,,,,,0,4,2,,,,,,0,,0
3/7/20,RI,,,,0,,,,,0,,,49,19,,,52,,,3,3,0,0,,,,,3,,36,13,36,13,,,,,52,19,55,19
3/7/20,SC,,,,0,,,,,0,,,8,3,,,,,,2,2,2,0,,,,,,,,0,10,5,,,,,,0,,0
3/7/20,SD,,,,0,,,,,0,,,5,0,,,,,,0,,0,0,,,,,,,,0,5,0,,,,,5,5,,0
3/7/20,TN,,,,0,,,,,0,,,,0,,,,,,1,,0,0,,,,,,,,0,1,0,,,,,,0,,0
3/7/20,TX,,,,0,,,,,0,,,2255,24,,,,,,5,5,0,0,,,,,201,,,0,2260,24,,,,,,0,2260,24
3/7/20,UT,,,,0,,,,,0,,,15,0,,,15,,,1,1,0,0,,,,,1,,,0,16,0,,,,,16,16,16,16
3/7/20,VA,,,,0,,,,,0,,,31,10,,,,,,0,,0,0,,,,,2092,,6457,2,6457,2,,,,,,0,,0
3/7/20,VT,,,,0,,,,,0,,,,0,,,,,,,,0,0,,,,,,,,0,17,7,,,,,,0,17,7
3/7/20,WA,,27,,1,,,,,0,,,1836,387,,,,,,206,206,51,0,,,,,,,2092,425,2092,425,,,,,2007,403,,0
3/7/20,WI,,,,0,,,,,0,,,31,0,,,,,,1,1,0,0,,,,,,,31,10,31,10,,,,,,0,,0
3/7/20,WV,,,,0,,,,,0,,,2,1,,,,,,0,0,0,0,,,,,,,,0,2,1,,,,,,0,,0
3/7/20,WY,,,,0,,,,,0,,,,0,,,8,,,0,,0,0,,,,,0,,,0,8,0,,,,,,0,8,0
3/6/20,AK,,0,,0,,,,,0,,,8,0,,,,,,,,0,0,,,,,,,,0,8,0,,,,,,0,8,8
3/6/20,AR,,,,0,,,,,0,,,6,0,,,,,,0,0,0,0,,,,,,,,0,6,0,,,,,,0,6,6
3/6/20,AZ,,,,0,,6,6,,1,,,33,5,,,,,,3,,1,0,,,,,,,,0,80,17,,,,,36,6,80,17
3/6/20,CA,,,,0,,,,,0,,,462,0,,,,,,60,,7,0,,,,,,,,0,522,7,,,,,,0,522,7
3/6/20,CO,,,,0,,,,,0,,,55,9,,,,,,8,,6,0,,,,,,,,0,,0,,,,,,0,,0
3/6/20,DC,,,,0,,,,,0,,,8,2,,,,,,0,,0,0,,,,,,,8,2,8,2,,,,,,0,,0
3/6/20,DE,,,,0,,,,,0,,,10,0,,,,,,0,,0,0,,,,,,,,0,,0,,,,,,0,,0
3/6/20,FL,,,,0,,,,,0,,,55,24,,,,,,8,,1,0,,,,,,,68,27,68,27,,,,,,0,,0
3/6/20,GA,,,,0,,,,,0,,,,0,,,,,,2,,0,0,,,,,0,,,0,0,0,,,,,,0,0,0
3/6/20,HI,,,,0,,,,,0,,,,0,,,,,,,,0,0,,,,,0,,7,4,7,4,,,,,,0,,0
3/6/20,IA,,,,0,,,,,0,,,15,0,,,,,,0,0,0,0,,,,,,,,0,15,0,,,,,,0,,0
3/6/20,IL,,,,0,,,,,0,,,180,15,,,,,,5,,0,0,,,,,,,,0,185,15,,,,,,0,,0
3/6/20,IN,,,,0,,,,,0,,,,0,,,,,,1,,1,0,,,,,0,,,0,19,2,,,,,,0,19,2
3/6/20,KS,,,,0,,,,,0,,,4,0,,,,,,0,,0,0,,,,,,,,0,4,0,,,,,,0,,0
3/6/20,KY,,,,0,,,,,0,,,7,0,,,,,,0,,0,0,,,,,,,,0,7,0,,,,,,0,7,7
3/6/20,MA,,,,0,,,,,0,,,,0,,,,,,,,0,0,,,,,33,,,0,151,49,,,,,,0,151,49
3/6/20,MD,,,,0,,,,,0,,,26,9,,,,,,3,3,3,0,,,,,,,,0,,0,,,,,,0,,0
3/6/20,MI,,,0,0,0,,,,0,,,8,0,,,,,,140,140,40,0,,,,,,,,0,148,40,,,,,,0,,0
3/6/20,MN,,,,0,,,,,0,,,36,0,,,,,,1,1,0,0,,,,,,,37,37,37,0,,,,,,0,,0
3/6/20,NC,,,,0,,,,,0,,,,0,,,,,,2,,1,0,,,,,,,,0,2,1,,,,,,0,,0
3/6/20,NE,,,,0,,,,,0,,,17,0,,,64,,,0,,0,0,,,,,0,,,0,72,6,,,,,,0,72,6
3/6/20,NH,,,,0,,,,,0,,,20,4,,,,,,2,,0,0,,,,,,,,0,37,28,,,,,,0,37,28
3/6/20,NJ,,0,,0,0,,,,0,,,,0,,,,,,1,4,0,0,,,,,,,,0,1,0,,,,,1,0,,0
3/6/20,NM,,,,0,,,,,0,,,48,32,,,,,,0,,0,0,,,,,,,,0,48,32,,,,,,0,,0
3/6/20,NV,,0,0,0,,,,,0,,,14,0,,,,,,3,3,2,0,,,,,,,48,16,48,16,,,,,,0,,0
3/6/20,NY,,,,0,,,,,0,,,97,70,,,,,,25,25,22,0,,,,,,,122,92,122,92,,,,,,0,,0
3/6/20,OH,,,,0,,,,,0,,,8,1,,,,,,0,0,0,0,,,,,,,,0,8,1,,,,,,0,,0
3/6/20,OR,,,,0,,,,,0,,,64,19,,,,,,3,,0,0,,,,,,,,0,,0,,,,,,0,,0
3/6/20,PA,,,,0,,,,,0,,,,0,,,,,,2,,0,0,,,,,,,,0,2,0,,,,,,0,,0
3/6/20,RI,,,,0,,,,,0,,,30,11,,,33,,,3,3,0,0,,,,,3,,23,4,23,4,,,,,33,11,36,13
3/6/20,SC,,,,0,,,,,0,,,5,0,,,,,,0,0,0,0,,,,,,,,0,5,0,,,,,,0,,0
3/6/20,TN,,,,0,,,,,0,,,,0,,,,,,1,,0,0,,,,,,,,0,1,0,,,,,,0,,0
3/6/20,TX,,,,0,,,,,0,,,2231,1281,,,,,,5,5,5,0,,,,,200,,,0,2236,1286,,,,,,0,2236,1286
3/6/20,VA,,,,0,,,,,0,,,21,3,,,,,,0,,0,0,,,,,2091,,6455,2,6455,2,,,,,,0,,0
3/6/20,VT,,,,0,,,,,0,,,,0,,,,,,,,0,0,,,,,,,,0,10,4,,,,,,0,10,4
3/6/20,WA,,26,,6,,,,,0,,,1449,472,,,,,,155,155,38,0,,,,,,,1667,511,1667,511,,,,,1604,476,,0
3/6/20,WI,,,,0,,,,,0,,,31,12,,,,,,1,1,0,0,,,,,,,21,9,21,9,,,,,,0,,0
3/6/20,WV,,,,0,,,,,0,,,1,0,,,,,,0,0,0,0,,,,,,,,0,1,0,,,,,,0,,0
3/6/20,WY,,,,0,,,,,0,,,,0,,,8,,,,,0,0,,,,,0,,,0,8,0,,,,,,0,8,0
3/5/20,AZ,,,,0,,5,5,,1,,,28,1,,,,,,2,,0,0,,,,,,,,0,63,30,,,,,30,1,63,30
3/5/20,CA,,,,0,,,,,0,,,462,0,,,,,,53,,0,0,,,,,,,,0,515,0,,,,,,0,515,0
3/5/20,CO,,,,0,,,,,0,,,46,27,,,,,,2,,0,0,,,,,,,,0,,0,,,,,,0,,0
3/5/20,DC,,,,0,,,,,0,,,6,0,,,,,,0,,0,0,,,,,,,6,6,6,0,,,,,,0,,0
3/5/20,FL,,,,0,,,,,0,,,31,7,,,,,,7,,4,0,,,,,,,41,19,41,19,,,,,,0,,0
3/5/20,GA,,,,0,,,,,0,,,,0,,,,,,2,,0,0,,,,,0,,,0,0,0,,,,,,0,0,0
3/5/20,HI,,,,0,,,,,0,,,,0,,,,,,,,0,0,,,,,0,,3,1,3,1,,,,,,0,,0
3/5/20,IL,,,,0,,,,,0,,,165,41,,,,,,5,,1,0,,,,,,,,0,170,42,,,,,,0,,0
3/5/20,IN,,,,0,,,,,0,,,,0,,,,,,,,0,0,,,,,0,,,0,17,5,,,,,,0,17,5
3/5/20,MA,,,,0,,,,,0,,,,0,,,,,,,,0,0,,,,,19,,,0,102,36,,,,,,0,102,36
3/5/20,MD,,,,0,,,,,0,,,17,0,,,,,,0,0,0,0,,,,,,,,0,,0,,,,,,0,,0
3/5/20,MI,,,0,0,0,,,,0,,,8,8,,,,,,100,100,26,0,,,,,,,,0,108,34,,,,,,0,,0
3/5/20,NC,,,,0,,,,,0,,,,0,,,,,,1,,0,0,,,,,,,,0,1,0,,,,,,0,,0
3/5/20,NE,,,,0,,,,,0,,,17,17,,,58,,,0,,0,0,,,,,0,,,0,66,18,,,,,,0,66,18
3/5/20,NH,,,,0,,,,,0,,,16,6,,,,,,2,,0,0,,,,,,,,0,9,3,,,,,,0,9,3
3/5/20,NJ,,0,,0,0,,,,0,,,,0,,,,,,1,2,1,0,,,,,,,,0,1,1,,,,,1,1,,0
3/5/20,NM,,,,0,,,,,0,,,16,0,,,,,,0,,0,0,,,,,,,,0,16,0,,,,,,0,,0
3/5/20,NV,,0,,0,,,,,0,,,14,0,,,,,,1,1,0,0,,,,,,,32,32,32,0,,,,,,0,,0
3/5/20,NY,,,,0,,,,,0,,,27,18,,,,,,3,3,2,0,,,,,,,30,20,30,20,,,,,,0,,0
3/5/20,OH,,,,0,,,,,0,,,7,0,,,,,,0,0,0,0,,,,,,,,0,7,0,,,,,,0,,0
3/5/20,OR,,,,0,,,,,0,,,45,16,,,,,,3,,0,0,,,,,,,,0,,0,,,,,,0,,0
3/5/20,RI,,,,0,,,,,0,,,19,4,,,21,,,3,3,1,0,,,,,2,,19,12,19,12,,,,,22,5,23,4
3/5/20,SC,,,,0,,,,,0,,,5,0,,,,,,0,0,0,0,,,,,,,,0,5,0,,,,,,0,,0
3/5/20,TN,,,,0,,,,,0,,,,0,,,,,,1,,0,0,,,,,,,,0,1,0,,,,,,0,,0
3/5/20,TX,,,,0,,,,,0,,,950,930,,,,,,0,0,0,0,,,,,124,,,0,950,930,,,,,,0,950,930
3/5/20,VA,,,,0,,,,,0,,,18,18,,,,,,0,,0,0,,,,,2091,,6453,1,6453,1,,,,,,0,,0
3/5/20,VT,,,,0,,,,,0,,,,0,,,,,,,,0,0,,,,,,,,0,6,3,,,,,,0,6,3
3/5/20,WA,,20,,4,,,,,0,,,977,323,,,,,,117,117,24,0,,,,,,,1156,374,1156,374,,,,,1128,360,,0
3/5/20,WI,,,,0,,,,,0,,,19,0,,,,,,1,1,0,0,,,,,,,12,5,12,5,,,,,,0,,0
3/5/20,WY,,,,0,,,,,0,,,,0,,,8,,,,,0,0,,,,,0,,,0,8,4,,,,,,0,8,4
3/4/20,AZ,,,,0,,4,4,,0,,,27,0,,,,,,2,,0,0,,,,,,,,0,33,0,,,,,29,29,33,33
3/4/20,CA,,,,0,,,,,0,,,462,0,,,,,,53,,0,0,,,,,,,,0,515,0,,,,,,0,515,515
3/4/20,CO,,,,0,,,,,0,,,19,0,,,,,,2,,0,0,,,,,,,,0,,0,,,,,,0,,0
3/4/20,FL,,,,0,,,,,0,,,24,24,,,,,,3,,1,0,,,,,,,22,3,22,3,,,,,,0,,0
3/4/20,GA,,,,0,,,,,0,,,,0,,,,,,2,,0,0,,,,,0,,,0,0,0,,,,,,0,0,0
3/4/20,HI,,,,0,,,,,0,,,,0,,,,,,,,0,0,,,,,0,,2,2,2,0,,,,,,0,,0
3/4/20,IL,,,,0,,,,,0,,,124,0,,,,,,4,,0,0,,,,,,,,0,128,0,,,,,,0,,0
3/4/20,IN,,,,0,,,,,0,,,,0,,,,,,,,0,0,,,,,0,,,0,12,4,,,,,,0,12,4
3/4/20,MA,,,,0,,,,,0,,,,0,,,,,,,,0,0,,,,,11,,,0,66,22,,,,,,0,66,22
3/4/20,MI,,,0,0,0,,,,0,,,,0,,,,,,74,74,24,0,,,,,,,,0,74,24,,,,,,0,,0
3/4/20,NC,,,,0,,,,,0,,,,0,,,,,,1,,0,0,,,,,,,,0,1,0,,,,,,0,,0
3/4/20,NE,,,,0,,,,,0,,,,0,,,43,,,,,0,0,,,,,0,,,0,48,0,,,,,,0,48,0
3/4/20,NH,,,,0,,,,,0,,,10,0,,,,,,2,,0,0,,,,,,,,0,6,0,,,,,,0,6,6
3/4/20,NJ,,0,,0,0,,,,0,,,,0,,,,,,,,0,0,,,,,,,,0,0,0,,,,,,0,,0
3/4/20,NY,,,0,0,,,,,0,,,9,9,,,,,,1,1,0,0,,,,,,,10,9,10,9,,,,,,0,,0
3/4/20,OR,,,,0,,,,,0,,,29,0,,,,,,3,,0,0,,,,,,,,0,,0,,,,,,0,,0
3/4/20,RI,,,,0,,,,,0,,,15,10,,,17,,,2,2,0,0,,,,,2,,7,2,7,2,,,,,17,10,19,12
3/4/20,SC,,,,0,,,,,0,,,5,0,,,,,,0,0,0,0,,,,,,,,0,5,0,,,,,,0,,0
3/4/20,TX,,,,0,,,,,0,,,20,14,,,,,,0,0,0,0,,,,,7,,,0,20,14,,,,,,0,20,14
3/4/20,VA,,,,0,,,,,0,,,,0,,,,,,,,0,0,,,,,2090,,6452,1,6452,1,,,,,,0,,0
3/4/20,VT,,,,0,,,,,0,,,,0,,,,,,,,0,0,,,,,,,,0,3,3,,,,,,0,3,3
3/4/20,WA,,16,,2,,,,,0,,,654,213,,,,,,93,93,34,0,,,,,,,782,251,782,251,,,,,768,245,,0
3/4/20,WI,,,,0,,,,,0,,,19,19,,,,,,1,1,1,0,,,,,,,7,0,7,0,,,,,,0,,0
3/4/20,WY,,,,0,,,,,0,,,,0,,,4,,,,,0,0,,,,,0,,,0,4,3,,,,,,0,4,3
3/3/20,FL,,,,0,,,,,0,,,,0,,,,,,2,,2,0,,,,,,,19,4,19,4,,,,,,0,,0
3/3/20,IN,,,,0,,,,,0,,,,0,,,,,,,,0,0,,,,,0,,,0,8,2,,,,,,0,8,2
3/3/20,MA,,,,0,,,,,0,,,,0,,,,,,,,0,0,,,,,9,,,0,44,15,,,,,,0,44,15
3/3/20,MI,,,,0,0,,,,0,,,,0,,,,,,50,50,23,0,,,,,,,,0,50,23,,,,,,0,,0
3/3/20,NE,,,,0,,,,,0,,,,0,,,43,,,,,0,0,,,,,0,,,0,48,12,,,,,,0,48,12
3/3/20,NJ,,0,,0,0,,,,0,,,,0,,,,,,,,0,0,,,,,,,,0,0,0,,,,,,0,,0
3/3/20,NY,,,,0,,,,,0,,,0,0,,,,,,1,1,1,0,,,,,,,1,1,1,1,,,,,,0,,0
3/3/20,RI,,,,0,,,,,0,,,5,2,,,5,,,2,2,0,0,,,,,2,,5,1,5,1,,,,,7,2,7,2
3/3/20,TX,,,,0,,,,,0,,,6,0,,,,,,,,0,0,,,,,1,,,0,6,0,,,,,,0,6,6
3/3/20,VA,,,,0,,,,,0,,,,0,,,,,,,,0,0,,,,,2090,,6451,1,6451,1,,,,,,0,,0
3/3/20,VT,,,,0,,,,,0,,,,0,,,,,,,,0,0,,,,,,,,0,0,0,,,,,,0,0,0
3/3/20,WA,,14,,3,,,,,0,,,441,201,,,,,,59,59,16,0,,,,,,,531,226,531,226,,,,,523,225,,0
3/3/20,WI,,,,0,,,,,0,,,,0,,,,,,,,0,0,,,,,,,7,7,7,0,,,,,,0,,0
3/3/20,WY,,,,0,,,,,0,,,,0,,,1,,,,,0,0,,,,,0,,,0,1,0,,,,,,0,1,0
3/2/20,FL,,,,0,,,,,0,,,,0,,,,,,0,,0,0,,,,,,,15,0,15,0,,,,,,0,,0
3/2/20,IN,,,,0,,,,,0,,,,0,,,,,,,,0,0,,,,,0,,,0,6,0,,,,,,0,6,0
3/2/20,MA,,,,0,,,,,0,,,,0,,,,,,,,0,0,,,,,8,,,0,29,6,,,,,,0,29,6
3/2/20,MI,,,,0,0,,,,0,,,,0,,,,,,27,27,13,0,,,,,,,,0,27,13,,,,,,0,,0
3/2/20,NE,,,,0,,,,,0,,,,0,,,33,,,,,0,0,,,,,0,,,0,36,0,,,,,,0,36,0
3/2/20,NJ,,0,,0,0,,,,0,,,,0,,,,,,,,0,0,,,,,,,,0,0,0,,,,,,0,,0
3/2/20,NY,,,,0,,,,,0,,,,0,,,,,,0,0,0,0,,,,,,,0,0,0,0,,,,,,0,,0
3/2/20,RI,,,,0,,,,,0,,,3,1,,,3,,,2,2,0,0,,,,,2,,4,4,4,4,,,,,5,1,5,1
3/2/20,VA,,,,0,,,,,0,,,,0,,,,,,,,0,0,,,,,2090,,6450,1,6450,1,,,,,,0,,0
3/2/20,WA,,11,,3,,,,,0,,,240,157,,,,,,43,43,17,0,,,,,,,305,188,305,188,,,,,298,184,,0
3/2/20,WY,,,,0,,,,,0,,,,0,,,1,,,,,0,0,,,,,0,,,0,1,0,,,,,,0,1,0
3/1/20,FL,,,,0,,,,,0,,,,0,,,,,,0,,0,0,,,,,,,15,0,15,0,,,,,,0,,0
3/1/20,IN,,,,0,,,,,0,,,,0,,,,,,,,0,0,,,,,0,,,0,6,2,,,,,,0,6,2
3/1/20,MA,,,,0,,,,,0,,,,0,,,,,,,,0,0,,,,,7,,,0,23,4,,,,,,0,23,4
3/1/20,MI,,,0,0,0,,,,0,,,,0,,,,,,14,14,0,0,,,,,,,,0,14,0,,,,,,0,,0
3/1/20,NE,,,,0,,,,,0,,,,0,,,33,,,,,0,0,,,,,0,,,0,36,11,,,,,,0,36,11
3/1/20,NJ,,0,,0,0,,,,0,,,,0,,,,,,,,0,0,,,,,,,,0,0,0,,,,,,0,,0
3/1/20,RI,,,,0,,,,,0,,,2,0,,,2,,,2,2,0,0,,,,,2,,,0,,0,,,,,4,4,4,4
3/1/20,VA,,,,0,,,,,0,,,,0,,,,,,,,0,0,,,,,2090,,6449,2,6449,2,,,,,,0,,0
3/1/20,WA,,8,,3,,,,,0,,,83,59,,,,,,26,26,8,0,,,,,,,117,75,117,75,,,,,114,73,,0
3/1/20,WY,,,,0,,,,,0,,,,0,,,1,,,,,0,0,,,,,0,,,0,1,0,,,,,,0,1,1
2/29/20,FL,,,,0,,,,,0,,,,0,,,,,,0,,0,0,,,,,,,15,0,15,0,,,,,,0,,0
2/29/20,IN,,,,0,,,,,0,,,,0,,,,,,,,0,0,,,,,0,,,0,4,2,,,,,,0,4,2
2/29/20,MA,,,,0,,,,,0,,,,0,,,,,,,,0,0,,,,,6,,,0,19,1,,,,,,0,19,1
2/29/20,NE,,,,0,,,,,0,,,,0,,,24,,,,,0,0,,,,,0,,,0,25,15,,,,,,0,25,15
2/29/20,NJ,,0,,0,0,,,,0,,,,0,,,,,,,,0,0,,,,,,,,0,0,0,,,,,,0,,0
2/29/20,VA,,,,0,,,,,0,,,,0,,,,,,,,0,0,,,,,2090,,6447,2,6447,2,,,,,,0,,0
2/29/20,WA,,5,,1,,,,,0,,,24,24,,,,,,18,18,3,0,,,,,,,42,42,42,42,,,,,41,41,,0
2/28/20,FL,,,,0,,,,,0,,,,0,,,,,,0,,0,0,,,,,,,15,0,15,0,,,,,,0,,0
2/28/20,IN,,,,0,,,,,0,,,,0,,,,,,,,0,0,,,,,0,,,0,2,1,,,,,,0,2,1
2/28/20,MA,,,,0,,,,,0,,,,0,,,,,,,,0,0,,,,,6,,,0,18,2,,,,,,0,18,2
2/28/20,NE,,,,0,,,,,0,,,,0,,,9,,,,,0,0,,,,,0,,,0,10,0,,,,,,0,10,0
2/28/20,NJ,,0,,0,0,,,,0,,,,0,,,,,,,,0,0,,,,,,,,0,0,0,,,,,,0,,0
2/28/20,VA,,,,0,,,,,0,,,,0,,,,,,,,0,0,,,,,2090,,6445,0,6445,0,,,,,,0,,0
2/28/20,WA,,4,,2,,,,,0,,,0,0,,,,,,15,15,2,0,,,,,,,0,0,0,0,,,,,,0,,0
2/27/20,FL,,,,0,,,,,0,,,,0,,,,,,0,,0,0,,,,,,,15,0,15,0,,,,,,0,,0
2/27/20,IN,,,,0,,,,,0,,,,0,,,,,,,,0,0,,,,,0,,,0,1,0,,,,,,0,1,1
2/27/20,MA,,,,0,,,,,0,,,,0,,,,,,,,0,0,,,,,5,,,0,16,0,,,,,,0,16,0
2/27/20,NE,,,,0,,,,,0,,,,0,,,9,,,,,0,0,,,,,0,,,0,10,0,,,,,,0,10,0
2/27/20,NJ,,0,,0,0,,,,0,,,,0,,,,,,,,0,0,,,,,,,,0,0,0,,,,,,0,,0
2/27/20,VA,,,,0,,,,,0,,,,0,,,,,,,,0,0,,,,,,,6445,6445,6445,0,,,,,,0,,0
2/27/20,WA,,2,,0,,,,,0,,,0,0,,,,,,13,13,1,0,,,,,,,0,0,0,0,,,,,,0,,0
2/26/20,FL,,,,0,,,,,0,,,,0,,,,,,0,,0,0,,,,,,,15,0,15,0,,,,,,0,,0
2/26/20,MA,,,,0,,,,,0,,,,0,,,,,,,,0,0,,,,,5,,,0,16,0,,,,,,0,16,0
2/26/20,NE,,,,0,,,,,0,,,,0,,,9,,,,,0,0,,,,,0,,,0,10,0,,,,,,0,10,0
2/26/20,NJ,,0,,0,0,,,,0,,,,0,,,,,,,,0,0,,,,,,,,0,0,0,,,,,,0,,0
2/26/20,WA,,2,,2,,,,,0,,,0,0,,,,,,12,12,2,0,,,,,,,0,0,0,0,,,,,,0,,0
2/25/20,FL,,,,0,,,,,0,,,,0,,,,,,0,,0,0,,,,,,,15,1,15,1,,,,,,0,,0
2/25/20,MA,,,,0,,,,,0,,,,0,,,,,,,,0,0,,,,,5,,,0,16,0,,,,,,0,16,0
2/25/20,NE,,,,0,,,,,0,,,,0,,,9,,,,,0,0,,,,,0,,,0,10,0,,,,,,0,10,0
2/25/20,NJ,,0,,0,0,,,,0,,,,0,,,,,,,,0,0,,,,,,,,0,0,0,,,,,,0,,0
2/25/20,WA,,,,0,,,,,0,,,0,0,,,,,,10,10,1,0,,,,,,,0,0,0,0,,,,,,0,,0
2/24/20,FL,,,,0,,,,,0,,,,0,,,,,,0,,0,0,,,,,,,14,0,14,0,,,,,,0,,0
2/24/20,MA,,,,0,,,,,0,,,,0,,,,,,,,0,0,,,,,5,,,0,16,2,,,,,,0,16,2
2/24/20,NE,,,,0,,,,,0,,,,0,,,9,,,,,0,0,,,,,0,,,0,10,0,,,,,,0,10,0
2/24/20,NJ,,0,,0,0,,,,0,,,,0,,,,,,,,0,0,,,,,,,,0,0,0,,,,,,0,,0
2/24/20,WA,,,,0,,,,,0,,,0,0,,,,,,9,9,1,0,,,,,,,0,0,0,0,,,,,,0,,0
2/23/20,FL,,,,0,,,,,0,,,,0,,,,,,0,,0,0,,,,,,,14,0,14,0,,,,,,0,,0
2/23/20,MA,,,,0,,,,,0,,,,0,,,,,,,,0,0,,,,,4,,,0,14,0,,,,,,0,14,0
2/23/20,NE,,,,0,,,,,0,,,,0,,,9,,,,,0,0,,,,,0,,,0,10,0,,,,,,0,10,0
2/23/20,NJ,,0,,0,0,,,,0,,,,0,,,,,,,,0,0,,,,,,,,0,0,0,,,,,,0,,0
2/23/20,WA,,,,0,,,,,0,,,0,0,,,,,,8,8,1,0,,,,,,,0,0,0,0,,,,,,0,,0
2/22/20,FL,,,,0,,,,,0,,,,0,,,,,,0,,0,0,,,,,,,14,1,14,1,,,,,,0,,0
2/22/20,MA,,,,0,,,,,0,,,,0,,,,,,,,0,0,,,,,4,,,0,14,0,,,,,,0,14,0
2/22/20,NE,,,,0,,,,,0,,,,0,,,9,,,,,0,0,,,,,0,,,0,10,0,,,,,,0,10,0
2/22/20,NJ,,0,,0,0,,,,0,,,,0,,,,,,,,0,0,,,,,,,,0,0,0,,,,,,0,,0
2/22/20,WA,,,,0,,,,,0,,,0,0,,,,,,7,7,0,0,,,,,,,0,0,0,0,,,,,,0,,0
2/21/20,FL,,,,0,,,,,0,,,,0,,,,,,0,,0,0,,,,,,,13,0,13,0,,,,,,0,,0
2/21/20,MA,,,,0,,,,,0,,,,0,,,,,,,,0,0,,,,,4,,,0,14,0,,,,,,0,14,0
2/21/20,NE,,,,0,,,,,0,,,,0,,,9,,,,,0,0,,,,,0,,,0,10,1,,,,,,0,10,1
2/21/20,NJ,,0,,0,0,,,,0,,,,0,,,,,,,,0,0,,,,,,,,0,0,0,,,,,,0,,0
2/21/20,WA,,,,0,,,,,0,,,0,0,,,,,,7,7,0,0,,,,,,,0,0,0,0,,,,,,0,,0
2/20/20,FL,,,,0,,,,,0,,,,0,,,,,,0,,0,0,,,,,,,13,0,13,0,,,,,,0,,0
2/20/20,MA,,,,0,,,,,0,,,,0,,,,,,,,0,0,,,,,4,,,0,14,1,,,,,,0,14,1
2/20/20,NE,,,,0,,,,,0,,,,0,,,8,,,,,0,0,,,,,0,,,0,9,0,,,,,,0,9,0
2/20/20,NJ,,0,,0,0,,,,0,,,,0,,,,,,,,0,0,,,,,,,,0,0,0,,,,,,0,,0
2/20/20,WA,,,,0,,,,,0,,,0,0,,,,,,7,7,0,0,,,,,,,0,0,0,0,,,,,,0,,0
2/19/20,FL,,,,0,,,,,0,,,,0,,,,,,0,,0,0,,,,,,,13,0,13,0,,,,,,0,,0
2/19/20,MA,,,,0,,,,,0,,,,0,,,,,,,,0,0,,,,,3,,,0,13,0,,,,,,0,13,0
2/19/20,NE,,,,0,,,,,0,,,,0,,,8,,,,,0,0,,,,,0,,,0,9,6,,,,,,0,9,6
2/19/20,NJ,,0,,0,0,,,,0,,,,0,,,,,,,,0,0,,,,,,,,0,0,0,,,,,,0,,0
2/19/20,WA,,,,0,,,,,0,,,0,0,,,,,,7,7,0,0,,,,,,,0,0,0,0,,,,,,0,,0
2/18/20,FL,,,,0,,,,,0,,,,0,,,,,,0,,0,0,,,,,,,13,0,13,0,,,,,,0,,0
2/18/20,MA,,,,0,,,,,0,,,,0,,,,,,,,0,0,,,,,3,,,0,13,0,,,,,,0,13,0
2/18/20,NE,,,,0,,,,,0,,,,0,,,2,,,,,0,0,,,,,0,,,0,3,0,,,,,,0,3,0
2/18/20,NJ,,0,,0,0,,,,0,,,,0,,,,,,,,0,0,,,,,,,,0,0,0,,,,,,0,,0
2/18/20,WA,,,,0,,,,,0,,,0,0,,,,,,7,7,0,0,,,,,,,0,0,0,0,,,,,,0,,0
2/17/20,FL,,,,0,,,,,0,,,,0,,,,,,0,,0,0,,,,,,,13,1,13,1,,,,,,0,,0
2/17/20,MA,,,,0,,,,,0,,,,0,,,,,,,,0,0,,,,,3,,,0,13,0,,,,,,0,13,0
2/17/20,NE,,,,0,,,,,0,,,,0,,,2,,,,,0,0,,,,,0,,,0,3,0,,,,,,0,3,0
2/17/20,NJ,,0,,0,0,,,,0,,,,0,,,,,,,,0,0,,,,,,,,0,0,0,,,,,,0,,0
2/17/20,WA,,,,0,,,,,0,,,0,0,,,,,,7,7,0,0,,,,,,,0,0,0,0,,,,,,0,,0
2/16/20,FL,,,,0,,,,,0,,,,0,,,,,,0,,0,0,,,,,,,12,0,12,0,,,,,,0,,0
2/16/20,MA,,,,0,,,,,0,,,,0,,,,,,,,0,0,,,,,3,,,0,13,0,,,,,,0,13,0
2/16/20,NE,,,,0,,,,,0,,,,0,,,2,,,,,0,0,,,,,0,,,0,3,2,,,,,,0,3,2
2/16/20,NJ,,0,,0,0,,,,0,,,,0,,,,,,,,0,0,,,,,,,,0,0,0,,,,,,0,,0
2/16/20,WA,,,,0,,,,,0,,,0,0,,,,,,7,7,0,0,,,,,,,0,0,0,0,,,,,,0,,0
2/15/20,FL,,,,0,,,,,0,,,,0,,,,,,0,,0,0,,,,,,,12,3,12,3,,,,,,0,,0
2/15/20,MA,,,,0,,,,,0,,,,0,,,,,,,,0,0,,,,,3,,,0,13,0,,,,,,0,13,0
2/15/20,NE,,,,0,,,,,0,,,,0,,,1,,,,,0,0,,,,,0,,,0,1,0,,,,,,0,1,1
2/15/20,NJ,,0,,0,0,,,,0,,,,0,,,,,,,,0,0,,,,,,,,0,0,0,,,,,,0,,0
2/15/20,WA,,,,0,,,,,0,,,0,0,,,,,,7,7,0,0,,,,,,,0,0,0,0,,,,,,0,,0
2/14/20,FL,,,,0,,,,,0,,,,0,,,,,,0,,0,0,,,,,,,9,0,9,0,,,,,,0,,0
2/14/20,MA,,,,0,,,,,0,,,,0,,,,,,,,0,0,,,,,3,,,0,13,0,,,,,,0,13,0
2/14/20,NJ,,0,,0,0,,,,0,,,,0,,,,,,,,0,0,,,,,,,,0,0,0,,,,,,0,,0
2/14/20,WA,,,,0,,,,,0,,,0,0,,,,,,7,7,1,0,,,,,,,0,0,0,0,,,,,,0,,0
2/13/20,FL,,,,0,,,,,0,,,,0,,,,,,0,,0,0,,,,,,,9,1,9,1,,,,,,0,,0
2/13/20,MA,,,,0,,,,,0,,,,0,,,,,,,,0,0,,,,,3,,,0,13,0,,,,,,0,13,0
2/13/20,NJ,,0,,0,0,,,,0,,,,0,,,,,,,,0,0,,,,,,,,0,0,0,,,,,,0,,0
2/13/20,WA,,,,0,,,,,0,,,0,0,,,,,,6,6,1,0,,,,,,,0,0,0,0,,,,,,0,,0
2/12/20,FL,,,,0,,,,,0,,,,0,,,,,,0,,0,0,,,,,,,8,0,8,0,,,,,,0,,0
2/12/20,MA,,,,0,,,,,0,,,,0,,,,,,,,0,0,,,,,3,,,0,13,1,,,,,,0,13,1
2/12/20,NJ,,0,,0,0,,,,0,,,,0,,,,,,,,0,0,,,,,,,,0,0,0,,,,,,0,,0
2/12/20,WA,,,,0,,,,,0,,,0,0,,,,,,5,5,0,0,,,,,,,0,0,0,0,,,,,,0,,0
2/11/20,FL,,,,0,,,,,0,,,,0,,,,,,0,,0,0,,,,,,,8,1,8,1,,,,,,0,,0
2/11/20,MA,,,,0,,,,,0,,,,0,,,,,,,,0,0,,,,,3,,,0,12,0,,,,,,0,12,0
2/11/20,NJ,,0,,0,0,,,,0,,,,0,,,,,,,,0,0,,,,,,,,0,0,0,,,,,,0,,0
2/11/20,WA,,,,0,,,,,0,,,0,0,,,,,,5,5,0,0,,,,,,,0,0,0,0,,,,,,0,,0
2/10/20,FL,,,,0,,,,,0,,,,0,,,,,,0,,0,0,,,,,,,7,0,7,0,,,,,,0,,0
2/10/20,MA,,,,0,,,,,0,,,,0,,,,,,,,0,0,,,,,3,,,0,12,1,,,,,,0,12,1
2/10/20,NJ,,0,,0,0,,,,0,,,,0,,,,,,,,0,0,,,,,,,,0,0,0,,,,,,0,,0
2/10/20,WA,,,,0,,,,,0,,,0,0,,,,,,5,5,0,0,,,,,,,0,0,0,0,,,,,,0,,0
2/9/20,FL,,,,0,,,,,0,,,,0,,,,,,0,,0,0,,,,,,,7,0,7,0,,,,,,0,,0
2/9/20,MA,,,,0,,,,,0,,,,0,,,,,,,,0,0,,,,,2,,,0,11,0,,,,,,0,11,0
2/9/20,WA,,,,0,,,,,0,,,0,0,,,,,,5,5,0,0,,,,,,,0,0,0,0,,,,,,0,,0
2/8/20,FL,,,,0,,,,,0,,,,0,,,,,,0,,0,0,,,,,,,7,1,7,1,,,,,,0,,0
2/8/20,MA,,,,0,,,,,0,,,,0,,,,,,,,0,0,,,,,2,,,0,11,1,,,,,,0,11,1
2/8/20,WA,,,,0,,,,,0,,,0,0,,,,,,5,5,0,0,,,,,,,0,0,0,0,,,,,,0,,0
2/7/20,FL,,,,0,,,,,0,,,,0,,,,,,0,,0,0,,,,,,,6,0,6,0,,,,,,0,,0
2/7/20,MA,,,,0,,,,,0,,,,0,,,,,,,,0,0,,,,,2,,,0,10,0,,,,,,0,10,0
2/7/20,WA,,,,0,,,,,0,,,0,0,,,,,,5,5,0,0,,,,,,,0,0,0,0,,,,,,0,,0
2/6/20,FL,,,,0,,,,,0,,,,0,,,,,,0,,0,0,,,,,,,6,0,6,0,,,,,,0,,0
2/6/20,MA,,,,0,,,,,0,,,,0,,,,,,,,0,0,,,,,2,,,0,10,1,,,,,,0,10,1
2/6/20,WA,,,,0,,,,,0,,,0,0,,,,,,5,5,2,0,,,,,,,0,0,0,0,,,,,,0,,0
2/5/20,FL,,,,0,,,,,0,,,,0,,,,,,0,,0,0,,,,,,,6,0,6,0,,,,,,0,,0
2/5/20,MA,,,,0,,,,,0,,,,0,,,,,,,,0,0,,,,,1,,,0,9,0,,,,,,0,9,0
2/5/20,WA,,,,0,,,,,0,,,0,0,,,,,,3,3,0,0,,,,,,,0,0,0,0,,,,,,0,,0
2/4/20,FL,,,,0,,,,,0,,,,0,,,,,,0,,0,0,,,,,,,6,2,6,2,,,,,,0,,0
2/4/20,MA,,,,0,,,,,0,,,,0,,,,,,,,0,0,,,,,1,,,0,9,2,,,,,,0,9,2
2/4/20,WA,,,,0,,,,,0,,,0,0,,,,,,3,3,0,0,,,,,,,0,0,0,0,,,,,,0,,0
2/3/20,FL,,,,0,,,,,0,,,,0,,,,,,0,,0,0,,,,,,,4,0,4,0,,,,,,0,,0
2/3/20,MA,,,,0,,,,,0,,,,0,,,,,,,,0,0,,,,,1,,,0,7,3,,,,,,0,7,3
2/3/20,WA,,,,0,,,,,0,,,0,0,,,,,,3,3,1,0,,,,,,,0,0,0,0,,,,,,0,,0
2/2/20,FL,,,,0,,,,,0,,,,0,,,,,,0,,0,0,,,,,,,4,0,4,0,,,,,,0,,0
2/2/20,MA,,,,0,,,,,0,,,,0,,,,,,,,0,0,,,,,1,,,0,4,0,,,,,,0,4,0
2/2/20,WA,,,,0,,,,,0,,,0,0,,,,,,2,2,0,0,,,,,,,0,0,0,0,,,,,,0,,0
2/1/20,FL,,,,0,,,,,0,,,,0,,,,,,0,,0,0,,,,,,,4,0,4,0,,,,,,0,,0
2/1/20,MA,,,,0,,,,,0,,,,0,,,,,,,,0,0,,,,,1,,,0,4,0,,,,,,0,4,0
2/1/20,WA,,,,0,,,,,0,,,0,0,,,,,,2,2,0,0,,,,,,,0,0,0,0,,,,,,0,,0
1/31/20,FL,,,,0,,,,,0,,,,0,,,,,,0,,0,0,,,,,,,4,3,4,3,,,,,,0,,0
1/31/20,MA,,,,0,,,,,0,,,,0,,,,,,,,0,0,,,,,1,,,0,4,0,,,,,,0,4,0
1/31/20,WA,,,,0,,,,,0,,,0,0,,,,,,2,2,0,0,,,,,,,0,0,0,0,,,,,,0,,0
1/30/20,FL,,,,0,,,,,0,,,,0,,,,,,0,,0,0,,,,,,,1,0,1,0,,,,,,0,,0
1/30/20,MA,,,,0,,,,,0,,,,0,,,,,,,,0,0,,,,,1,,,0,4,0,,,,,,0,4,0
1/30/20,WA,,,,0,,,,,0,,,0,0,,,,,,2,2,0,0,,,,,,,0,0,0,0,,,,,,0,,0
1/29/20,FL,,,,0,,,,,0,,,,0,,,,,,0,,0,0,,,,,,,1,1,1,0,,,,,,0,,0
1/29/20,MA,,,,0,,,,,0,,,,0,,,,,,,,0,0,,,,,1,,,0,4,1,,,,,,0,4,1
1/29/20,WA,,,,0,,,,,0,,,0,0,,,,,,2,2,0,0,,,,,,,0,0,0,0,,,,,,0,,0
1/28/20,MA,,,,0,,,,,0,,,,0,,,,,,,,0,0,,,,,0,,,0,3,0,,,,,,0,3,0
1/28/20,WA,,,,0,,,,,0,,,0,0,,,,,,2,2,0,0,,,,,,,0,0,0,0,,,,,,0,,0
1/27/20,MA,,,,0,,,,,0,,,,0,,,,,,,,0,0,,,,,0,,,0,3,1,,,,,,0,3,1
1/27/20,WA,,,,0,,,,,0,,,0,0,,,,,,2,2,0,0,,,,,,,0,0,0,0,,,,,,0,,0
1/26/20,MA,,,,0,,,,,0,,,,0,,,,,,,,0,0,,,,,0,,,0,2,0,,,,,,0,2,0
1/26/20,WA,,,,0,,,,,0,,,0,0,,,,,,2,2,0,0,,,,,,,0,0,0,0,,,,,,0,,0
1/25/20,MA,,,,0,,,,,0,,,,0,,,,,,,,0,0,,,,,0,,,0,2,0,,,,,,0,2,0
1/25/20,WA,,,,0,,,,,0,,,0,0,,,,,,2,2,0,0,,,,,,,0,0,0,0,,,,,,0,,0
1/24/20,MA,,,,0,,,,,0,,,,0,,,,,,,,0,0,,,,,0,,,0,2,0,,,,,,0,2,0
1/24/20,WA,,,,0,,,,,0,,,0,0,,,,,,2,2,0,0,,,,,,,0,0,0,0,,,,,,0,,0
1/23/20,MA,,,,0,,,,,0,,,,0,,,,,,,,0,0,,,,,0,,,0,2,1,,,,,,0,2,1
1/23/20,WA,,,,0,,,,,0,,,0,0,,,,,,2,2,0,0,,,,,,,0,0,0,0,,,,,,0,,0
1/22/20,MA,,,,0,,,,,0,,,,0,,,,,,,,0,0,,,,,0,,,0,1,0,,,,,,0,1,1
1/22/20,WA,,,,0,,,,,0,,,0,0,,,,,,2,2,0,0,,,,,,,0,0,0,0,,,,,,0,,0
1/21/20,WA,,,,0,,,,,0,,,,0,,,,,,2,2,1,0,,,,,,,,0,,0,,,,,,0,,0
1/20/20,WA,,,,0,,,,,0,,,,0,,,,,,1,1,0,0,,,,,,,,0,,0,,,,,,0,,0
1/19/20,WA,,,,0,,,,,0,,,,0,,,,,,1,1,1,0,,,,,,,,0,,0,,,,,,0,,0
1/18/20,WA,,,,0,,,,,0,,,,0,,,,,,0,0,0,0,,,,,,,,0,,0,,,,,,0,,0
1/17/20,WA,,,,0,,,,,0,,,,0,,,,,,0,0,0,0,,,,,,,,0,,0,,,,,,0,,0
1/16/20,WA,,,,0,,,,,0,,,,0,,,,,,0,0,0,0,,,,,,,,0,,0,,,,,,0,,0
1/15/20,WA,,,,0,,,,,0,,,,0,,,,,,0,0,0,0,,,,,,,,0,,0,,,,,,0,,0
1/14/20,WA,,,,0,,,,,0,,,,0,,,,,,0,0,0,0,,,,,,,,0,,0,,,,,,0,,0
1/13/20,WA,,,,0,,,,,0,,,,0,,,,,,,,0,0,,,,,,,,0,,0,,,,,,0,,0